MapLinkProApp/griddata/temperature/ASCII/cmems_mod_glo_phy-thetao_anfc_0,083deg_P1D-m_1702458667101_3,8.asc
ncols        121
nrows        120
xllcorner    -30.041666666667
yllcorner    40.041666655981
cellsize     0.083333333333
NODATA_value  9.9692099683868690468e+36
[rows 72 to 89 of 120, columns 40 to 79 of 121]
16.970766067504882813 16.957550048828125 16.937181472778320313 16.910736083984375 16.880464553833007813 16.850057601928710938 16.8184967041015625 16.784337997436523438 16.740503311157226563 16.689874649047851563 16.633584976196289063 16.576824188232421875 16.536916732788085938 16.522172927856445313 16.534173965454101563 16.5673675537109375 16.608522415161132813 16.65654754638671875 16.69355010986328125 16.678569793701171875 16.616464614868164063 16.54343414306640625 16.472394943237304688 16.416395187377929688 16.356290817260742188 16.262781143188476563 16.235721588134765625 16.319488525390625 16.327823638916015625 16.157995223999023438 15.993741989135742188 15.952030181884765625 15.946652412414550781 15.928342819213867188 15.926135063171386719 15.945536613464355469 15.980442047119140625 15.998946189880371094 16.006320953369140625 16.008441925048828125
16.788055419921875 16.775150299072265625 16.7505950927734375 16.719524383544921875 16.689273834228515625 16.666341781616210938 16.650096893310546875 16.639596939086914063 16.63060760498046875 16.620573043823242188 16.608076095581054688 16.591461181640625 16.576374053955078125 16.56525421142578125 16.568593978881835938 16.591053009033203125 16.626804351806640625 16.679073333740234375 16.729404449462890625 16.742431640625 16.716213226318359375 16.673444747924804688 16.629011154174804688 16.56739044189453125 16.462188720703125 16.33737945556640625 16.290584564208984375 16.345043182373046875 16.341672897338867188 16.16957855224609375 15.999509811401367188 15.955986976623535156 15.960627555847167969 15.964167594909667969 15.990126609802246094 16.013608932495117188 16.021200180053710938 16.010393142700195313 16.003480911254882813 16.002300262451171875
16.505247116088867188 16.496900558471679688 16.482812881469726563 16.468095779418945313 16.456861495971679688 16.451450347900390625 16.4487457275390625 16.446920394897460938 16.44684600830078125 16.44728851318359375 16.44705963134765625 16.4490203857421875 16.4527130126953125 16.459819793701171875 16.478359222412109375 16.516706466674804688 16.580621719360351563 16.664363861083984375 16.7378387451171875 16.772161483764648438 16.768114089965820313 16.743783950805664063 16.705865859985351563 16.633443832397460938 16.5203704833984375 16.408231735229492188 16.360273361206054688 16.3836669921875 16.356359481811523438 16.191448211669921875 16.027406692504882813 15.983693122863769531 16.001270294189453125 16.013086318969726563 16.022779464721679688 16.009309768676757813 15.970116615295410156 15.947702407836914063 15.946265220642089844 15.948930740356445313
16.358194351196289063 16.354984283447265625 16.357496261596679688 16.364166259765625 16.37109375 16.375335693359375 16.375791549682617188 16.370248794555664063 16.360382080078125 16.348859786987304688 16.3352508544921875 16.33005523681640625 16.335424423217773438 16.344837188720703125 16.36644744873046875 16.423219680786132813 16.5239105224609375 16.6427459716796875 16.73966217041015625 16.790676116943359375 16.795625686645507813 16.770784378051757813 16.725635528564453125 16.65242767333984375 16.55541229248046875 16.464649200439453125 16.419200897216796875 16.416046142578125 16.3632354736328125 16.206844329833984375 16.057027816772460938 16.014858245849609375 16.0359344482421875 16.039188385009765625 16.011873245239257813 15.958006858825683594 15.912804603576660156 15.904515266418457031 15.911540031433105469 15.915609359741210938
16.35216522216796875 16.370462417602539063 16.400211334228515625 16.4304656982421875 16.457002639770507813 16.476627349853515625 16.484344482421875 16.473733901977539063 16.4491424560546875 16.420782089233398438 16.3916778564453125 16.3721466064453125 16.36328125 16.36360931396484375 16.384037017822265625 16.444858551025390625 16.549991607666015625 16.670946121215820313 16.766582489013671875 16.81113433837890625 16.807107925415039063 16.7722320556640625 16.714315414428710938 16.633798599243164063 16.54572296142578125 16.479299545288085938 16.453638076782226563 16.440774917602539063 16.357000350952148438 16.199876785278320313 16.070018768310546875 16.033365249633789063 16.045551300048828125 16.035676956176757813 15.987094879150390625 15.927074432373046875 15.902912139892578125 15.904622077941894531 15.91088104248046875 15.916794776916503906
16.405282974243164063 16.453586578369140625 16.516811370849609375 16.578264236450195313 16.634271621704101563 16.674259185791015625 16.688852310180664063 16.676218032836914063 16.644582748413085938 16.60770416259765625 16.565061569213867188 16.524858474731445313 16.4933929443359375 16.479909896850585938 16.503582000732421875 16.560007095336914063 16.640249252319335938 16.733715057373046875 16.806158065795898438 16.829044342041015625 16.804235458374023438 16.747976303100585938 16.674976348876953125 16.600568771362304688 16.5426177978515625 16.507009506225585938 16.47902679443359375 16.419782638549804688 16.304086685180664063 16.170198440551757813 16.078359603881835938 16.049150466918945313 16.04913330078125 16.024570465087890625 15.970829963684082031 15.931303977966308594 15.927881240844726563 15.925261497497558594 15.915463447570800781 15.912945747375488281
16.526647567749023438 16.589786529541015625 16.671728134155273438 16.762819290161132813 16.83483123779296875 16.873403549194335938 16.874475479125976563 16.848119735717773438 16.810453414916992188 16.7680816650390625 16.720067977905273438 16.676807403564453125 16.63939666748046875 16.629781723022460938 16.662488937377929688 16.711795806884765625 16.762948989868164063 16.815765380859375 16.851003646850585938 16.844068527221679688 16.78467559814453125 16.694948196411132813 16.617399215698242188 16.566461563110351563 16.526624679565429688 16.478780746459960938 16.411710739135742188 16.322834014892578125 16.2262420654296875 16.145336151123046875 16.089580535888671875 16.067138671875 16.050516128540039063 16.011228561401367188 15.968209266662597656 15.953763961791992188 15.953932762145996094 15.943983078002929688 15.931283950805664063 15.916622161865234375
16.610576629638671875 16.680597305297851563 16.771694183349609375 16.859689712524414063 16.918664932250976563 16.936704635620117188 16.928632736206054688 16.903537750244140625 16.873460769653320313 16.843812942504882813 16.815160751342773438 16.792963027954101563 16.78397369384765625 16.796291351318359375 16.82135009765625 16.845806121826171875 16.864643096923828125 16.870084762573242188 16.844333648681640625 16.77896881103515625 16.695135116577148438 16.619318008422851563 16.55904388427734375 16.508146286010742188 16.454214096069335938 16.392583847045898438 16.325136184692382813 16.254550933837890625 16.190196990966796875 16.137523651123046875 16.097234725952148438 16.072793960571289063 16.042842864990234375 16.005376815795898438 15.978539466857910156 15.968029022216796875 15.959767341613769531 15.954951286315917969 15.953904151916503906 15.936669349670410156
16.673871994018554688 16.73877716064453125 16.821641921997070313 16.893602371215820313 16.928705215454101563 16.9271240234375 16.911561965942382813 16.8979339599609375 16.89019012451171875 16.885181427001953125 16.879413604736328125 16.871503829956054688 16.865262985229492188 16.859022140502929688 16.846990585327148438 16.82492828369140625 16.790248870849609375 16.742540359497070313 16.682804107666015625 16.61708831787109375 16.5553436279296875 16.498071670532226563 16.444051742553710938 16.394456863403320313 16.34477996826171875 16.299100875854492188 16.25969696044921875 16.220232009887695313 16.183916091918945313 16.14762115478515625 16.114284515380859375 16.085237503051757813 16.051158905029296875 16.022899627685546875 16.000843048095703125 15.980754852294921875 15.980425834655761719 16.000810623168945313 16.010736465454101563 15.996626853942871094
16.678379058837890625 16.724750518798828125 16.797267913818359375 16.859615325927734375 16.881872177124023438 16.86386871337890625 16.8300323486328125 16.799953460693359375 16.77585601806640625 16.753009796142578125 16.731245040893554688 16.711591720581054688 16.6903076171875 16.668176651000976563 16.646144866943359375 16.621408462524414063 16.591419219970703125 16.556066513061523438 16.515520095825195313 16.471883773803710938 16.428270339965820313 16.386493682861328125 16.350740432739257813 16.319421768188476563 16.286773681640625 16.256586074829101563 16.231100082397460938 16.20864105224609375 16.188322067260742188 16.165187835693359375 16.13646697998046875 16.104036331176757813 16.06728363037109375 16.036378860473632813 16.00588226318359375 15.984455108642578125 15.982626914978027344 15.98650360107421875 15.962965965270996094 15.945433616638183594
16.670665740966796875 16.704526901245117188 16.758493423461914063 16.808183670043945313 16.821247100830078125 16.7947235107421875 16.750307083129882813 16.70600128173828125 16.670354843139648438 16.6366729736328125 16.609018325805664063 16.589200973510742188 16.571363449096679688 16.55310821533203125 16.5339508056640625 16.511783599853515625 16.4848480224609375 16.45854949951171875 16.433416366577148438 16.408447265625 16.384366989135742188 16.361822128295898438 16.342327117919921875 16.323312759399414063 16.303205490112304688 16.282300949096679688 16.261304855346679688 16.242845535278320313 16.223779678344726563 16.204702377319335938 16.182054519653320313 16.148366928100585938 16.104055404663085938 16.063310623168945313 16.02443695068359375 15.989968299865722656 15.95751953125 15.924404144287109375 15.882960319519042969 15.873425483703613281
16.627695083618164063 16.664030075073242188 16.700458526611328125 16.738626480102539063 16.750753402709960938 16.7264404296875 16.680395126342773438 16.633451461791992188 16.598264694213867188 16.5713043212890625 16.544933319091796875 16.524730682373046875 16.507783889770507813 16.491960525512695313 16.480098724365234375 16.470026016235351563 16.455753326416015625 16.43645477294921875 16.414651870727539063 16.392824172973632813 16.37267303466796875 16.351741790771484375 16.329824447631835938 16.312191009521484375 16.302671432495117188 16.298564910888671875 16.293645858764648438 16.286005020141601563 16.274705886840820313 16.256891250610351563 16.230558395385742188 16.199342727661132813 16.158700942993164063 16.107164382934570313 16.050577163696289063 15.992706298828125 15.937609672546386719 15.900626182556152344 15.893473625183105469 15.8963470458984375
16.583082199096679688 16.621364593505859375 16.644756317138671875 16.671762466430664063 16.68479156494140625 16.667169570922851563 16.6224822998046875 16.575666427612304688 16.535579681396484375 16.506361007690429688 16.477336883544921875 16.453584671020507813 16.438936233520507813 16.42856597900390625 16.418138504028320313 16.407655715942382813 16.393945693969726563 16.376186370849609375 16.356632232666015625 16.334856033325195313 16.311979293823242188 16.288402557373046875 16.268383026123046875 16.25850677490234375 16.260631561279296875 16.271270751953125 16.2832794189453125 16.291971206665039063 16.293878555297851563 16.286960601806640625 16.2675933837890625 16.238412857055664063 16.200170516967773438 16.146741867065429688 16.080348968505859375 16.015703201293945313 15.968359947204589844 15.95093536376953125 15.97212982177734375 15.959845542907714844
16.650072097778320313 16.64404296875 16.636354446411132813 16.644731521606445313 16.659027099609375 16.65430450439453125 16.616102218627929688 16.5686187744140625 16.527835845947265625 16.498514175415039063 16.477783203125 16.466419219970703125 16.464916229248046875 16.463739395141601563 16.456249237060546875 16.44382476806640625 16.4297332763671875 16.411468505859375 16.392812728881835938 16.372930526733398438 16.350259780883789063 16.32321929931640625 16.2928314208984375 16.2639923095703125 16.241546630859375 16.228973388671875 16.225940704345703125 16.230129241943359375 16.237163543701171875 16.244535446166992188 16.245264053344726563 16.236040115356445313 16.218151092529296875 16.18444061279296875 16.136724472045898438 16.088758468627929688 16.051851272583007813 16.033153533935546875 16.033853530883789063 15.983577728271484375
16.99451446533203125 16.959444046020507813 16.851926803588867188 16.724697113037109375 16.66239166259765625 16.657960891723632813 16.642766952514648438 16.604471206665039063 16.563953399658203125 16.537084579467773438 16.522928237915039063 16.516391754150390625 16.512857437133789063 16.50756072998046875 16.501554489135742188 16.506765365600585938 16.520223617553710938 16.531322479248046875 16.540422439575195313 16.545644760131835938 16.54010009765625 16.518117904663085938 16.480579376220703125 16.436491012573242188 16.400089263916015625 16.376260757446289063 16.356527328491210938 16.332698822021484375 16.302181243896484375 16.277980804443359375 16.267734527587890625 16.251955032348632813 16.225559234619140625 16.19527435302734375 16.158441543579101563 16.119989395141601563 16.0897369384765625 16.072134017944335938 16.05571746826171875 16.005521774291992188
17.181644439697265625 17.320384979248046875 17.3606719970703125 17.218969345092773438 16.891248703002929688 16.701702117919921875 16.66280364990234375 16.6478118896484375 16.61798095703125 16.585222244262695313 16.55902862548828125 16.53369903564453125 16.502002716064453125 16.475414276123046875 16.47129058837890625 16.494699478149414063 16.522821426391601563 16.541902542114257813 16.572343826293945313 16.623043060302734375 16.675306320190429688 16.71282958984375 16.7308349609375 16.730535507202148438 16.719152450561523438 16.703052520751953125 16.6710968017578125 16.606531143188476563 16.522359848022460938 16.461381912231445313 16.4481353759765625 16.455402374267578125 16.454721450805664063 16.441373825073242188 16.402589797973632813 16.340208053588867188 16.267137527465820313 16.21263885498046875 16.158084869384765625 16.228448867797851563
17.19585418701171875 17.387907028198242188 17.52005767822265625 17.607065200805664063 17.459003448486328125 17.046491622924804688 16.750822067260742188 16.66957855224609375 16.650365829467773438 16.619556427001953125 16.583911895751953125 16.547206878662109375 16.498645782470703125 16.449724197387695313 16.431781768798828125 16.447055816650390625 16.462413787841796875 16.45810699462890625 16.450199127197265625 16.457111358642578125 16.4972076416015625 16.578084945678710938 16.684629440307617188 16.788173675537109375 16.873121261596679688 16.938262939453125 16.977956771850585938 16.961238861083984375 16.86185455322265625 16.719905853271484375 16.6055145263671875 16.558256149291992188 16.563062667846679688 16.570329666137695313 16.54041290283203125 16.468791961669921875 16.367605209350585938 16.266199111938476563 16.294208526611328125 16.355951309204101563
17.550207138061523438 17.735193252563476563 17.796586990356445313 17.783786773681640625 17.788465499877929688 17.708385467529296875 17.334400177001953125 16.915800094604492188 16.70697021484375 16.651006698608398438 16.623201370239257813 16.5958404541015625 16.56154632568359375 16.513336181640625 16.471517562866210938 16.45944976806640625 16.476758956909179688 16.496805191040039063 16.504259109497070313 16.488964080810546875 16.447214126586914063 16.40711212158203125 16.396442413330078125 16.45055389404296875 16.556875228881835938 16.689344406127929688 16.84828948974609375 16.987421035766601563 17.05594635009765625 17.020437240600585938 16.8751983642578125 16.707326889038085938 16.613658905029296875 16.578948974609375 16.503702163696289063 16.38108062744140625 16.288488388061523438 16.301454544067382813 16.38344573974609375 16.265886306762695313
