MapLinkProApp/griddata/temperature/ASCII/cmems_mod_glo_phy-thetao_anfc_0,083deg_P1D-m_1702458667101_65,8.asc
ncols        121
nrows        120
xllcorner    -30.041666666667
yllcorner    40.041666655981
cellsize     0.083333333333
NODATA_value  9.9692099683868690468e+36
[rows 54 to 71 of 120, columns 40 to 79 of 121]
14.711528778076171875 14.812164306640625 14.852913856506347656 14.756621360778808594 14.517495155334472656 14.38649749755859375 14.577581405639648438 14.93425750732421875 15.232201576232910156 15.385685920715332031 15.357534408569335938 15.263379096984863281 15.2673797607421875 15.274006843566894531 15.20635223388671875 15.1643829345703125 15.064724922180175781 14.938478469848632813 14.868528366088867188 14.901941299438476563 15.049859046936035156 15.253728866577148438 15.397284507751464844 15.487702369689941406 15.643664360046386719 15.859465599060058594 15.996594429016113281 16.035602569580078125 16.021566390991210938 15.994914054870605469 15.997289657592773438 16.034502029418945313 16.07978057861328125 16.103082656860351563 16.090206146240234375 16.04886627197265625 15.998034477233886719 15.949343681335449219 15.915125846862792969 15.894715309143066406
14.78438568115234375 14.839101791381835938 14.902018547058105469 14.826567649841308594 14.577576637268066406 14.400697708129882813 14.51279449462890625 14.818384170532226563 15.107297897338867188 15.224446296691894531 15.154634475708007813 15.121000289916992188 15.238245010375976563 15.324591636657714844 15.344138145446777344 15.357550621032714844 15.245278358459472656 15.048257827758789063 14.881442070007324219 14.817037582397460938 14.893807411193847656 15.088682174682617188 15.273050308227539063 15.426748275756835938 15.650586128234863281 15.921230316162109375 16.065977096557617188 16.106657028198242188 16.102952957153320313 16.082338333129882813 16.083204269409179688 16.105936050415039063 16.134290695190429688 16.143041610717773438 16.130681991577148438 16.10164642333984375 16.067775726318359375 16.035703659057617188 16.010637283325195313 15.989945411682128906
14.850478172302246094 14.859067916870117188 14.956610679626464844 14.923474311828613281 14.662923812866210938 14.426730155944824219 14.445888519287109375 14.680271148681640625 14.941875457763671875 15.048127174377441406 15.002657890319824219 15.033185958862304688 15.204878807067871094 15.348676681518554688 15.433879852294921875 15.467954635620117188 15.354112625122070313 15.138306617736816406 14.938321113586425781 14.81064605712890625 14.811107635498046875 14.9678497314453125 15.189686775207519531 15.390605926513671875 15.6437225341796875 15.953101158142089844 16.12548065185546875 16.145887374877929688 16.133701324462890625 16.113172531127929688 16.098009109497070313 16.09844970703125 16.103199005126953125 16.095468521118164063 16.071758270263671875 16.039350509643554688 16.0087738037109375 15.9823455810546875 15.956480979919433594 15.940136909484863281
14.924188613891601563 14.896585464477539063 14.996307373046875 15.066906929016113281 14.851430892944335938 14.535700798034667969 14.414040565490722656 14.532684326171875 14.742644309997558594 14.847524642944335938 14.831032752990722656 14.891016960144042969 15.080804824829101563 15.27472686767578125 15.427634239196777344 15.471887588500976563 15.327698707580566406 15.102314949035644531 14.928841590881347656 14.820837020874023438 14.784422874450683594 14.87630462646484375 15.071483612060546875 15.300662994384765625 15.597400665283203125 15.942074775695800781 16.149715423583984375 16.1750030517578125 16.148233413696289063 16.113794326782226563 16.08332061767578125 16.0667266845703125 16.05080413818359375 16.029949188232421875 15.993526458740234375 15.953558921813964844 15.920314788818359375 15.896473884582519531 15.882979393005371094 15.895954132080078125
14.913209915161132813 14.922734260559082031 15.018829345703125 15.149886131286621094 15.06304168701171875 14.726810455322265625 14.465465545654296875 14.438367843627929688 14.574799537658691406 14.686675071716308594 14.691407203674316406 14.738200187683105469 14.91098785400390625 15.149781227111816406 15.370388984680175781 15.394732475280761719 15.168152809143066406 14.921731948852539063 14.819955825805664063 14.796395301818847656 14.774298667907714844 14.819795608520507813 14.993150711059570313 15.251364707946777344 15.578000068664550781 15.940981864929199219 16.174116134643554688 16.197521209716796875 16.149309158325195313 16.0860137939453125 16.0316925048828125 16.006893157958984375 15.988518714904785156 15.966200828552246094 15.924530982971191406 15.888917922973632813 15.866345405578613281 15.861539840698242188 15.879500389099121094 15.907814979553222656
14.996533393859863281 15.061234474182128906 15.121375083923339844 15.183452606201171875 15.203433990478515625 15.014956474304199219 14.699429512023925781 14.497507095336914063 14.487555503845214844 14.549637794494628906 14.563785552978515625 14.591620445251464844 14.747661590576171875 15.038969993591308594 15.293080329895019531 15.250499725341796875 14.960783958435058594 14.743248939514160156 14.717164993286132813 14.767292976379394531 14.778182029724121094 14.803101539611816406 14.957630157470703125 15.237043380737304688 15.584469795227050781 15.943764686584472656 16.182497024536132813 16.212078094482421875 16.15155792236328125 16.065090179443359375 15.995060920715332031 15.948400497436523438 15.925489425659179688 15.904096603393554688 15.880853652954101563 15.85955047607421875 15.85494232177734375 15.872099876403808594 15.899007797241210938 15.916589736938476563
15.156126976013183594 15.233814239501953125 15.2548828125 15.212454795837402344 15.17873382568359375 15.155445098876953125 15.023110389709472656 14.780454635620117188 14.5977630615234375 14.53411102294921875 14.505285263061523438 14.500964164733886719 14.646782875061035156 14.95806884765625 15.143239974975585938 14.990237236022949219 14.724804878234863281 14.616377830505371094 14.677791595458984375 14.784849166870117188 14.811733245849609375 14.817663192749023438 14.973714828491210938 15.280241966247558594 15.627644538879394531 15.973722457885742188 16.20611572265625 16.229274749755859375 16.152360916137695313 16.05667877197265625 15.984132766723632813 15.927613258361816406 15.889868736267089844 15.876147270202636719 15.86093902587890625 15.867581367492675781 15.877580642700195313 15.891472816467285156 15.893944740295410156 15.864777565002441406
15.334325790405273438 15.375088691711425781 15.402630805969238281 15.3486328125 15.21855926513671875 15.114333152770996094 15.042881965637207031 14.916120529174804688 14.76043701171875 14.634488105773925781 14.541584014892578125 14.49790191650390625 14.593994140625 14.807293891906738281 14.882668495178222656 14.7319793701171875 14.595701217651367188 14.61235809326171875 14.733139991760253906 14.852551460266113281 14.863832473754882813 14.858682632446289063 15.027577400207519531 15.339906692504882813 15.671907424926757813 16.003499984741210938 16.225378036499023438 16.239248275756835938 16.145597457885742188 16.047822952270507813 15.984161376953125 15.935996055603027344 15.894304275512695313 15.882145881652832031 15.873270034790039063 15.880621910095214844 15.885525703430175781 15.879834175109863281 15.856728553771972656 15.814997673034667969
15.40622711181640625 15.404689788818359375 15.409649848937988281 15.425052642822265625 15.402048110961914063 15.276044845581054688 15.076063156127929688 14.8963775634765625 14.781041145324707031 14.703104972839355469 14.611864089965820313 14.535604476928710938 14.565308570861816406 14.652597427368164063 14.642564773559570313 14.563024520874023438 14.573202133178710938 14.699973106384277344 14.861933708190917969 14.94709014892578125 14.92230224609375 14.918659210205078125 15.098402976989746094 15.403655052185058594 15.710864067077636719 16.033489227294921875 16.246829986572265625 16.251237869262695313 16.148591995239257813 16.04644775390625 15.988216400146484375 15.944391250610351563 15.909880638122558594 15.896543502807617188 15.883294105529785156 15.882338523864746094 15.880123138427734375 15.867644309997558594 15.847501754760742188 15.815300941467285156
15.46256256103515625 15.45572662353515625 15.4180908203125 15.384424209594726563 15.410845756530761719 15.4443206787109375 15.342423439025878906 15.095876693725585938 14.8380584716796875 14.668604850769042969 14.566682815551757813 14.511014938354492188 14.509055137634277344 14.513480186462402344 14.502288818359375 14.559667587280273438 14.739044189453125 14.941534042358398438 15.041670799255371094 15.036504745483398438 14.978589057922363281 14.99439239501953125 15.182352066040039063 15.462548255920410156 15.750933647155761719 16.06745147705078125 16.273702621459960938 16.273481369018554688 16.166027069091796875 16.0612945556640625 16.003635406494140625 15.96393585205078125 15.931315422058105469 15.911564826965332031 15.889971733093261719 15.878773689270019531 15.872621536254882813 15.859039306640625 15.838347434997558594 15.807654380798339844
15.52062225341796875 15.509350776672363281 15.452654838562011719 15.395400047302246094 15.397020339965820313 15.455179214477539063 15.460770606994628906 15.319117546081542969 15.060900688171386719 14.802234649658203125 14.614954948425292969 14.521686553955078125 14.4989776611328125 14.512359619140625 14.606775283813476563 14.81806182861328125 15.045446395874023438 15.153290748596191406 15.127996444702148438 15.058976173400878906 15.015377044677734375 15.066969871520996094 15.256899833679199219 15.514584541320800781 15.788211822509765625 16.095746994018554688 16.295656204223632813 16.288724899291992188 16.185461044311523438 16.086029052734375 16.0235748291015625 15.986075401306152344 15.952301979064941406 15.927936553955078125 15.902359962463378906 15.882275581359863281 15.869384765625 15.854170799255371094 15.829102516174316406 15.808300018310546875
15.558612823486328125 15.532834053039550781 15.474149703979492188 15.448472976684570313 15.478143692016601563 15.529718399047851563 15.547168731689453125 15.484666824340820313 15.343640327453613281 15.163434028625488281 15.002453804016113281 14.909838676452636719 14.894406318664550781 14.961870193481445313 15.090874671936035156 15.199635505676269531 15.232844352722167969 15.193179130554199219 15.120062828063964844 15.081528663635253906 15.101274490356445313 15.194793701171875 15.368187904357910156 15.585249900817871094 15.830158233642578125 16.124164581298828125 16.312961578369140625 16.297620773315429688 16.198299407958984375 16.104928970336914063 16.041339874267578125 16.002735137939453125 15.970717430114746094 15.942468643188476563 15.919795036315917969 15.892980575561523438 15.872200965881347656 15.854532241821289063 15.831064224243164063 15.81927490234375
15.545775413513183594 15.507809638977050781 15.473704338073730469 15.479207992553710938 15.515123367309570313 15.544667243957519531 15.546539306640625 15.517881393432617188 15.46707916259765625 15.406930923461914063 15.352323532104492188 15.313635826110839844 15.294445037841796875 15.286643028259277344 15.258093833923339844 15.210849761962890625 15.193896293640136719 15.201981544494628906 15.210444450378417969 15.246819496154785156 15.312391281127929688 15.404291152954101563 15.524872779846191406 15.670279502868652344 15.869561195373535156 16.139158248901367188 16.325979232788085938 16.307613372802734375 16.206762313842773438 16.120954513549804688 16.063556671142578125 16.022668838500976563 15.992376327514648438 15.964788436889648438 15.944635391235351563 15.922643661499023438 15.896857261657714844 15.872858047485351563 15.849111557006835938 15.835174560546875
15.586313247680664063 15.510939598083496094 15.464491844177246094 15.455785751342773438 15.457403182983398438 15.4405517578125 15.400721549987792969 15.351720809936523438 15.307539939880371094 15.274950981140136719 15.254903793334960938 15.237363815307617188 15.213230133056640625 15.196561813354492188 15.18799591064453125 15.192755699157714844 15.252329826354980469 15.34250640869140625 15.400495529174804688 15.450046539306640625 15.513701438903808594 15.581302642822265625 15.647824287414550781 15.727231979370117188 15.888058662414550781 16.13037872314453125 16.330066680908203125 16.32547760009765625 16.218828201293945313 16.122648239135742188 16.066965103149414063 16.03734588623046875 16.003438949584960938 15.975521087646484375 15.951382637023925781 15.933301925659179688 15.9124908447265625 15.886553764343261719 15.858506202697753906 15.840369224548339844
15.783573150634765625 15.71503448486328125 15.612099647521972656 15.518022537231445313 15.446864128112792969 15.389300346374511719 15.332465171813964844 15.271706581115722656 15.21453094482421875 15.164298057556152344 15.130690574645996094 15.119344711303710938 15.118190765380859375 15.143787384033203125 15.205937385559082031 15.299057960510253906 15.432911872863769531 15.562260627746582031 15.625720977783203125 15.653784751892089844 15.689726829528808594 15.723405838012695313 15.737250328063964844 15.776376724243164063 15.886941909790039063 16.0852813720703125 16.308624267578125 16.347902297973632813 16.245157241821289063 16.122049331665039063 16.050197601318359375 16.028356552124023438 16.006862640380859375 15.977709770202636719 15.947724342346191406 15.922513961791992188 15.898858070373535156 15.871300697326660156 15.852939605712890625 15.864072799682617188
15.770677566528320313 15.804934501647949219 15.818709373474121094 15.808633804321289063 15.7677764892578125 15.703932762145996094 15.632137298583984375 15.553310394287109375 15.48464202880859375 15.427427291870117188 15.37654876708984375 15.346621513366699219 15.347852706909179688 15.392148017883300781 15.474381446838378906 15.582324028015136719 15.717302322387695313 15.83702850341796875 15.881060600280761719 15.869256973266601563 15.863986968994140625 15.867830276489257813 15.844733238220214844 15.833151817321777344 15.880108833312988281 16.008428573608398438 16.2314453125 16.356248855590820313 16.285593032836914063 16.140298843383789063 16.039415359497070313 16.014682769775390625 15.998167037963867188 15.970947265625 15.933197021484375 15.893785476684570313 15.875298500061035156 15.879312515258789063 15.902858734130859375 15.952229499816894531
15.933592796325683594 15.919203758239746094 15.933293342590332031 15.960131645202636719 15.982622146606445313 15.985262870788574219 15.968865394592285156 15.927666664123535156 15.874882698059082031 15.820874214172363281 15.761880874633789063 15.715213775634765625 15.69036102294921875 15.696053504943847656 15.736535072326660156 15.808912277221679688 15.920886039733886719 16.039886474609375 16.092334747314453125 16.063982009887695313 16.020410537719726563 15.996190071105957031 15.951668739318847656 15.914339065551757813 15.928448677062988281 15.986440658569335938 16.15564727783203125 16.335988998413085938 16.308376312255859375 16.154529571533203125 16.036808013916015625 16.0105743408203125 15.991455078125 15.957342147827148438 15.920415878295898438 15.890623092651367188 15.896205902099609375 15.935284614562988281 15.984416007995605469 16.02252197265625
16.7208099365234375 16.685857772827148438 16.674327850341796875 16.67081451416015625 16.66417694091796875 16.646137237548828125 16.612743377685546875 16.560276031494140625 16.492895126342773438 16.409589767456054688 16.3108062744140625 16.207784652709960938 16.125570297241210938 16.089414596557617188 16.100887298583984375 16.164447784423828125 16.268178939819335938 16.376302719116210938 16.441148757934570313 16.4125518798828125 16.3251953125 16.24930572509765625 16.172735214233398438 16.114141464233398438 16.098772048950195313 16.08882904052734375 16.157899856567382813 16.311077117919921875 16.3193511962890625 16.159515380859375 16.029817581176757813 16.000720977783203125 15.978647232055664063 15.945506095886230469 15.92098236083984375 15.919956207275390625 15.955722808837890625 16.00078582763671875 16.020275115966796875 16.02071380615234375
