MapLinkProApp/griddata/temperature/ASCII/cmems_mod_glo_phy-thetao_anfc_0,083deg_P1D-m_1702458667101_3597,0.asc
ncols        121
nrows        120
xllcorner    -30.041666666667
yllcorner    40.041666655981
cellsize     0.083333333333
NODATA_value  9.9692099683868690468e+36
[rows 0 to 16 of 120, columns 37 to 73 of 121]
9.9692099683868690468e+36 2.5610957145690917969 9.9692099683868690468e+36 9.9692099683868690468e+36 2.4724276065826416016 2.4478862285614013672 2.4617998600006103516 2.4639260768890380859 2.4528641700744628906 2.43442535400390625 2.4462077617645263672 2.4526515007019042969 2.4493577480316162109 2.4605550765991210938 2.468349456787109375 9.9692099683868690468e+36 9.9692099683868690468e+36 2.4769504070281982422 9.9692099683868690468e+36 9.9692099683868690468e+36 9.9692099683868690468e+36 9.9692099683868690468e+36 9.9692099683868690468e+36 9.9692099683868690468e+36 9.9692099683868690468e+36 9.9692099683868690468e+36 9.9692099683868690468e+36 2.3350777626037597656 2.3219637870788574219 2.3082430362701416016 2.2918665409088134766 2.2762656211853027344 2.2778394222259521484 2.2994451522827148438 2.3017494678497314453 2.2987284660339355469 2.2896962165832519531
9.9692099683868690468e+36 9.9692099683868690468e+36 9.9692099683868690468e+36 9.9692099683868690468e+36 2.4550786018371582031 2.432224273681640625 2.4402561187744140625 2.4464166164398193359 2.4513266086578369141 2.4462537765502929688 2.4338133335113525391 2.4355683326721191406 2.4585287570953369141 2.4449436664581298828 2.5005867481231689453 9.9692099683868690468e+36 2.4344992637634277344 2.4316756725311279297 2.4945094585418701172 9.9692099683868690468e+36 9.9692099683868690468e+36 2.4671988487243652344 2.4774515628814697266 2.4524133205413818359 2.4169239997863769531 9.9692099683868690468e+36 9.9692099683868690468e+36 2.3469343185424804688 2.3169207572937011719 2.3037214279174804688 2.2892589569091796875 2.2750666141510009766 2.2717869281768798828 2.2865762710571289063 2.2926564216613769531 2.2966368198394775391 2.3028633594512939453
9.9692099683868690468e+36 2.4524278640747070313 9.9692099683868690468e+36 2.4591557979583740234 2.4476668834686279297 2.4487867355346679688 2.4595263004302978516 2.4542112350463867188 2.4364709854125976563 2.4337356090545654297 2.4309682846069335938 9.9692099683868690468e+36 9.9692099683868690468e+36 2.4104716777801513672 2.4821658134460449219 9.9692099683868690468e+36 9.9692099683868690468e+36 9.9692099683868690468e+36 2.4940192699432373047 2.4693419933319091797 2.4642777442932128906 2.4573433399200439453 2.4285724163055419922 2.4137938022613525391 2.3831324577331542969 2.3696122169494628906 2.3535659313201904297 2.3320093154907226563 2.3313443660736083984 2.3280127048492431641 2.3075299263000488281 2.2920045852661132813 2.2868320941925048828 2.2897980213165283203 2.2939283847808837891 2.3121037483215332031 2.3360431194305419922
2.4256350994110107422 2.4311826229095458984 2.4347777366638183594 2.4366998672485351563 2.4477849006652832031 2.4632258415222167969 2.4627871513366699219 2.4479148387908935547 2.4476566314697265625 2.4577367305755615234 2.4305961132049560547 9.9692099683868690468e+36 9.9692099683868690468e+36 2.3521649837493896484 2.3932452201843261719 2.4309265613555908203 2.4474561214447021484 2.4659750461578369141 2.4783787727355957031 2.4112002849578857422 2.4487321376800537109 2.445713043212890625 2.4058244228363037109 2.38803863525390625 2.3769392967224121094 2.3558349609375 2.3349280357360839844 2.3241302967071533203 2.3225791454315185547 2.3203780651092529297 2.3163576126098632813 2.3138496875762939453 2.3101034164428710938 2.3067171573638916016 2.3094131946563720703 2.3155994415283203125 2.3273587226867675781
9.9692099683868690468e+36 9.9692099683868690468e+36 9.9692099683868690468e+36 9.9692099683868690468e+36 9.9692099683868690468e+36 9.9692099683868690468e+36 9.9692099683868690468e+36 2.4660208225250244141 9.9692099683868690468e+36 9.9692099683868690468e+36 9.9692099683868690468e+36 9.9692099683868690468e+36 2.3705053329467773438 2.3513965606689453125 2.3426647186279296875 2.3631441593170166016 2.3823316097259521484 2.3839976787567138672 2.3924455642700195313 2.3790454864501953125 2.3940134048461914063 2.3865582942962646484 2.365619659423828125 2.3510406017303466797 2.3471724987030029297 2.3426413536071777344 2.3352665901184082031 2.3446631431579589844 2.3491072654724121094 2.3414938449859619141 2.3366665840148925781 2.3354008197784423828 2.331935882568359375 2.3309137821197509766 2.3286609649658203125 2.32422637939453125 2.3260812759399414063
9.9692099683868690468e+36 9.9692099683868690468e+36 9.9692099683868690468e+36 9.9692099683868690468e+36 9.9692099683868690468e+36 9.9692099683868690468e+36 9.9692099683868690468e+36 2.440826416015625 9.9692099683868690468e+36 9.9692099683868690468e+36 9.9692099683868690468e+36 9.9692099683868690468e+36 2.3403265476226806641 2.3490273952484130859 2.3504624366760253906 2.3281543254852294922 2.3432993888854980469 2.366596221923828125 2.3524441719055175781 2.3459224700927734375 2.3679604530334472656 2.3773207664489746094 2.3909146785736083984 2.4004254341125488281 2.4041047096252441406 2.4108679294586181641 2.4071023464202880859 2.4183685779571533203 2.4138333797454833984 2.411006927490234375 2.4000430107116699219 2.3731939792633056641 2.3552649021148681641 2.3505895137786865234 2.3543374538421630859 2.3677380084991455078 2.3748371601104736328
9.9692099683868690468e+36 9.9692099683868690468e+36 9.9692099683868690468e+36 9.9692099683868690468e+36 9.9692099683868690468e+36 9.9692099683868690468e+36 9.9692099683868690468e+36 9.9692099683868690468e+36 9.9692099683868690468e+36 9.9692099683868690468e+36 9.9692099683868690468e+36 9.9692099683868690468e+36 2.3334004878997802734 2.3488600254058837891 2.3661677837371826172 2.3919789791107177734 2.3792808055877685547 2.4325234889984130859 2.4209847450256347656 2.3998265266418457031 2.3724696636199951172 2.3932023048400878906 2.4025473594665527344 2.4126901626586914063 2.4276926517486572266 2.4466111660003662109 2.4725849628448486328 2.4589657783508300781 2.4423038959503173828 2.4360730648040771484 2.4125905036926269531 2.3913946151733398438 2.3836488723754882813 2.3727550506591796875 2.3741827011108398438 2.3824651241302490234 2.3920214176177978516
9.9692099683868690468e+36 9.9692099683868690468e+36 9.9692099683868690468e+36 9.9692099683868690468e+36 9.9692099683868690468e+36 9.9692099683868690468e+36 9.9692099683868690468e+36 9.9692099683868690468e+36 9.9692099683868690468e+36 9.9692099683868690468e+36 9.9692099683868690468e+36 9.9692099683868690468e+36 2.3354468345642089844 2.3324267864227294922 2.3360559940338134766 2.4210193157196044922 9.9692099683868690468e+36 9.9692099683868690468e+36 9.9692099683868690468e+36 9.9692099683868690468e+36 2.3861157894134521484 9.9692099683868690468e+36 9.9692099683868690468e+36 2.4553720951080322266 2.4608199596405029297 2.4737184047698974609 2.4921391010284423828 2.4683976173400878906 2.4577009677886962891 2.4382543563842773438 2.4184522628784179688 2.4290938377380371094 2.4331285953521728516 2.4147365093231201172 2.4121289253234863281 2.4139766693115234375 2.4203526973724365234
2.5505719184875488281 9.9692099683868690468e+36 9.9692099683868690468e+36 9.9692099683868690468e+36 9.9692099683868690468e+36 9.9692099683868690468e+36 9.9692099683868690468e+36 9.9692099683868690468e+36 9.9692099683868690468e+36 9.9692099683868690468e+36 9.9692099683868690468e+36 9.9692099683868690468e+36 9.9692099683868690468e+36 2.3956768512725830078 9.9692099683868690468e+36 9.9692099683868690468e+36 9.9692099683868690468e+36 9.9692099683868690468e+36 9.9692099683868690468e+36 2.4580614566802978516 2.4624354839324951172 9.9692099683868690468e+36 9.9692099683868690468e+36 9.9692099683868690468e+36 2.5066061019897460938 2.4988138675689697266 2.5050158500671386719 2.5180301666259765625 2.5028758049011230469 2.4748570919036865234 2.4480724334716796875 2.4437315464019775391 2.4436311721801757813 2.4280371665954589844 2.4161224365234375 2.4132404327392578125 2.4138121604919433594
9.9692099683868690468e+36 9.9692099683868690468e+36 2.4834806919097900391 2.4731848239898681641 2.45885467529296875 2.4456701278686523438 2.4363954067230224609 2.4244565963745117188 9.9692099683868690468e+36 9.9692099683868690468e+36 2.4040598869323730469 9.9692099683868690468e+36 9.9692099683868690468e+36 9.9692099683868690468e+36 9.9692099683868690468e+36 9.9692099683868690468e+36 9.9692099683868690468e+36 9.9692099683868690468e+36 9.9692099683868690468e+36 2.5293653011322021484 2.5067839622497558594 2.5420160293579101563 2.5482640266418457031 2.5374324321746826172 2.5040433406829833984 2.459629058837890625 2.4384660720825195313 2.4582548141479492188 2.4556858539581298828 2.4448006153106689453 2.4372525215148925781 9.9692099683868690468e+36 9.9692099683868690468e+36 2.4242696762084960938 2.419292449951171875 2.4176688194274902344 2.4047334194183349609
9.9692099683868690468e+36 9.9692099683868690468e+36 2.4774260520935058594 2.4463589191436767578 2.4373171329498291016 2.4394781589508056641 2.4437971115112304688 9.9692099683868690468e+36 9.9692099683868690468e+36 9.9692099683868690468e+36 9.9692099683868690468e+36 9.9692099683868690468e+36 9.9692099683868690468e+36 9.9692099683868690468e+36 9.9692099683868690468e+36 9.9692099683868690468e+36 2.5098447799682617188 2.5204479694366455078 2.5317959785461425781 2.5620987415313720703 2.5447905063629150391 2.563869476318359375 2.5604014396667480469 2.5142006874084472656 2.4585168361663818359 2.4647526741027832031 2.4519741535186767578 2.46762847900390625 2.4734504222869873047 2.4589974880218505859 2.4445269107818603516 9.9692099683868690468e+36 9.9692099683868690468e+36 2.4236421585083007813 2.4201273918151855469 2.4187450408935546875 2.4080333709716796875
9.9692099683868690468e+36 9.9692099683868690468e+36 9.9692099683868690468e+36 9.9692099683868690468e+36 9.9692099683868690468e+36 9.9692099683868690468e+36 9.9692099683868690468e+36 9.9692099683868690468e+36 9.9692099683868690468e+36 9.9692099683868690468e+36 2.4600384235382080078 2.5074181556701660156 9.9692099683868690468e+36 9.9692099683868690468e+36 9.9692099683868690468e+36 9.9692099683868690468e+36 9.9692099683868690468e+36 9.9692099683868690468e+36 9.9692099683868690468e+36 9.9692099683868690468e+36 9.9692099683868690468e+36 2.6008875370025634766 2.5543467998504638672 2.5218882560729980469 2.4966242313385009766 2.4886417388916015625 2.4837245941162109375 9.9692099683868690468e+36 9.9692099683868690468e+36 2.4539048671722412109 2.4406986236572265625 9.9692099683868690468e+36 2.4460554122924804688 2.4335319995880126953 2.4290709495544433594 2.4302535057067871094 9.9692099683868690468e+36
9.9692099683868690468e+36 9.9692099683868690468e+36 9.9692099683868690468e+36 9.9692099683868690468e+36 9.9692099683868690468e+36 9.9692099683868690468e+36 9.9692099683868690468e+36 9.9692099683868690468e+36 9.9692099683868690468e+36 9.9692099683868690468e+36 2.4858357906341552734 2.5165996551513671875 9.9692099683868690468e+36 9.9692099683868690468e+36 9.9692099683868690468e+36 9.9692099683868690468e+36 9.9692099683868690468e+36 9.9692099683868690468e+36 9.9692099683868690468e+36 9.9692099683868690468e+36 9.9692099683868690468e+36 2.5615587234497070313 2.5217289924621582031 2.5316753387451171875 2.5274755954742431641 2.5117251873016357422 9.9692099683868690468e+36 9.9692099683868690468e+36 9.9692099683868690468e+36 2.443820953369140625 2.4324374198913574219 2.4217565059661865234 2.4221289157867431641 2.4164738655090332031 2.4023311138153076172 2.3991932868957519531 2.4042592048645019531
9.9692099683868690468e+36 9.9692099683868690468e+36 9.9692099683868690468e+36 9.9692099683868690468e+36 9.9692099683868690468e+36 9.9692099683868690468e+36 9.9692099683868690468e+36 9.9692099683868690468e+36 9.9692099683868690468e+36 9.9692099683868690468e+36 2.5207242965698242188 2.5169985294342041016 9.9692099683868690468e+36 9.9692099683868690468e+36 9.9692099683868690468e+36 9.9692099683868690468e+36 9.9692099683868690468e+36 9.9692099683868690468e+36 9.9692099683868690468e+36 9.9692099683868690468e+36 2.5886516571044921875 2.5320823192596435547 2.5429508686065673828 2.5428650379180908203 2.5357916355133056641 2.5211746692657470703 2.5004031658172607422 9.9692099683868690468e+36 9.9692099683868690468e+36 2.4379408359527587891 2.4203658103942871094 2.4208974838256835938 2.4268319606781005859 2.41841888427734375 2.4023823738098144531 2.3951847553253173828 2.3954536914825439453
9.9692099683868690468e+36 9.9692099683868690468e+36 9.9692099683868690468e+36 9.9692099683868690468e+36 9.9692099683868690468e+36 9.9692099683868690468e+36 9.9692099683868690468e+36 9.9692099683868690468e+36 9.9692099683868690468e+36 9.9692099683868690468e+36 2.5304989814758300781 9.9692099683868690468e+36 9.9692099683868690468e+36 9.9692099683868690468e+36 2.5234875679016113281 9.9692099683868690468e+36 9.9692099683868690468e+36 9.9692099683868690468e+36 9.9692099683868690468e+36 9.9692099683868690468e+36 2.5756618976593017578 2.5434460639953613281 9.9692099683868690468e+36 9.9692099683868690468e+36 9.9692099683868690468e+36 2.5009946823120117188 2.4672901630401611328 2.4671075344085693359 2.4586060047149658203 2.4397969245910644531 2.4347543716430664063 2.4399893283843994141 2.4407067298889160156 2.4263370037078857422 2.3984589576721191406 2.3815095424652099609 2.393932342529296875
9.9692099683868690468e+36 9.9692099683868690468e+36 9.9692099683868690468e+36 9.9692099683868690468e+36 9.9692099683868690468e+36 9.9692099683868690468e+36 9.9692099683868690468e+36 9.9692099683868690468e+36 9.9692099683868690468e+36 2.5090010166168212891 9.9692099683868690468e+36 9.9692099683868690468e+36 9.9692099683868690468e+36 2.542613983154296875 9.9692099683868690468e+36 9.9692099683868690468e+36 9.9692099683868690468e+36 9.9692099683868690468e+36 9.9692099683868690468e+36 9.9692099683868690468e+36 2.6024343967437744141 2.5310211181640625 9.9692099683868690468e+36 9.9692099683868690468e+36 9.9692099683868690468e+36 2.4709196090698242188 2.4630756378173828125 2.467487335205078125 2.4565753936767578125 2.4503724575042724609 2.4642696380615234375 2.4816622734069824219 9.9692099683868690468e+36 9.9692099683868690468e+36 2.4581837654113769531 2.3908779621124267578 2.3875124454498291016
9.9692099683868690468e+36 9.9692099683868690468e+36 9.9692099683868690468e+36 9.9692099683868690468e+36 9.9692099683868690468e+36 9.9692099683868690468e+36 9.9692099683868690468e+36 2.5423734188079833984 2.5181674957275390625 2.5023014545440673828 9.9692099683868690468e+36 9.9692099683868690468e+36 9.9692099683868690468e+36 9.9692099683868690468e+36 9.9692099683868690468e+36 2.5223493576049804688 2.5182054042816162109 2.55461883544921875 2.5543847084045410156 9.9692099683868690468e+36 2.5522859096527099609 2.5340611934661865234 2.5266883373260498047 2.496349334716796875 9.9692099683868690468e+36 2.4737575054168701172 9.9692099683868690468e+36 9.9692099683868690468e+36 9.9692099683868690468e+36 2.4615464210510253906 9.9692099683868690468e+36 9.9692099683868690468e+36 9.9692099683868690468e+36 9.9692099683868690468e+36 9.9692099683868690468e+36 9.9692099683868690468e+36 2.3788068294525146484
