MapLinkProApp/griddata/temperature/ASCII/cmems_mod_glo_phy-thetao_anfc_0,083deg_P1D-m_1702458667101_25,2.asc
ncols        121
nrows        120
xllcorner    -30.041666666667
yllcorner    40.041666655981
cellsize     0.083333333333
NODATA_value  9.9692099683868690468e+36
[rows 36 to 53 of 120, columns 40 to 79 of 121]
13.719588279724121094 13.525630950927734375 13.464476585388183594 13.495482444763183594 13.466783523559570313 13.430425643920898438 13.425118446350097656 13.550567626953125 13.894155502319335938 14.227308273315429688 14.447777748107910156 14.652575492858886719 14.786318778991699219 14.710020065307617188 14.519315719604492188 14.492741584777832031 14.65259552001953125 14.882788658142089844 15.040648460388183594 15.120383262634277344 15.169469833374023438 15.17800140380859375 15.148824691772460938 15.090733528137207031 14.917638778686523438 14.747321128845214844 14.655505180358886719 14.577324867248535156 14.453450202941894531 14.342318534851074219 14.274707794189453125 14.2222137451171875 14.18666839599609375 14.208109855651855469 14.3407440185546875 14.656205177307128906 14.92028045654296875 14.959283828735351563 14.888041496276855469 14.863808631896972656
13.556416511535644531 13.426794052124023438 13.378582954406738281 13.40489959716796875 13.446257591247558594 13.502122879028320313 13.590142250061035156 13.821390151977539063 14.150850296020507813 14.333971023559570313 14.494245529174804688 14.749493598937988281 14.860077857971191406 14.689540863037109375 14.46643829345703125 14.48308563232421875 14.672083854675292969 14.896611213684082031 15.043463706970214844 15.122508049011230469 15.179701805114746094 15.19007110595703125 15.150744438171386719 15.080967903137207031 14.919012069702148438 14.769042015075683594 14.692230224609375 14.611277580261230469 14.501447677612304688 14.402348518371582031 14.317389488220214844 14.243478775024414063 14.216837882995605469 14.253430366516113281 14.419789314270019531 14.752686500549316406 14.993948936462402344 15.01395416259765625 14.974412918090820313 15.025417327880859375
13.96695709228515625 13.865571022033691406 13.832697868347167969 13.790583610534667969 13.763043403625488281 13.727416038513183594 13.822591781616210938 14.119330406188964844 14.263953208923339844 14.29221343994140625 14.609599113464355469 14.923732757568359375 14.92160797119140625 14.620519638061523438 14.403171539306640625 14.460118293762207031 14.642792701721191406 14.855412483215332031 14.992351531982421875 15.067317962646484375 15.128916740417480469 15.148680686950683594 15.089255332946777344 15.005758285522460938 14.872376441955566406 14.764617919921875 14.712200164794921875 14.638463020324707031 14.5140838623046875 14.389288902282714844 14.294534683227539063 14.243618011474609375 14.242369651794433594 14.279187202453613281 14.474804878234863281 14.800951957702636719 15.03168487548828125 15.061783790588378906 15.049482345581054688 15.105959892272949219
14.248350143432617188 14.200110435485839844 14.076757431030273438 13.973279953002929688 13.827053070068359375 13.787607192993164063 14.009351730346679688 14.154974937438964844 14.092088699340820313 14.299097061157226563 14.826670646667480469 15.079119682312011719 14.912821769714355469 14.529150962829589844 14.364161491394042969 14.426978111267089844 14.574970245361328125 14.764546394348144531 14.892660140991210938 14.962390899658203125 15.019007682800292969 15.054290771484375 15.018823623657226563 14.956792831420898438 14.851934432983398438 14.794607162475585938 14.737825393676757813 14.592200279235839844 14.420680046081542969 14.307882308959960938 14.26385498046875 14.2494964599609375 14.244701385498046875 14.3446807861328125 14.591612815856933594 14.892674446105957031 15.091053009033203125 15.120121955871582031 15.121836662292480469 15.076373100280761719
14.244273185729980469 14.155949592590332031 14.0426483154296875 13.885399818420410156 13.750309944152832031 13.799204826354980469 13.899065017700195313 13.815586090087890625 13.887958526611328125 14.457604408264160156 15.040922164916992188 15.143803596496582031 14.853529930114746094 14.485233306884765625 14.373269081115722656 14.415104866027832031 14.509868621826171875 14.655976295471191406 14.771061897277832031 14.827182769775390625 14.87464141845703125 14.927289009094238281 14.930500030517578125 14.897137641906738281 14.843679428100585938 14.762205123901367188 14.632325172424316406 14.448544502258300781 14.322712898254394531 14.26454925537109375 14.237848281860351563 14.228524208068847656 14.293481826782226563 14.491723060607910156 14.76074981689453125 15.017073631286621094 15.151210784912109375 15.151751518249511719 15.115942001342773438 14.958334922790527344
14.140918731689453125 14.037491798400878906 13.875159263610839844 13.676167488098144531 13.567869186401367188 13.539751052856445313 13.503042221069335938 13.544426918029785156 14.003667831420898438 14.793469429016113281 15.232985496520996094 15.134783744812011719 14.798176765441894531 14.556644439697265625 14.497358322143554688 14.502414703369140625 14.529046058654785156 14.572115898132324219 14.60521697998046875 14.637391090393066406 14.623778343200683594 14.610116958618164063 14.643579483032226563 14.64182281494140625 14.599002838134765625 14.515587806701660156 14.399537086486816406 14.295130729675292969 14.240954399108886719 14.206838607788085938 14.207501411437988281 14.348642349243164063 14.562686920166015625 14.771645545959472656 14.996512413024902344 15.152040481567382813 15.189215660095214844 15.147007942199707031 14.9962310791015625 14.848597526550292969
13.944678306579589844 13.839966773986816406 13.667984962463378906 13.500557899475097656 13.413026809692382813 13.406632423400878906 13.439061164855957031 13.630499839782714844 14.250784873962402344 15.028256416320800781 15.302521705627441406 15.104182243347167969 14.858409881591796875 14.772263526916503906 14.744725227355957031 14.728364944458007813 14.717441558837890625 14.68811798095703125 14.59964752197265625 14.550767898559570313 14.550736427307128906 14.501965522766113281 14.384337425231933594 14.324510574340820313 14.289446830749511719 14.255146026611328125 14.217959403991699219 14.194463729858398438 14.17855072021484375 14.163769721984863281 14.239978790283203125 14.54441070556640625 14.817144393920898438 15.019463539123535156 15.152596473693847656 15.213898658752441406 15.209641456604003906 15.091617584228515625 14.87320709228515625 14.7784881591796875
13.838590621948242188 13.68213653564453125 13.564368247985839844 13.471997261047363281 13.437200546264648438 13.510172843933105469 13.612105369567871094 13.874171257019042969 14.539584159851074219 15.222708702087402344 15.370236396789550781 15.225932121276855469 15.204691886901855469 15.251506805419921875 15.227878570556640625 15.214075088500976563 15.154253005981445313 15.108067512512207031 15.004679679870605469 14.833124160766601563 14.636934280395507813 14.520190238952636719 14.461904525756835938 14.375919342041015625 14.295810699462890625 14.230127334594726563 14.182406425476074219 14.173265457153320313 14.164708137512207031 14.146581649780273438 14.296649932861328125 14.694570541381835938 14.992844581604003906 15.130107879638671875 15.221268653869628906 15.260951042175292969 15.221361160278320313 15.041016578674316406 14.823037147521972656 14.742612838745117188
13.975055694580078125 13.773296356201171875 13.658062934875488281 13.570736885070800781 13.602746963500976563 13.75772857666015625 13.862412452697753906 14.140719413757324219 14.819571495056152344 15.431033134460449219 15.595279693603515625 15.653188705444335938 15.816677093505859375 15.868424415588378906 15.852968215942382813 15.837316513061523438 15.7544097900390625 15.6605987548828125 15.554224014282226563 15.476285934448242188 15.352342605590820313 15.12482452392578125 14.812584877014160156 14.502955436706542969 14.327455520629882813 14.253489494323730469 14.210833549499511719 14.181675910949707031 14.15045166015625 14.157209396362304688 14.400681495666503906 14.813749313354492188 15.1317291259765625 15.26905059814453125 15.354516029357910156 15.366358757019042969 15.258044242858886719 15.029353141784667969 14.844282150268554688 14.767879486083984375
14.099362373352050781 13.8875579833984375 13.736177444458007813 13.705128669738769531 13.866810798645019531 14.030954360961914063 14.054169654846191406 14.336919784545898438 15.033560752868652344 15.625972747802734375 15.855034828186035156 15.965902328491210938 16.032838821411132813 15.966689109802246094 15.90831756591796875 15.89461517333984375 15.920798301696777344 15.916639328002929688 15.8728485107421875 15.801339149475097656 15.710968971252441406 15.615849494934082031 15.475481033325195313 15.234593391418457031 14.919108390808105469 14.590078353881835938 14.333892822265625 14.224599838256835938 14.178811073303222656 14.206232070922851563 14.489130020141601563 14.945623397827148438 15.2750396728515625 15.392215728759765625 15.39777374267578125 15.364432334899902344 15.255890846252441406 15.076090812683105469 14.92652130126953125 14.8390350341796875
14.10962677001953125 13.919910430908203125 13.919785499572753906 14.095279693603515625 14.277234077453613281 14.270638465881347656 14.185251235961914063 14.511516571044921875 15.223286628723144531 15.779496192932128906 15.989793777465820313 16.004955291748046875 15.921305656433105469 15.744748115539550781 15.622522354125976563 15.562490463256835938 15.513395309448242188 15.467289924621582031 15.4740753173828125 15.533803939819335938 15.628378868103027344 15.715671539306640625 15.765508651733398438 15.745812416076660156 15.627511978149414063 15.402632713317871094 15.074224472045898438 14.746393203735351563 14.450324058532714844 14.363183021545410156 14.590216636657714844 15.015619277954101563 15.307188987731933594 15.371897697448730469 15.26001739501953125 15.132954597473144531 15.038111686706542969 14.937293052673339844 14.867833137512207031 14.867997169494628906
14.121731758117675781 14.063558578491210938 14.220371246337890625 14.420428276062011719 14.45577239990234375 14.296927452087402344 14.20855712890625 14.604815483093261719 15.309543609619140625 15.817793846130371094 15.997910499572753906 15.95413970947265625 15.819081306457519531 15.677137374877929688 15.610452651977539063 15.5361480712890625 15.385097503662109375 15.214731216430664063 15.177525520324707031 15.221234321594238281 15.272901535034179688 15.324910163879394531 15.412207603454589844 15.561255455017089844 15.732300758361816406 15.821414947509765625 15.735579490661621094 15.407195091247558594 15.022142410278320313 14.667406082153320313 14.682613372802734375 15.028154373168945313 15.294717788696289063 15.370716094970703125 15.298531532287597656 15.200551033020019531 15.166166305541992188 15.164882659912109375 15.198904037475585938 15.276098251342773438
14.204715728759765625 14.23641204833984375 14.409472465515136719 14.52928924560546875 14.458042144775390625 14.26526641845703125 14.260036468505859375 14.686567306518554688 15.321002006530761719 15.788967132568359375 15.95461273193359375 15.878657341003417969 15.7340087890625 15.622331619262695313 15.541187286376953125 15.386034011840820313 15.139542579650878906 15.006196975708007813 15.0944671630859375 15.278453826904296875 15.445752143859863281 15.54601287841796875 15.5741119384765625 15.553277015686035156 15.5381317138671875 15.621074676513671875 15.759798049926757813 15.780948638916015625 15.598376274108886719 15.123414993286132813 14.807769775390625 14.903596878051757813 15.281504631042480469 15.485312461853027344 15.419510841369628906 15.314641952514648438 15.334698677062988281 15.412988662719726563 15.4989776611328125 15.577058792114257813
14.300419807434082031 14.374924659729003906 14.530049324035644531 14.568240165710449219 14.4335174560546875 14.284448623657226563 14.397088050842285156 14.789301872253417969 15.277326583862304688 15.669870376586914063 15.822548866271972656 15.765423774719238281 15.660234451293945313 15.580000877380371094 15.452242851257324219 15.18947601318359375 14.907132148742675781 14.948571205139160156 15.201498985290527344 15.47718048095703125 15.663432121276855469 15.753046035766601563 15.77918243408203125 15.779452323913574219 15.768013954162597656 15.739569664001464844 15.707516670227050781 15.702056884765625 15.722983360290527344 15.700615882873535156 15.488363265991210938 15.148533821105957031 15.053908348083496094 15.214437484741210938 15.428889274597167969 15.536355018615722656 15.586994171142578125 15.637112617492675781 15.672609329223632813 15.695775985717773438
14.371585845947265625 14.465424537658691406 14.594026565551757813 14.583829879760742188 14.415773391723632813 14.297770500183105469 14.476893424987792969 14.851227760314941406 15.251173973083496094 15.581377029418945313 15.719392776489257813 15.689579010009765625 15.616768836975097656 15.5223541259765625 15.341442108154296875 15.03973388671875 14.843890190124511719 14.97863006591796875 15.257584571838378906 15.52869415283203125 15.693577766418457031 15.739444732666015625 15.728567123413085938 15.718060493469238281 15.722470283508300781 15.746718406677246094 15.783420562744140625 15.809291839599609375 15.819405555725097656 15.757480621337890625 15.749781608581542969 15.622270584106445313 15.420744895935058594 15.2223052978515625 15.2093048095703125 15.291637420654296875 15.4148101806640625 15.504667282104492188 15.554670333862304688 15.555769920349121094
14.466541290283203125 14.569059371948242188 14.662923812866210938 14.611734390258789063 14.418696403503417969 14.296434402465820313 14.504961013793945313 14.879920005798339844 15.223963737487792969 15.493813514709472656 15.621285438537597656 15.61508941650390625 15.547018051147460938 15.437129974365234375 15.228726387023925781 14.947407722473144531 14.852011680603027344 14.945189476013183594 15.145394325256347656 15.355168342590332031 15.492158889770507813 15.545269012451171875 15.563801765441894531 15.574747085571289063 15.608690261840820313 15.647367477416992188 15.671103477478027344 15.699326515197753906 15.751497268676757813 15.81142425537109375 15.852626800537109375 15.821117401123046875 15.727712631225585938 15.570749282836914063 15.420838356018066406 15.352692604064941406 15.347962379455566406 15.3752899169921875 15.408822059631347656 15.426006317138671875
14.569757461547851563 14.680945396423339844 14.738760948181152344 14.650247573852539063 14.438732147216796875 14.320423126220703125 14.550750732421875 14.914256095886230469 15.191929817199707031 15.403070449829101563 15.533435821533203125 15.531904220581054688 15.445577621459960938 15.340709686279296875 15.142749786376953125 14.915827751159667969 14.865456581115722656 14.902891159057617188 15.041064262390136719 15.230807304382324219 15.396498680114746094 15.504790306091308594 15.56646728515625 15.6018829345703125 15.672418594360351563 15.767746925354003906 15.828814506530761719 15.835384368896484375 15.793109893798828125 15.760786056518554688 15.7980499267578125 15.866365432739257813 15.900218963623046875 15.859060287475585938 15.759987831115722656 15.654160499572753906 15.575995445251464844 15.532934188842773438 15.523386955261230469 15.531443595886230469
14.643077850341796875 14.751165390014648438 14.789677619934082031 14.688197135925292969 14.464244842529296875 14.355109214782714844 14.589179039001464844 14.954267501831054688 15.22507476806640625 15.414640426635742188 15.497159957885742188 15.433332443237304688 15.346040725708007813 15.279545783996582031 15.131723403930664063 14.991098403930664063 14.923043251037597656 14.902322769165039063 14.965987205505371094 15.091158866882324219 15.251534461975097656 15.394974708557128906 15.482995033264160156 15.528081893920898438 15.627100944519042969 15.787089347839355469 15.894370079040527344 15.940511703491210938 15.9367828369140625 15.89621734619140625 15.881425857543945313 15.920118331909179688 15.974204063415527344 15.992528915405273438 15.956255912780761719 15.88835906982421875 15.817651748657226563 15.760876655578613281 15.729369163513183594 15.719234466552734375
