MapLinkProApp/griddata/temperature/ASCII/cmems_mod_glo_phy-thetao_anfc_0,083deg_P1D-m_1702458667101_266,0.asc
ncols        121
nrows        120
xllcorner    -30.041666666667
yllcorner    40.041666655981
cellsize     0.083333333333
NODATA_value  9.9692099683868690468e+36
[rows 0 to 17 of 120, columns 0 to 39 of 121]
10.812834739685058594 10.834845542907714844 10.799229621887207031 10.770847320556640625 10.691480636596679688 10.777424812316894531 11.094957351684570313 11.337579727172851563 11.430012702941894531 11.552624702453613281 11.754057884216308594 11.924279212951660156 12.020755767822265625 11.982995986938476563 11.845538139343261719 11.720373153686523438 11.623873710632324219 11.523495674133300781 11.439480781555175781 11.363128662109375 11.305050849914550781 11.224825859069824219 11.195766448974609375 11.196905136108398438 11.122143745422363281 11.019595146179199219 10.838827133178710938 10.726429939270019531 10.572111129760742188 10.4216156005859375 10.280774116516113281 10.234274864196777344 10.213138580322265625 10.232281684875488281 10.294758796691894531 10.392040252685546875 10.560627937316894531 10.787468910217285156 10.869338035583496094 10.788229942321777344
10.800795555114746094 10.820066452026367188 10.825399398803710938 10.883174896240234375 10.811366081237792969 10.82894134521484375 11.031414031982421875 11.233109474182128906 11.284768104553222656 11.373650550842285156 11.557000160217285156 11.7422027587890625 11.858246803283691406 11.883512496948242188 11.823003768920898438 11.754305839538574219 11.717248916625976563 11.671525001525878906 11.595238685607910156 11.481203079223632813 11.366627693176269531 11.250642776489257813 11.183404922485351563 11.152436256408691406 11.17784881591796875 11.192534446716308594 11.137736320495605469 11.024270057678222656 10.884625434875488281 10.718237876892089844 10.582257270812988281 10.474045753479003906 10.43358612060546875 10.397863388061523438 10.432156562805175781 10.552397727966308594 10.754416465759277344 10.840181350708007813 10.710484504699707031 10.612841606140136719
10.767263412475585938 10.798921585083007813 10.939743995666503906 10.908612251281738281 10.876279830932617188 10.910821914672851563 11.067075729370117188 11.138957977294921875 11.120652198791503906 11.113724708557128906 11.161986351013183594 11.23528289794921875 11.307977676391601563 11.338029861450195313 11.31372833251953125 11.256753921508789063 11.202911376953125 11.183507919311523438 11.169116973876953125 11.097436904907226563 11.010361671447753906 10.921357154846191406 10.847611427307128906 10.8337860107421875 10.892708778381347656 11.017743110656738281 11.158040046691894531 11.254795074462890625 11.230997085571289063 11.070717811584472656 10.950177192687988281 10.818851470947265625 10.739872932434082031 10.647091865539550781 10.692377090454101563 10.813768386840820313 10.877925872802734375 10.731119155883789063 10.545258522033691406 10.558995246887207031
11.035881996154785156 10.941675186157226563 10.942360877990722656 10.94329833984375 10.952961921691894531 10.9700927734375 11.037313461303710938 11.066849708557128906 10.975296974182128906 10.911684036254882813 10.899927139282226563 10.909724235534667969 10.941834449768066406 10.973459243774414063 10.989427566528320313 10.957821846008300781 10.901632308959960938 10.918148994445800781 11.001138687133789063 11.038729667663574219 10.964661598205566406 10.828661918640136719 10.671174049377441406 10.55335235595703125 10.590699195861816406 10.707837104797363281 10.907170295715332031 11.170510292053222656 11.303233146667480469 11.262978553771972656 11.119807243347167969 11.027149200439453125 10.8840179443359375 10.8341064453125 10.865594863891601563 10.945561408996582031 10.878345489501953125 10.650631904602050781 10.475119590759277344 10.559495925903320313
10.932340621948242188 10.882457733154296875 10.939931869506835938 10.97246551513671875 10.991141319274902344 11.017791748046875 11.0369873046875 11.070895195007324219 11.020041465759277344 10.969803810119628906 10.946177482604980469 10.95543670654296875 10.987725257873535156 11.020605087280273438 11.033074378967285156 11.023851394653320313 11.0459442138671875 11.130205154418945313 11.189332008361816406 11.140236854553222656 10.939249038696289063 10.628423690795898438 10.357660293579101563 10.216135025024414063 10.263622283935546875 10.389264106750488281 10.628102302551269531 10.951951026916503906 11.255382537841796875 11.326264381408691406 11.262637138366699219 11.167425155639648438 11.048172950744628906 11.032110214233398438 11.0583648681640625 11.016589164733886719 10.77332305908203125 10.44879913330078125 10.28853607177734375 10.334105491638183594
10.693281173706054688 10.908235549926757813 11.14766693115234375 10.952048301696777344 10.914797782897949219 11.007907867431640625 11.00634002685546875 11.051180839538574219 11.049668312072753906 11.064442634582519531 11.056099891662597656 11.054752349853515625 11.092559814453125 11.132681846618652344 11.13188934326171875 11.128306388854980469 11.185115814208984375 11.269871711730957031 11.287589073181152344 11.180424690246582031 10.904664039611816406 10.520566940307617188 10.167573928833007813 10.002681732177734375 10.064324378967285156 10.26654052734375 10.516286849975585938 10.867036819458007813 11.243205070495605469 11.359956741333007813 11.350939750671386719 11.238872528076171875 11.191354751586914063 11.151381492614746094 11.116831779479980469 10.939103126525878906 10.593412399291992188 10.290390968322753906 10.134288787841796875 10.093938827514648438
11.1467437744140625 11.407968521118164063 11.320825576782226563 10.80568695068359375 10.7321624755859375 10.905591011047363281 10.944772720336914063 10.9770965576171875 10.970881462097167969 11.009130477905273438 11.057879447937011719 11.098238945007324219 11.146164894104003906 11.178922653198242188 11.191944122314453125 11.211794853210449219 11.252658843994140625 11.313124656677246094 11.354212760925292969 11.298534393310546875 11.066165924072265625 10.707036972045898438 10.346094131469726563 10.176790237426757813 10.242395401000976563 10.431427955627441406 10.661846160888671875 10.972636222839355469 11.251767158508300781 11.371770858764648438 11.348499298095703125 11.295406341552734375 11.27225494384765625 11.235027313232421875 11.084284782409667969 10.760170936584472656 10.408778190612792969 10.140483856201171875 9.9603872299194335938 9.8631963729858398438
11.824792861938476563 11.824900627136230469 11.602846145629882813 11.082041740417480469 10.7411041259765625 10.782540321350097656 10.901586532592773438 10.9163360595703125 10.881373405456542969 10.924521446228027344 10.999368667602539063 11.070805549621582031 11.14145660400390625 11.1904144287109375 11.211518287658691406 11.225813865661621094 11.252101898193359375 11.305025100708007813 11.369848251342773438 11.386974334716796875 11.29044342041015625 11.077379226684570313 10.73735809326171875 10.554997444152832031 10.588575363159179688 10.7895965576171875 11.006966590881347656 11.204242706298828125 11.351260185241699219 11.407071113586425781 11.358128547668457031 11.335379600524902344 11.358501434326171875 11.240995407104492188 10.932769775390625 10.577757835388183594 10.30701446533203125 10.068402290344238281 9.8808908462524414063 9.7822856903076171875
11.955812454223632813 11.904665946960449219 11.910250663757324219 11.712227821350097656 11.190455436706542969 10.8678436279296875 10.896165847778320313 10.952703475952148438 10.943316459655761719 10.986177444458007813 11.001381874084472656 10.990230560302734375 11.022487640380859375 11.082916259765625 11.104619979858398438 11.113986015319824219 11.155463218688964844 11.202883720397949219 11.299130439758300781 11.344130516052246094 11.360695838928222656 11.325135231018066406 11.122595787048339844 10.889491081237792969 10.795152664184570313 10.935276985168457031 11.145437240600585938 11.308162689208984375 11.373779296875 11.388723373413085938 11.326976776123046875 11.294793128967285156 11.213614463806152344 10.984211921691894531 10.677794456481933594 10.465331077575683594 10.295541763305664063 10.146525382995605469 10.036386489868164063 9.9485311508178710938
12.30406951904296875 12.225461959838867188 12.001864433288574219 11.951468467712402344 11.781492233276367188 11.300265312194824219 10.953693389892578125 10.979091644287109375 11.093685150146484375 11.173914909362792969 11.120812416076660156 10.966984748840332031 10.832856178283691406 10.82462310791015625 10.879755020141601563 10.911848068237304688 10.959743499755859375 11.012030601501464844 11.091000556945800781 11.190203666687011719 11.275610923767089844 11.405652046203613281 11.4803314208984375 11.39478302001953125 11.1456756591796875 10.986014366149902344 11.049254417419433594 11.189785957336425781 11.292738914489746094 11.317811965942382813 11.290017127990722656 11.148491859436035156 10.949652671813964844 10.756162643432617188 10.656108856201171875 10.5656890869140625 10.495691299438476563 10.417321205139160156 10.344767570495605469 10.263184547424316406
12.4246978759765625 12.440464973449707031 12.263914108276367188 12.074229240417480469 11.984325408935546875 11.617033004760742188 11.130038261413574219 11.035634994506835938 11.117554664611816406 11.199118614196777344 11.167169570922851563 11.018991470336914063 10.798696517944335938 10.64444732666015625 10.651178359985351563 10.741973876953125 10.832423210144042969 10.910328865051269531 10.972567558288574219 11.063899040222167969 11.155835151672363281 11.261220932006835938 11.38680267333984375 11.501459121704101563 11.502439498901367188 11.289752960205078125 11.106610298156738281 11.102240562438964844 11.197965621948242188 11.292328834533691406 11.265872001647949219 11.096568107604980469 10.867384910583496094 10.751893043518066406 10.733121871948242188 10.696333885192871094 10.631933212280273438 10.592316627502441406 10.54798126220703125 10.455174446105957031
12.478750228881835938 12.552026748657226563 12.55908966064453125 12.357135772705078125 12.188887596130371094 11.881604194641113281 11.363452911376953125 11.085498809814453125 11.040475845336914063 11.05883026123046875 11.086571693420410156 11.054650306701660156 10.927628517150878906 10.754771232604980469 10.653104782104492188 10.699840545654296875 10.81017303466796875 10.875229835510253906 10.935660362243652344 11.019285202026367188 11.131488800048828125 11.219531059265136719 11.278443336486816406 11.333749771118164063 11.440388679504394531 11.492608070373535156 11.373343467712402344 11.224735260009765625 11.222790718078613281 11.289250373840332031 11.298647880554199219 11.119204521179199219 10.8860321044921875 10.8257598876953125 10.805411338806152344 10.776033401489257813 10.706309318542480469 10.670283317565917969 10.578664779663085938 10.447813034057617188
12.54531097412109375 12.545647621154785156 12.612203598022460938 12.582976341247558594 12.416429519653320313 12.109706878662109375 11.586955070495605469 11.147782325744628906 10.970319747924804688 10.974440574645996094 11.005976676940917969 11.014073371887207031 10.989248275756835938 10.915003776550292969 10.808228492736816406 10.73737335205078125 10.721330642700195313 10.702193260192871094 10.786890029907226563 10.940976142883300781 11.110137939453125 11.247682571411132813 11.306132316589355469 11.319513320922851563 11.325205802917480469 11.413176536560058594 11.447060585021972656 11.3542327880859375 11.303509712219238281 11.322916984558105469 11.295429229736328125 11.15123748779296875 10.927764892578125 10.865151405334472656 10.813495635986328125 10.713364601135253906 10.624814987182617188 10.534543991088867188 10.385562896728515625 10.252471923828125
12.629916191101074219 12.620798110961914063 12.657245635986328125 12.663699150085449219 12.560434341430664063 12.32553863525390625 11.816061019897460938 11.289445877075195313 10.99187469482421875 10.882722854614257813 10.87789154052734375 10.903620719909667969 10.917870521545410156 10.859998703002929688 10.693432807922363281 10.513088226318359375 10.43170166015625 10.501458168029785156 10.757639884948730469 11.034159660339355469 11.222736358642578125 11.343424797058105469 11.429920196533203125 11.434833526611328125 11.370741844177246094 11.354331016540527344 11.36469268798828125 11.318106651306152344 11.306728363037109375 11.345256805419921875 11.264962196350097656 11.095515251159667969 10.918910026550292969 10.817532539367675781 10.739499092102050781 10.605738639831542969 10.422501564025878906 10.229084014892578125 10.049669265747070313 9.9362506866455078125
12.581258773803710938 12.631246566772460938 12.673639297485351563 12.734266281127929688 12.694295883178710938 12.552804946899414063 12.127638816833496094 11.518122673034667969 11.073878288269042969 10.870188713073730469 10.784868240356445313 10.710799217224121094 10.661809921264648438 10.589177131652832031 10.397200584411621094 10.200793266296386719 10.236300468444824219 10.584989547729492188 10.951706886291503906 11.042975425720214844 11.042450904846191406 11.131839752197265625 11.31182861328125 11.510165214538574219 11.5375823974609375 11.411658287048339844 11.361912727355957031 11.299896240234375 11.341426849365234375 11.29521942138671875 11.142889022827148438 10.9758758544921875 10.813295364379882813 10.708186149597167969 10.602037429809570313 10.427869796752929688 10.129657745361328125 9.8351078033447265625 9.6250123977661132813 9.5631694793701171875
12.536461830139160156 12.585176467895507813 12.643147468566894531 12.746057510375976563 12.760099411010742188 12.677332878112792969 12.352488517761230469 11.745706558227539063 11.136091232299804688 10.83879852294921875 10.753792762756347656 10.661645889282226563 10.5123291015625 10.349649429321289063 10.18280029296875 10.077635765075683594 10.230569839477539063 10.571888923645019531 10.7613067626953125 10.701801300048828125 10.640002250671386719 10.770696640014648438 11.047818183898925781 11.329464912414550781 11.513987541198730469 11.571928024291992188 11.409559249877929688 11.306483268737792969 11.204389572143554688 11.111536979675292969 11.001007080078125 10.796315193176269531 10.636602401733398438 10.504446983337402344 10.366646766662597656 10.135785102844238281 9.7446622848510742188 9.4769563674926757813 9.4946584701538085938 9.6434812545776367188
12.537631034851074219 12.562865257263183594 12.640645980834960938 12.765331268310546875 12.82147216796875 12.830294609069824219 12.633212089538574219 12.133607864379882813 11.44799041748046875 10.867870330810546875 10.5974884033203125 10.517305374145507813 10.422174453735351563 10.281259536743164063 10.146167755126953125 10.071695327758789063 10.135956764221191406 10.324275970458984375 10.486117362976074219 10.494313240051269531 10.501873016357421875 10.708551406860351563 11.051999092102050781 11.36284637451171875 11.571387290954589844 11.678478240966796875 11.654421806335449219 11.465786933898925781 11.191845893859863281 10.99231719970703125 10.778559684753417969 10.498653411865234375 10.303582191467285156 10.152155876159667969 9.9497976303100585938 9.6733264923095703125 9.3844709396362304688 9.4265804290771484375 9.6470584869384765625 9.786991119384765625
12.579027175903320313 12.590478897094726563 12.633989334106445313 12.762894630432128906 12.859864234924316406 12.90131378173828125 12.804234504699707031 12.421453475952148438 11.769898414611816406 11.096194267272949219 10.618357658386230469 10.415979385375976563 10.386845588684082031 10.338028907775878906 10.238154411315917969 10.201523780822753906 10.256404876708984375 10.389142990112304688 10.494032859802246094 10.468912124633789063 10.541192054748535156 10.825913429260253906 11.223993301391601563 11.552083969116210938 11.807536125183105469 11.873124122619628906 11.857318878173828125 11.744129180908203125 11.465165138244628906 11.151220321655273438 10.828374862670898438 10.416251182556152344 10.081826210021972656 9.8758287429809570313 9.6914005279541015625 9.4927930831909179688 9.389987945556640625 9.518566131591796875 9.7309207916259765625 9.8710718154907226563
