MapLinkProApp/griddata/temperature/ASCII/cmems_mod_glo_phy-thetao_anfc_0,083deg_P1D-m_1702458667101_21,6.asc
ncols        121
nrows        120
xllcorner    -30.041666666667
yllcorner    40.041666655981
cellsize     0.083333333333
NODATA_value  9.9692099683868690468e+36
[rows 0 to 17 of 120, columns 40 to 79 of 121]
12.138011932373046875 12.167607307434082031 12.190975189208984375 12.191740036010742188 12.172967910766601563 12.1436004638671875 12.110777854919433594 12.074366569519042969 12.037080764770507813 11.998867034912109375 11.930187225341796875 11.827676773071289063 11.712361335754394531 11.644354820251464844 11.655018806457519531 11.64110565185546875 11.659493446350097656 11.783366203308105469 11.889547348022460938 11.880214691162109375 11.762120246887207031 11.681406974792480469 11.689249992370605469 11.746623992919921875 11.80933380126953125 11.847682952880859375 11.849554061889648438 11.818338394165039063 11.779033660888671875 11.777576446533203125 11.8388214111328125 11.969376564025878906 12.154374122619628906 12.36038970947265625 12.548221588134765625 12.70308685302734375 12.83556365966796875 12.876057624816894531 12.899972915649414063 12.814113616943359375
12.107451438903808594 12.135293960571289063 12.182653427124023438 12.19362640380859375 12.16820526123046875 12.124537467956542969 12.077954292297363281 12.037656784057617188 12.005978584289550781 11.96312713623046875 11.890444755554199219 11.799852371215820313 11.714155197143554688 11.676012992858886719 11.66655731201171875 11.642260551452636719 11.674633979797363281 11.787007331848144531 11.872612953186035156 11.880716323852539063 11.810658454895019531 11.758994102478027344 11.766557693481445313 11.808160781860351563 11.837506294250488281 11.834422111511230469 11.797293663024902344 11.747338294982910156 11.736796379089355469 11.809963226318359375 11.964705467224121094 12.175074577331542969 12.41407012939453125 12.646573066711425781 12.836757659912109375 12.992678642272949219 13.094148635864257813 13.152130126953125 13.209481239318847656 13.173501014709472656
12.062145233154296875 12.14481353759765625 12.18267059326171875 12.169911384582519531 12.121204376220703125 12.061414718627929688 12.015746116638183594 11.986907958984375 11.964476585388183594 11.919749259948730469 11.854543685913085938 11.780759811401367188 11.709382057189941406 11.677539825439453125 11.655035018920898438 11.643347740173339844 11.689778327941894531 11.784153938293457031 11.852487564086914063 11.874295234680175781 11.859517097473144531 11.835497856140136719 11.825786590576171875 11.825496673583984375 11.81145477294921875 11.768296241760253906 11.714699745178222656 11.699832916259765625 11.772622108459472656 11.939844131469726563 12.161891937255859375 12.402161598205566406 12.627882003784179688 12.823132514953613281 12.973454475402832031 13.08176422119140625 13.18003082275390625 13.262606620788574219 13.326142311096191406 13.369312286376953125
12.056360244750976563 12.121715545654296875 12.119596481323242188 12.085370063781738281 12.032064437866210938 11.984944343566894531 11.957164764404296875 11.940893173217773438 11.915571212768554688 11.868814468383789063 11.811769485473632813 11.757305145263671875 11.710569381713867188 11.675698280334472656 11.645678520202636719 11.643136978149414063 11.682033538818359375 11.746346473693847656 11.791407585144042969 11.809365272521972656 11.809405326843261719 11.800902366638183594 11.784274101257324219 11.759930610656738281 11.718530654907226563 11.672391891479492188 11.657503128051757813 11.718771934509277344 11.879960060119628906 12.111143112182617188 12.351947784423828125 12.567179679870605469 12.732251167297363281 12.862367630004882813 12.96192169189453125 13.059432029724121094 13.211571693420410156 13.322890281677246094 13.378992080688476563 13.488150596618652344
11.964446067810058594 11.978754997253417969 11.958271026611328125 11.932589530944824219 11.909864425659179688 11.899542808532714844 11.892676353454589844 11.880360603332519531 11.849518775939941406 11.802557945251464844 11.752252578735351563 11.70854949951171875 11.675761222839355469 11.651021003723144531 11.623032569885253906 11.604146003723144531 11.602252960205078125 11.6135406494140625 11.623261451721191406 11.628592491149902344 11.627041816711425781 11.625280380249023438 11.621207237243652344 11.619299888610839844 11.624079704284667969 11.655705451965332031 11.734436988830566406 11.884020805358886719 12.094607353210449219 12.314283370971679688 12.500570297241210938 12.634509086608886719 12.717625617980957031 12.802931785583496094 12.891295433044433594 13.019062042236328125 13.227853775024414063 13.378190040588378906 13.465714454650878906 13.577456474304199219
11.870501518249511719 11.857158660888671875 11.828372955322265625 11.793200492858886719 11.776163101196289063 11.766336441040039063 11.750485420227050781 11.725126266479492188 11.701109886169433594 11.678445816040039063 11.664983749389648438 11.668303489685058594 11.677175521850585938 11.690993309020996094 11.707292556762695313 11.722669601440429688 11.739388465881347656 11.754536628723144531 11.766692161560058594 11.779163360595703125 11.789676666259765625 11.806833267211914063 11.831003189086914063 11.87277984619140625 11.934915542602539063 12.028688430786132813 12.153108596801757813 12.301115036010742188 12.446661949157714844 12.555797576904296875 12.620415687561035156 12.655303001403808594 12.693208694458007813 12.784673690795898438 12.899961471557617188 13.057896614074707031 13.284499168395996094 13.478853225708007813 13.634746551513671875 13.736781120300292969
11.77129364013671875 11.757584571838378906 11.734782218933105469 11.7129669189453125 11.718451499938964844 11.756674766540527344 11.826428413391113281 11.936795234680175781 11.983429908752441406 12.019236564636230469 12.096304893493652344 12.171235084533691406 12.249058723449707031 12.315392494201660156 12.367095947265625 12.411635398864746094 12.451381683349609375 12.486701011657714844 12.510157585144042969 12.525381088256835938 12.529179573059082031 12.530507087707519531 12.528955459594726563 12.534131050109863281 12.546206474304199219 12.571073532104492188 12.602864265441894531 12.635628700256347656 12.659372329711914063 12.67238616943359375 12.689775466918945313 12.724901199340820313 12.794155120849609375 12.913659095764160156 13.03992462158203125 13.194283485412597656 13.387918472290039063 13.572903633117675781 13.755449295043945313 13.837621688842773438
11.709196090698242188 11.695729255676269531 11.710178375244140625 11.779079437255859375 11.943470001220703125 12.172257423400878906 12.318386077880859375 12.539002418518066406 12.598489761352539063 12.603016853332519531 12.593935012817382813 12.562952041625976563 12.530971527099609375 12.539956092834472656 12.605854988098144531 12.713565826416015625 12.833474159240722656 12.941329002380371094 13.026856422424316406 13.081280708312988281 13.109766006469726563 13.113505363464355469 13.100301742553710938 13.0775909423828125 13.047001838684082031 13.016264915466308594 12.987187385559082031 12.9699554443359375 12.963271141052246094 12.968884468078613281 12.995817184448242188 13.042708396911621094 13.1124267578125 13.205868721008300781 13.298693656921386719 13.426594734191894531 13.573245048522949219 13.7339935302734375 13.891905784606933594 13.904169082641601563
11.688879013061523438 11.705324172973632813 11.78028106689453125 11.957132339477539063 12.242451667785644531 12.518673896789550781 12.61019134521484375 12.636702537536621094 12.57399749755859375 12.480543136596679688 12.411532402038574219 12.378211021423339844 12.44944000244140625 12.637003898620605469 12.900925636291503906 13.167647361755371094 13.396068572998046875 13.569028854370117188 13.689727783203125 13.761193275451660156 13.7953338623046875 13.795497894287109375 13.77346038818359375 13.735322952270507813 13.683134078979492188 13.62220001220703125 13.557448387145996094 13.501914024353027344 13.453513145446777344 13.417743682861328125 13.400644302368164063 13.399875640869140625 13.423319816589355469 13.46987152099609375 13.544322013854980469 13.666954994201660156 13.798497200012207031 13.934122085571289063 14.025506973266601563 13.936326980590820313
11.779778480529785156 11.771984100341796875 11.882094383239746094 12.1157684326171875 12.384024620056152344 12.565290451049804688 12.633392333984375 12.538630485534667969 12.315031051635742188 12.193915367126464844 12.207718849182128906 12.439950942993164063 12.828570365905761719 13.239129066467285156 13.603684425354003906 13.884364128112792969 14.082233428955078125 14.205356597900390625 14.268183708190917969 14.293278694152832031 14.302609443664550781 14.297159194946289063 14.288349151611328125 14.272488594055175781 14.249548912048339844 14.214390754699707031 14.169751167297363281 14.115721702575683594 14.052836418151855469 13.989573478698730469 13.927962303161621094 13.877612113952636719 13.849642753601074219 13.839016914367675781 13.878331184387207031 13.954458236694335938 14.039134979248046875 14.114574432373046875 14.065796852111816406 13.92072296142578125
11.863904953002929688 11.863965988159179688 11.988732337951660156 12.191883087158203125 12.413722038269042969 12.585741996765136719 12.600469589233398438 12.400089263916015625 12.167428970336914063 12.141693115234375 12.342148780822753906 12.827857017517089844 13.301306724548339844 13.707571029663085938 14.028088569641113281 14.245335578918457031 14.370538711547851563 14.391825675964355469 14.383378982543945313 14.365785598754882813 14.340053558349609375 14.321866035461425781 14.318211555480957031 14.324144363403320313 14.332653045654296875 14.337432861328125 14.331083297729492188 14.3091888427734375 14.278378486633300781 14.234949111938476563 14.18731689453125 14.145592689514160156 14.106568336486816406 14.093638420104980469 14.130675315856933594 14.178159713745117188 14.218583106994628906 14.175288200378417969 14.01441192626953125 13.880667686462402344
12.122429847717285156 12.209982872009277344 12.328242301940917969 12.45557403564453125 12.572663307189941406 12.624175071716308594 12.514120101928710938 12.242678642272949219 12.1380767822265625 12.313868522644042969 12.858608245849609375 13.37715911865234375 13.817166328430175781 14.166190147399902344 14.369802474975585938 14.421964645385742188 14.383028984069824219 14.309006690979003906 14.235042572021484375 14.1762237548828125 14.136811256408691406 14.139046669006347656 14.1771087646484375 14.230808258056640625 14.282728195190429688 14.325536727905273438 14.352355003356933594 14.365474700927734375 14.367994308471679688 14.35614013671875 14.332182884216308594 14.29986572265625 14.271808624267578125 14.266772270202636719 14.276292800903320313 14.28482818603515625 14.251987457275390625 14.105007171630859375 13.92227935791015625 13.7675628662109375
12.470347404479980469 12.528104782104492188 12.561982154846191406 12.594959259033203125 12.628796577453613281 12.562861442565917969 12.349699020385742188 12.172586441040039063 12.200908660888671875 12.733348846435546875 13.343309402465820313 13.82633209228515625 14.214519500732421875 14.429098129272460938 14.442050933837890625 14.356225967407226563 14.225686073303222656 14.117900848388671875 14.039475440979003906 13.989754676818847656 13.985774040222167969 14.027532577514648438 14.10422515869140625 14.198838233947753906 14.286585807800292969 14.357038497924804688 14.406609535217285156 14.435250282287597656 14.442337989807128906 14.430253982543945313 14.405333518981933594 14.37902069091796875 14.361689567565917969 14.357047080993652344 14.355349540710449219 14.3074798583984375 14.145958900451660156 13.920269966125488281 13.740509986877441406 13.651262283325195313
12.410904884338378906 12.356734275817871094 12.317785263061523438 12.325489997863769531 12.330063819885253906 12.282619476318359375 12.251221656799316406 12.231425285339355469 12.612806320190429688 13.259943008422851563 13.764775276184082031 14.170445442199707031 14.431632041931152344 14.471070289611816406 14.361042022705078125 14.212842941284179688 14.11418914794921875 14.053627967834472656 14.003981590270996094 13.975977897644042969 13.994050979614257813 14.057527542114257813 14.149822235107421875 14.261167526245117188 14.353924751281738281 14.417405128479003906 14.4401092529296875 14.435878753662109375 14.418401718139648438 14.398983955383300781 14.387429237365722656 14.387480735778808594 14.397428512573242188 14.403148651123046875 14.359318733215332031 14.211228370666503906 13.978671073913574219 13.769536018371582031 13.672347068786621094 13.717119216918945313
12.109925270080566406 12.11086273193359375 12.222097396850585938 12.315953254699707031 12.319854736328125 12.385715484619140625 12.394841194152832031 12.524000167846679688 13.173434257507324219 13.723073005676269531 14.1526641845703125 14.447015762329101563 14.512957572937011719 14.371109962463378906 14.201124191284179688 14.134392738342285156 14.128827095031738281 14.10381317138671875 14.047733306884765625 14.021707534790039063 14.04836273193359375 14.125691413879394531 14.229140281677246094 14.307261466979980469 14.342101097106933594 14.347070693969726563 14.342959403991699219 14.347573280334472656 14.364660263061523438 14.39295196533203125 14.425970077514648438 14.455420494079589844 14.458944320678710938 14.394495010375976563 14.230059623718261719 13.993848800659179688 13.781938552856445313 13.686937332153320313 13.736773490905761719 13.801687240600585938
12.192555427551269531 12.366968154907226563 12.542029380798339844 12.601053237915039063 12.600785255432128906 12.579535484313964844 12.556265830993652344 12.9314727783203125 13.545474052429199219 14.026618003845214844 14.366186141967773438 14.521759033203125 14.471815109252929688 14.267879486083984375 14.161137580871582031 14.168420791625976563 14.204349517822265625 14.165474891662597656 14.082703590393066406 14.058722496032714844 14.092237472534179688 14.155730247497558594 14.213788032531738281 14.249998092651367188 14.276960372924804688 14.313097000122070313 14.360898971557617188 14.409687042236328125 14.454682350158691406 14.49060821533203125 14.515858650207519531 14.514815330505371094 14.448206901550292969 14.287396430969238281 14.054506301879882813 13.827108383178710938 13.705251693725585938 13.740229606628417969 13.866677284240722656 13.922543525695800781
12.451709747314453125 12.661635398864746094 12.754439353942871094 12.762988090515136719 12.704329490661621094 12.601245880126953125 12.760918617248535156 13.438344001770019531 13.970127105712890625 14.327650070190429688 14.521077156066894531 14.5330810546875 14.356382369995117188 14.17194366455078125 14.1693267822265625 14.249322891235351563 14.296777725219726563 14.24925994873046875 14.147070884704589844 14.114426612854003906 14.139934539794921875 14.192798614501953125 14.263276100158691406 14.347218513488769531 14.43532562255859375 14.512619972229003906 14.559526443481445313 14.586173057556152344 14.595331192016601563 14.588724136352539063 14.554399490356445313 14.4644622802734375 14.305423736572265625 14.09345245361328125 13.878405570983886719 13.738621711730957031 13.741864204406738281 13.856968879699707031 13.932340621948242188 13.951589584350585938
12.557719230651855469 12.723429679870605469 12.786238670349121094 12.779059410095214844 12.702151298522949219 12.756460189819335938 13.252574920654296875 13.849030494689941406 14.245401382446289063 14.473821640014648438 14.56107330322265625 14.488412857055664063 14.281798362731933594 14.140237808227539063 14.202956199645996094 14.301123619079589844 14.361662864685058594 14.343714714050292969 14.251364707946777344 14.216851234436035156 14.25048828125 14.329608917236328125 14.441723823547363281 14.548096656799316406 14.625206947326660156 14.643626213073730469 14.643167495727539063 14.626729965209960938 14.601324081420898438 14.554608345031738281 14.460542678833007813 14.313199043273925781 14.125318527221679688 13.927631378173828125 13.771615028381347656 13.719884872436523438 13.791916847229003906 13.893955230712890625 13.909456253051757813 13.875388145446777344
