MapLinkProApp/griddata/temperature/ASCII/cmems_mod_glo_phy-thetao_anfc_0,083deg_P1D-m_1702458667101_130,7.asc
ncols        121
nrows        120
xllcorner    -30.041666666667
yllcorner    40.041666655981
cellsize     0.083333333333
NODATA_value  9.9692099683868690468e+36
[rows 72 to 89 of 120, columns 80 to 119 of 121]
14.871673583984375 14.975926399230957031 15.001806259155273438 15.014794349670410156 15.004128456115722656 14.969091415405273438 14.980642318725585938 14.963273048400878906 14.919194221496582031 14.911208152770996094 14.796259880065917969 14.624627113342285156 14.6626434326171875 14.778278350830078125 14.845869064331054688 14.709611892700195313 14.576658248901367188 14.514141082763671875 14.449065208435058594 14.418475151062011719 14.440401077270507813 14.447817802429199219 14.440258026123046875 14.469143867492675781 14.511082649230957031 14.376744270324707031 14.193972587585449219 14.328306198120117188 14.783076286315917969 15.172285079956054688 15.374872207641601563 15.362383842468261719 14.982121467590332031 14.704654693603515625 14.625896453857421875 14.504223823547363281 14.165065765380859375 13.768465042114257813 13.669158935546875 13.806233406066894531
14.743009567260742188 14.905572891235351563 14.923871040344238281 14.954123497009277344 14.94049835205078125 14.877285003662109375 14.791153907775878906 14.633274078369140625 14.544552803039550781 14.585662841796875 14.685894012451171875 14.882200241088867188 14.98770904541015625 15.069005012512207031 15.034803390502929688 14.811602592468261719 14.670316696166992188 14.646166801452636719 14.607010841369628906 14.557684898376464844 14.498436927795410156 14.429629325866699219 14.392636299133300781 14.343708038330078125 14.320307731628417969 14.405941009521484375 14.381190299987792969 14.206881523132324219 14.294474601745605469 14.546061515808105469 14.795365333557128906 14.7686614990234375 14.616695404052734375 14.599376678466796875 14.609879493713378906 14.552823066711425781 14.304745674133300781 13.947518348693847656 13.770998001098632813 13.827485084533691406
14.588412284851074219 14.745963096618652344 14.790861129760742188 14.827196121215820313 14.728902816772460938 14.647369384765625 14.462925910949707031 14.223638534545898438 14.116604804992675781 14.057895660400390625 14.030074119567871094 14.317116737365722656 14.641125679016113281 14.850176811218261719 14.899074554443359375 14.789607048034667969 14.712383270263671875 14.734624862670898438 14.735966682434082031 14.669495582580566406 14.578324317932128906 14.480628013610839844 14.361001968383789063 14.323778152465820313 14.253997802734375 14.209908485412597656 14.267643928527832031 14.25667572021484375 14.218272209167480469 14.285256385803222656 14.401708602905273438 14.442736625671386719 14.464697837829589844 14.514216423034667969 14.547589302062988281 14.470017433166503906 14.186471939086914063 13.854037284851074219 13.688859939575195313 13.72470855712890625
14.776806831359863281 14.833853721618652344 14.785449981689453125 14.701773643493652344 14.557837486267089844 14.39206695556640625 13.952422142028808594 13.510144233703613281 13.421177864074707031 13.418673515319824219 13.441493988037109375 13.629218101501464844 13.910830497741699219 14.219382286071777344 14.429051399230957031 14.4896087646484375 14.493289947509765625 14.53296661376953125 14.55463409423828125 14.518708229064941406 14.452490806579589844 14.389858245849609375 14.338624954223632813 14.331734657287597656 14.312064170837402344 14.286795616149902344 14.257785797119140625 14.219593048095703125 14.206187248229980469 14.238557815551757813 14.317971229553222656 14.374665260314941406 14.397412300109863281 14.444825172424316406 14.454958915710449219 14.355304718017578125 14.051772117614746094 13.747229576110839844 13.666895866394042969 13.751906394958496094
14.994384765625 14.869143486022949219 14.620052337646484375 14.502984046936035156 14.451541900634765625 14.104615211486816406 13.566583633422851563 13.26010894775390625 13.242830276489257813 13.305336952209472656 13.374637603759765625 13.295340538024902344 13.261091232299804688 13.482023239135742188 13.733283042907714844 13.818248748779296875 13.879312515258789063 13.963614463806152344 14.030356407165527344 14.051928520202636719 14.038109779357910156 14.010984420776367188 13.996685981750488281 14.019822120666503906 14.1217803955078125 14.256603240966796875 14.26676177978515625 14.272456169128417969 14.298132896423339844 14.304509162902832031 14.367461204528808594 14.404127120971679688 14.4256591796875 14.34705352783203125 14.23616790771484375 14.103507041931152344 13.828754425048828125 13.575765609741210938 13.626718521118164063 13.700672149658203125
14.532725334167480469 14.637542724609375 14.573431015014648438 14.445834159851074219 14.165339469909667969 13.713354110717773438 13.460524559020996094 13.389287948608398438 13.3866424560546875 13.438225746154785156 13.446961402893066406 13.433224678039550781 13.305965423583984375 13.160078048706054688 13.160795211791992188 13.160428047180175781 13.209118843078613281 13.298059463500976563 13.359545707702636719 13.378925323486328125 13.366994857788085938 13.355093002319335938 13.359424591064453125 13.419488906860351563 13.60903167724609375 13.815145492553710938 13.929256439208984375 14.048677444458007813 14.125721931457519531 14.115234375 14.155589103698730469 14.149303436279296875 14.103741645812988281 13.947745323181152344 13.844380378723144531 13.772442817687988281 13.592595100402832031 13.392546653747558594 13.474042892456054688 13.581914901733398438
13.618166923522949219 13.600123405456542969 13.599711418151855469 13.613509178161621094 13.510951995849609375 13.399744987487792969 13.385379791259765625 13.416551589965820313 13.448872566223144531 13.487939834594726563 13.418912887573242188 13.304083824157714844 13.207491874694824219 13.089822769165039063 13.011554718017578125 13.005044937133789063 13.022742271423339844 13.034702301025390625 13.043958663940429688 13.036752700805664063 13.02837371826171875 13.0322723388671875 13.036517143249511719 13.078625679016113281 13.181590080261230469 13.280355453491210938 13.4035491943359375 13.552793502807617188 13.639539718627929688 13.662580490112304688 13.71533203125 13.741805076599121094 13.684238433837890625 13.610606193542480469 13.654554367065429688 13.614321708679199219 13.480385780334472656 13.354203224182128906 13.461270332336425781 13.590879440307617188
13.398465156555175781 13.349370002746582031 13.349711418151855469 13.313155174255371094 13.294597625732421875 13.358861923217773438 13.474240303039550781 13.502875328063964844 13.518301963806152344 13.508172035217285156 13.376590728759765625 13.237493515014648438 13.149134635925292969 13.094040870666503906 13.10041046142578125 13.126093864440917969 13.162304878234863281 13.169955253601074219 13.159951210021972656 13.152354240417480469 13.142080307006835938 13.119921684265136719 13.086206436157226563 13.057260513305664063 13.046141624450683594 13.067621231079101563 13.116745948791503906 13.175670623779296875 13.234686851501464844 13.297254562377929688 13.344561576843261719 13.371839523315429688 13.349485397338867188 13.380847930908203125 13.441651344299316406 13.322925567626953125 13.308129310607910156 13.396510124206542969 13.55055999755859375 13.661547660827636719
13.496381759643554688 13.356847763061523438 13.383516311645507813 13.430460929870605469 13.523335456848144531 13.611458778381347656 13.64154815673828125 13.55196380615234375 13.528043746948242188 13.55345916748046875 13.431746482849121094 13.2685089111328125 13.211731910705566406 13.251269340515136719 13.333847999572753906 13.398107528686523438 13.455052375793457031 13.508878707885742188 13.544405937194824219 13.552976608276367188 13.540053367614746094 13.50366973876953125 13.448398590087890625 13.362546920776367188 13.281091690063476563 13.199518203735351563 13.152703285217285156 13.139447212219238281 13.155446052551269531 13.187642097473144531 13.214457511901855469 13.263866424560546875 13.319423675537109375 13.457903861999511719 13.370720863342285156 13.195552825927734375 13.400271415710449219 13.590369224548339844 13.714137077331542969 13.723773002624511719
14.256848335266113281 13.814083099365234375 13.646453857421875 13.613643646240234375 13.645941734313964844 13.660106658935546875 13.668741226196289063 13.611130714416503906 13.583860397338867188 13.661139488220214844 13.61977386474609375 13.521366119384765625 13.586215019226074219 13.705138206481933594 13.772208213806152344 13.810505867004394531 13.814141273498535156 13.793646812438964844 13.777360916137695313 13.7916107177734375 13.79883575439453125 13.826505661010742188 13.880606651306152344 13.904896736145019531 13.916382789611816406 13.86943817138671875 13.801405906677246094 13.736833572387695313 13.6781463623046875 13.666528701782226563 13.680954933166503906 13.729803085327148438 13.787257194519042969 13.815868377685546875 13.747170448303222656 13.828626632690429688 14.062464714050292969 14.097185134887695313 13.979154586791992188 13.908817291259765625
14.526584625244140625 14.464373588562011719 14.294699668884277344 14.058285713195800781 13.944222450256347656 13.843218803405761719 13.636853218078613281 13.589690208435058594 13.654389381408691406 13.7406463623046875 13.780458450317382813 13.773209571838378906 13.802245140075683594 13.846314430236816406 13.803570747375488281 13.622545242309570313 13.495800018310546875 13.367105484008789063 13.306802749633789063 13.308404922485351563 13.29332733154296875 13.240544319152832031 13.242055892944335938 13.370531082153320313 13.586832046508789063 13.800974845886230469 13.9325714111328125 13.999158859252929688 14.023502349853515625 14.035711288452148438 14.048441886901855469 14.075489044189453125 14.117303848266601563 14.159628868103027344 14.190527915954589844 14.252140045166015625 14.238689422607421875 14.115050315856933594 13.96331787109375 13.909874916076660156
14.412632942199707031 14.417205810546875 14.341783523559570313 14.205058097839355469 14.103003501892089844 14.033779144287109375 13.961682319641113281 13.777905464172363281 13.605439186096191406 13.5923614501953125 13.7215118408203125 13.848517417907714844 13.828902244567871094 13.784682273864746094 13.722875595092773438 13.523469924926757813 13.308920860290527344 13.249340057373046875 13.272169113159179688 13.312605857849121094 13.346370697021484375 13.245639801025390625 13.065888404846191406 12.921754837036132813 12.930085182189941406 13.110239028930664063 13.3604583740234375 13.53069305419921875 13.652913093566894531 13.742152214050292969 13.763459205627441406 13.71038055419921875 13.654807090759277344 13.574343681335449219 13.545670509338378906 13.65042877197265625 13.770350456237792969 13.795115470886230469 13.713226318359375 13.757244110107421875
14.487784385681152344 14.461950302124023438 14.360492706298828125 14.227843284606933594 14.0151214599609375 13.946114540100097656 13.83129119873046875 13.944871902465820313 13.894204139709472656 13.666914939880371094 13.571591377258300781 13.578662872314453125 13.612176895141601563 13.6068115234375 13.527308464050292969 13.382833480834960938 13.279815673828125 13.233473777770996094 13.244063377380371094 13.280163764953613281 13.298871994018554688 13.280180931091308594 13.169645309448242188 13.031607627868652344 12.923725128173828125 12.892068862915039063 12.931782722473144531 13.016183853149414063 13.123689651489257813 13.207924842834472656 13.246735572814941406 13.275797843933105469 13.274980545043945313 13.229182243347167969 13.1750946044921875 13.125818252563476563 13.150643348693847656 13.1551513671875 13.113122940063476563 13.230671882629394531
14.563323020935058594 14.509876251220703125 14.403738021850585938 14.253774642944335938 14.165090560913085938 14.067074775695800781 14.031641960144042969 13.873394012451171875 13.954075813293457031 13.865564346313476563 13.623998641967773438 13.366532325744628906 13.304942131042480469 13.351185798645019531 13.346514701843261719 13.296072959899902344 13.253210067749023438 13.231480598449707031 13.217499732971191406 13.232708930969238281 13.212041854858398438 13.187192916870117188 13.130698204040527344 13.060222625732421875 12.991808891296386719 12.979846000671386719 12.983056068420410156 12.963610649108886719 12.964750289916992188 12.975536346435546875 12.998353958129882813 13.049474716186523438 13.082190513610839844 13.044338226318359375 13.036244392395019531 13.071358680725097656 13.090087890625 13.071321487426757813 13.054291725158691406 13.004189491271972656
14.522782325744628906 14.38956451416015625 14.222917556762695313 14.118447303771972656 14.142256736755371094 13.975251197814941406 14.092206954956054688 13.928035736083984375 13.949047088623046875 13.938031196594238281 13.686104774475097656 13.455035209655761719 13.229112625122070313 13.211863517761230469 13.280486106872558594 13.2726287841796875 13.247180938720703125 13.268172264099121094 13.225767135620117188 13.206089019775390625 13.23321533203125 13.196318626403808594 13.10919189453125 13.069527626037597656 13.042914390563964844 13.035107612609863281 13.06432342529296875 13.067336082458496094 13.061727523803710938 13.049663543701171875 13.034847259521484375 13.042097091674804688 13.054564476013183594 13.104437828063964844 13.193523406982421875 13.246084213256835938 13.284739494323730469 13.322491645812988281 13.308658599853515625 13.227356910705566406
14.295322418212890625 14.163575172424316406 14.167056083679199219 14.215489387512207031 14.248483657836914063 14.30124664306640625 14.430819511413574219 14.285203933715820313 14.157909393310546875 14.089643478393554688 13.817844390869140625 13.505442619323730469 13.224774360656738281 13.070057868957519531 13.065404891967773438 13.077141761779785156 13.1164398193359375 13.18822479248046875 13.197417259216308594 13.194475173950195313 13.232006072998046875 13.201239585876464844 13.111059188842773438 13.088466644287109375 13.130335807800292969 13.1607666015625 13.151103973388671875 13.20615386962890625 13.233219146728515625 13.181974411010742188 13.18792724609375 13.305359840393066406 13.337170600891113281 13.298979759216308594 13.321760177612304688 13.344274520874023438 13.3433685302734375 13.362267494201660156 13.374820709228515625 13.382142066955566406
14.051601409912109375 14.276937484741210938 14.290800094604492188 14.269934654235839844 14.343500137329101563 14.353199958801269531 14.373012542724609375 14.317331314086914063 14.239759445190429688 14.213255882263183594 13.962106704711914063 13.605071067810058594 13.261757850646972656 13.064600944519042969 13.035546302795410156 13.043278694152832031 13.138707160949707031 13.224300384521484375 13.269104957580566406 13.310619354248046875 13.272657394409179688 13.152734756469726563 13.049526214599609375 13.174680709838867188 13.310544967651367188 13.344984054565429688 13.331288337707519531 13.360628128051757813 13.422407150268554688 13.426161766052246094 13.356034278869628906 13.341021537780761719 13.36309051513671875 13.393216133117675781 13.467016220092773438 13.444619178771972656 13.3775482177734375 13.362119674682617188 13.319916725158691406 13.32515716552734375
14.228991508483886719 14.265759468078613281 14.178797721862792969 14.297525405883789063 14.349974632263183594 14.342186927795410156 14.268790245056152344 14.2543182373046875 14.273675918579101563 14.163129806518554688 13.865264892578125 13.591541290283203125 13.3218841552734375 13.219977378845214844 13.138654708862304688 13.188660621643066406 13.313734054565429688 13.337569236755371094 13.375788688659667969 13.273751258850097656 13.150879859924316406 12.999769210815429688 12.980474472045898438 13.261725425720214844 13.458232879638671875 13.359257698059082031 13.257407188415527344 13.293060302734375 13.487440109252929688 13.641791343688964844 13.618640899658203125 13.611082077026367188 13.641696929931640625 13.6253509521484375 13.645725250244140625 13.596686363220214844 13.528878211975097656 13.556644439697265625 13.456305503845214844 13.308782577514648438
