MapLinkProApp/griddata/temperature/ASCII/cmems_mod_glo_phy-thetao_anfc_0,083deg_P1D-m_1702458667101_3597,0.asc
ncols        121
nrows        120
xllcorner    -30.041666666667
yllcorner    40.041666655981
cellsize     0.083333333333
NODATA_value  9.9692099683868690468e+36
[rows 51 to 67 of 120, columns 74 to 110 of 121]
9.9692099683868690468e+36 9.9692099683868690468e+36 9.9692099683868690468e+36 9.9692099683868690468e+36 9.9692099683868690468e+36 9.9692099683868690468e+36 9.9692099683868690468e+36 2.36150360107421875 2.2985765933990478516 9.9692099683868690468e+36 9.9692099683868690468e+36 9.9692099683868690468e+36 2.2660183906555175781 2.24443817138671875 2.2167770862579345703 2.1959311962127685547 2.2021472454071044922 2.1998608112335205078 2.2103135585784912109 2.231403350830078125 2.2283103466033935547 9.9692099683868690468e+36 9.9692099683868690468e+36 2.2991995811462402344 2.3173162937164306641 2.3208060264587402344 2.3320593833923339844 2.3341660499572753906 2.3323185443878173828 2.3362991809844970703 2.3380320072174072266 2.336589813232421875 2.3503782749176025391 2.3605296611785888672 2.3492634296417236328 2.332187652587890625 2.3129796981811523438
9.9692099683868690468e+36 9.9692099683868690468e+36 9.9692099683868690468e+36 9.9692099683868690468e+36 9.9692099683868690468e+36 9.9692099683868690468e+36 9.9692099683868690468e+36 9.9692099683868690468e+36 2.3640525341033935547 2.3883569240570068359 9.9692099683868690468e+36 9.9692099683868690468e+36 2.3294219970703125 2.2971720695495605469 2.2676713466644287109 2.2356956005096435547 2.2117621898651123047 2.1897294521331787109 2.1789784431457519531 2.1940138339996337891 2.219974517822265625 2.2588694095611572266 2.3004186153411865234 2.3252038955688476563 2.3326499462127685547 2.3362982273101806641 2.3475105762481689453 2.3464653491973876953 2.3335790634155273438 2.3288881778717041016 2.3295164108276367188 2.3274846076965332031 2.3329803943634033203 2.3536267280578613281 2.3663606643676757813 2.3568849563598632813 2.3316521644592285156
9.9692099683868690468e+36 9.9692099683868690468e+36 9.9692099683868690468e+36 9.9692099683868690468e+36 9.9692099683868690468e+36 9.9692099683868690468e+36 9.9692099683868690468e+36 9.9692099683868690468e+36 9.9692099683868690468e+36 2.4184296131134033203 9.9692099683868690468e+36 9.9692099683868690468e+36 2.4087960720062255859 2.3857457637786865234 2.3236024379730224609 2.2623085975646972656 2.225109100341796875 2.2069768905639648438 2.2002077102661132813 2.2119967937469482422 2.2461435794830322266 2.2830405235290527344 2.30704498291015625 2.324459075927734375 2.3374361991882324219 2.3499944210052490234 2.3530569076538085938 2.3358712196350097656 2.3302330970764160156 2.3403844833374023438 2.3375856876373291016 2.3208363056182861328 2.3123309612274169922 2.3212871551513671875 2.3437814712524414063 2.3578615188598632813 2.3418130874633789063
9.9692099683868690468e+36 9.9692099683868690468e+36 9.9692099683868690468e+36 9.9692099683868690468e+36 9.9692099683868690468e+36 9.9692099683868690468e+36 9.9692099683868690468e+36 9.9692099683868690468e+36 2.5014438629150390625 2.3688335418701171875 9.9692099683868690468e+36 9.9692099683868690468e+36 2.3488888740539550781 2.3641774654388427734 2.3281831741333007813 2.2870633602142333984 2.2523946762084960938 2.2482957839965820313 2.2521216869354248047 2.2656214237213134766 2.2895517349243164063 2.3068940639495849609 2.3136694431304931641 2.3176674842834472656 2.3346371650695800781 2.3593299388885498047 2.3613231182098388672 2.3407523632049560547 2.3321058750152587891 2.3424072265625 2.3391892910003662109 2.3162469863891601563 2.3132684230804443359 2.3343036174774169922 2.3452537059783935547 2.3375828266143798828 2.3416893482208251953
9.9692099683868690468e+36 9.9692099683868690468e+36 9.9692099683868690468e+36 9.9692099683868690468e+36 9.9692099683868690468e+36 9.9692099683868690468e+36 9.9692099683868690468e+36 9.9692099683868690468e+36 9.9692099683868690468e+36 9.9692099683868690468e+36 2.5073368549346923828 2.44671630859375 2.3218662738800048828 2.3182692527770996094 2.3087966442108154297 2.300167083740234375 2.2814388275146484375 2.2832973003387451172 2.2843313217163085938 2.2902879714965820313 2.3021738529205322266 2.3104639053344726563 2.3292615413665771484 9.9692099683868690468e+36 2.357250213623046875 2.3682916164398193359 2.3596441745758056641 2.3415408134460449219 2.3417637348175048828 2.3509812355041503906 2.3480355739593505859 2.3323259353637695313 2.3275084495544433594 2.3379719257354736328 2.3519318103790283203 2.3498706817626953125 2.3444457054138183594
9.9692099683868690468e+36 9.9692099683868690468e+36 9.9692099683868690468e+36 9.9692099683868690468e+36 9.9692099683868690468e+36 9.9692099683868690468e+36 9.9692099683868690468e+36 9.9692099683868690468e+36 9.9692099683868690468e+36 9.9692099683868690468e+36 9.9692099683868690468e+36 2.5106685161590576172 2.3926074504852294922 2.3266179561614990234 2.3220601081848144531 2.3322618007659912109 2.3198635578155517578 2.3068211078643798828 2.3106639385223388672 9.9692099683868690468e+36 2.3185811042785644531 2.3198058605194091797 2.3221564292907714844 2.3334984779357910156 2.3597662448883056641 2.3783197402954101563 2.3709328174591064453 2.3653621673583984375 2.3667023181915283203 2.3692770004272460938 2.3781332969665527344 2.3674643039703369141 2.3526499271392822266 2.3573851585388183594 2.3654735088348388672 2.3601963520050048828 2.3465878963470458984
9.9692099683868690468e+36 9.9692099683868690468e+36 9.9692099683868690468e+36 9.9692099683868690468e+36 9.9692099683868690468e+36 9.9692099683868690468e+36 9.9692099683868690468e+36 9.9692099683868690468e+36 9.9692099683868690468e+36 9.9692099683868690468e+36 9.9692099683868690468e+36 2.5743680000305175781 2.5402252674102783203 2.4319634437561035156 2.3729808330535888672 2.3471918106079101563 2.3356075286865234375 2.3230206966400146484 9.9692099683868690468e+36 9.9692099683868690468e+36 2.3204326629638671875 2.3236155509948730469 2.3240222930908203125 2.3369867801666259766 2.3580427169799804688 2.3727800846099853516 2.3755772113800048828 2.3763756752014160156 2.375598907470703125 2.3835589885711669922 2.4046418666839599609 2.4075183868408203125 2.3926959037780761719 2.3746652603149414063 2.3611595630645751953 2.3587415218353271484 2.3408033847808837891
9.9692099683868690468e+36 9.9692099683868690468e+36 9.9692099683868690468e+36 9.9692099683868690468e+36 9.9692099683868690468e+36 9.9692099683868690468e+36 9.9692099683868690468e+36 9.9692099683868690468e+36 9.9692099683868690468e+36 9.9692099683868690468e+36 9.9692099683868690468e+36 2.49755859375 2.4768223762512207031 2.4546883106231689453 2.3950822353363037109 2.3641312122344970703 2.3446781635284423828 2.3505704402923583984 2.3685324192047119141 2.3564910888671875 2.3394374847412109375 2.3375110626220703125 2.3401048183441162109 2.3460950851440429688 2.3514375686645507813 2.3521959781646728516 2.3526833057403564453 2.3574414253234863281 2.3730671405792236328 2.3930606842041015625 2.4100780487060546875 2.4237802028656005859 2.4211008548736572266 2.3978509902954101563 2.3749804496765136719 2.3688139915466308594 2.3615007400512695313
9.9692099683868690468e+36 9.9692099683868690468e+36 9.9692099683868690468e+36 9.9692099683868690468e+36 9.9692099683868690468e+36 9.9692099683868690468e+36 9.9692099683868690468e+36 9.9692099683868690468e+36 9.9692099683868690468e+36 9.9692099683868690468e+36 9.9692099683868690468e+36 2.5160934925079345703 2.532745361328125 2.4405648708343505859 2.3786618709564208984 2.3719840049743652344 2.3577902317047119141 2.3632984161376953125 2.375743865966796875 2.3613965511322021484 2.3501036167144775391 2.3520181179046630859 2.3514780998229980469 2.3505311012268066406 2.3508551120758056641 2.3520643711090087891 2.3479340076446533203 2.3474609851837158203 2.3662381172180175781 2.3894667625427246094 2.406341552734375 2.425251007080078125 2.430942535400390625 2.4143443107604980469 2.3959670066833496094 2.3817396163940429688 2.3680813312530517578
9.9692099683868690468e+36 9.9692099683868690468e+36 9.9692099683868690468e+36 9.9692099683868690468e+36 9.9692099683868690468e+36 9.9692099683868690468e+36 9.9692099683868690468e+36 9.9692099683868690468e+36 9.9692099683868690468e+36 9.9692099683868690468e+36 9.9692099683868690468e+36 2.5947930812835693359 9.9692099683868690468e+36 9.9692099683868690468e+36 2.4139244556427001953 2.3837659358978271484 2.3726499080657958984 2.3848834037780761719 2.3609926700592041016 2.3361685276031494141 2.3278706073760986328 2.3336064815521240234 2.3430202007293701172 2.3488166332244873047 2.3562994003295898438 2.3621046543121337891 2.3580126762390136719 2.3517839908599853516 2.3605632781982421875 2.3790917396545410156 2.3976724147796630859 2.4111487865447998047 2.4165170192718505859 2.4140858650207519531 2.4052746295928955078 2.3920888900756835938 2.3678236007690429688
9.9692099683868690468e+36 9.9692099683868690468e+36 9.9692099683868690468e+36 9.9692099683868690468e+36 9.9692099683868690468e+36 9.9692099683868690468e+36 9.9692099683868690468e+36 9.9692099683868690468e+36 9.9692099683868690468e+36 9.9692099683868690468e+36 9.9692099683868690468e+36 9.9692099683868690468e+36 9.9692099683868690468e+36 9.9692099683868690468e+36 9.9692099683868690468e+36 2.4182608127593994141 2.3961825370788574219 2.3777573108673095703 2.3456652164459228516 2.3224422931671142578 2.3272898197174072266 2.3298039436340332031 2.3424227237701416016 2.3494255542755126953 2.3526310920715332031 2.3630523681640625 2.3756167888641357422 2.3798444271087646484 2.3833954334259033203 2.3891654014587402344 2.3900992870330810547 2.3968727588653564453 2.4096882343292236328 2.4143977165222167969 2.4088301658630371094 2.3915579319000244141 2.3656766414642333984
9.9692099683868690468e+36 9.9692099683868690468e+36 9.9692099683868690468e+36 9.9692099683868690468e+36 9.9692099683868690468e+36 9.9692099683868690468e+36 9.9692099683868690468e+36 9.9692099683868690468e+36 9.9692099683868690468e+36 9.9692099683868690468e+36 9.9692099683868690468e+36 9.9692099683868690468e+36 9.9692099683868690468e+36 9.9692099683868690468e+36 9.9692099683868690468e+36 2.4296219348907470703 2.4072442054748535156 2.3584702014923095703 2.3218369483947753906 2.318714141845703125 2.3187246322631835938 2.3244807720184326172 2.3317005634307861328 2.3430414199829101563 2.3442220687866210938 2.3456518650054931641 2.3533608913421630859 2.3719286918640136719 2.3929989337921142578 2.4015181064605712891 2.3932485580444335938 2.3835279941558837891 2.3892345428466796875 2.3969480991363525391 2.3874571323394775391 2.3656656742095947266 2.3456499576568603516
9.9692099683868690468e+36 9.9692099683868690468e+36 9.9692099683868690468e+36 9.9692099683868690468e+36 9.9692099683868690468e+36 9.9692099683868690468e+36 9.9692099683868690468e+36 9.9692099683868690468e+36 9.9692099683868690468e+36 9.9692099683868690468e+36 9.9692099683868690468e+36 9.9692099683868690468e+36 9.9692099683868690468e+36 2.4714591503143310547 2.4176454544067382813 2.3991115093231201172 2.3958668708801269531 2.3661570549011230469 2.3376548290252685547 2.3325865268707275391 2.3212540149688720703 2.3188500404357910156 2.3295891284942626953 2.3402483463287353516 2.3495352268218994141 2.3470196723937988281 2.3451316356658935547 2.3590466976165771484 2.377658843994140625 2.3846533298492431641 2.3830158710479736328 2.3731133937835693359 2.3711225986480712891 2.3739669322967529297 2.3657162189483642578 2.3523867130279541016 2.3421878814697265625
9.9692099683868690468e+36 9.9692099683868690468e+36 9.9692099683868690468e+36 9.9692099683868690468e+36 9.9692099683868690468e+36 9.9692099683868690468e+36 9.9692099683868690468e+36 9.9692099683868690468e+36 9.9692099683868690468e+36 9.9692099683868690468e+36 9.9692099683868690468e+36 9.9692099683868690468e+36 9.9692099683868690468e+36 2.4699554443359375 2.4243116378784179688 2.4106595516204833984 2.3907022476196289063 2.3735461235046386719 2.3602652549743652344 2.3627161979675292969 2.3529109954833984375 2.3408386707305908203 2.3457047939300537109 2.3481204509735107422 2.3588774204254150391 2.3455166816711425781 2.3438205718994140625 9.9692099683868690468e+36 9.9692099683868690468e+36 2.3785624504089355469 2.3660869598388671875 2.3610608577728271484 2.3552274703979492188 2.3530025482177734375 2.3532958030700683594 2.3521864414215087891 2.3448948860168457031
9.9692099683868690468e+36 9.9692099683868690468e+36 9.9692099683868690468e+36 9.9692099683868690468e+36 9.9692099683868690468e+36 9.9692099683868690468e+36 9.9692099683868690468e+36 9.9692099683868690468e+36 9.9692099683868690468e+36 9.9692099683868690468e+36 9.9692099683868690468e+36 9.9692099683868690468e+36 9.9692099683868690468e+36 9.9692099683868690468e+36 9.9692099683868690468e+36 9.9692099683868690468e+36 2.4241483211517333984 2.4058363437652587891 2.4120795726776123047 9.9692099683868690468e+36 9.9692099683868690468e+36 2.3571865558624267578 2.3474972248077392578 9.9692099683868690468e+36 9.9692099683868690468e+36 2.3340673446655273438 9.9692099683868690468e+36 9.9692099683868690468e+36 9.9692099683868690468e+36 2.3893458843231201172 2.3512632846832275391 2.3466739654541015625 2.3466174602508544922 2.3465826511383056641 2.3455228805541992188 2.3422958850860595703 2.3321781158447265625
2.3883926868438720703 2.3468947410583496094 9.9692099683868690468e+36 9.9692099683868690468e+36 9.9692099683868690468e+36 9.9692099683868690468e+36 9.9692099683868690468e+36 9.9692099683868690468e+36 9.9692099683868690468e+36 9.9692099683868690468e+36 9.9692099683868690468e+36 9.9692099683868690468e+36 9.9692099683868690468e+36 9.9692099683868690468e+36 9.9692099683868690468e+36 9.9692099683868690468e+36 9.9692099683868690468e+36 9.9692099683868690468e+36 9.9692099683868690468e+36 9.9692099683868690468e+36 9.9692099683868690468e+36 9.9692099683868690468e+36 2.3490979671478271484 9.9692099683868690468e+36 9.9692099683868690468e+36 2.3286523818969726563 9.9692099683868690468e+36 2.328266143798828125 2.3302242755889892578 2.3324015140533447266 2.329669952392578125 2.3353533744812011719 2.3450534343719482422 2.3473405838012695313 2.3394830226898193359 2.3232371807098388672 2.3120138645172119141
9.9692099683868690468e+36 2.3484411239624023438 2.3479647636413574219 2.3384823799133300781 2.3571016788482666016 2.3401920795440673828 2.3401076793670654297 9.9692099683868690468e+36 9.9692099683868690468e+36 9.9692099683868690468e+36 9.9692099683868690468e+36 9.9692099683868690468e+36 9.9692099683868690468e+36 9.9692099683868690468e+36 9.9692099683868690468e+36 9.9692099683868690468e+36 9.9692099683868690468e+36 9.9692099683868690468e+36 9.9692099683868690468e+36 9.9692099683868690468e+36 9.9692099683868690468e+36 9.9692099683868690468e+36 9.9692099683868690468e+36 9.9692099683868690468e+36 9.9692099683868690468e+36 9.9692099683868690468e+36 2.3266499042510986328 2.3261294364929199219 2.3086836338043212891 2.2991528511047363281 2.2985177040100097656 2.3097939491271972656 2.3267705440521240234 2.3348517417907714844 2.3275790214538574219 2.3115611076354980469 2.3022201061248779297
