MapLinkProApp/griddata/temperature/ASCII/cmems_mod_glo_phy-thetao_anfc_0,083deg_P1D-m_1702458667101_0,5.asc
ncols        121
nrows        120
xllcorner    -30.041666666667
yllcorner    40.041666655981
cellsize     0.083333333333
NODATA_value  9.9692099683868690468e+36
[rows 72 to 89 of 120, columns 0 to 39 of 121]
17.351947784423828125 17.347028732299804688 17.334560394287109375 17.324647903442382813 17.318281173706054688 17.317209243774414063 17.320817947387695313 17.327243804931640625 17.331218719482421875 17.320478439331054688 17.276514053344726563 17.126520156860351563 16.805080413818359375 16.343631744384765625 16.00691986083984375 15.850556373596191406 15.839449882507324219 15.878190040588378906 15.908447265625 15.799600601196289063 15.582242012023925781 15.389905929565429688 15.297997474670410156 15.352090835571289063 15.524022102355957031 16.035524368286132813 16.689823150634765625 17.049684524536132813 17.135240554809570313 17.14438629150390625 17.163507461547851563 17.165287017822265625 17.124530792236328125 17.065282821655273438 17.02306365966796875 17.00061798095703125 16.98958587646484375 16.983819961547851563 16.978731155395507813 16.973642349243164063
17.328748703002929688 17.330446243286132813 17.322530746459960938 17.307733535766601563 17.292301177978515625 17.279008865356445313 17.26963043212890625 17.263360977172851563 17.268415451049804688 17.2838592529296875 17.298793792724609375 17.282079696655273438 17.136281967163085938 16.813533782958984375 16.442281723022460938 16.173542022705078125 16.0534210205078125 16.004913330078125 15.982599258422851563 15.889432907104492188 15.658102035522460938 15.4521331787109375 15.393728256225585938 15.737431526184082031 16.217365264892578125 16.7853851318359375 17.032270431518554688 17.046478271484375 17.057550430297851563 17.108978271484375 17.1655426025390625 17.153238296508789063 17.060174942016601563 16.964120864868164063 16.905796051025390625 16.862184524536132813 16.828828811645507813 16.804613113403320313 16.788705825805664063 16.7865142822265625
17.274700164794921875 17.289567947387695313 17.297639846801757813 17.293870925903320313 17.284769058227539063 17.272436141967773438 17.264810562133789063 17.251588821411132813 17.23805999755859375 17.220458984375 17.217306137084960938 17.24062347412109375 17.244218826293945313 17.11124420166015625 16.8134613037109375 16.465715408325195313 16.233974456787109375 16.063745498657226563 15.92694854736328125 15.756964683532714844 15.558086395263671875 15.577288627624511719 16.108585357666015625 16.663370132446289063 16.90898895263671875 16.97563934326171875 16.986724853515625 17.011842727661132813 17.037998199462890625 17.066387176513671875 17.105333328247070313 17.032342910766601563 16.85184478759765625 16.711750030517578125 16.642276763916015625 16.590776443481445313 16.5504302978515625 16.51827239990234375 16.501134872436523438 16.501771926879882813
17.224985122680664063 17.232572555541992188 17.247682571411132813 17.25455474853515625 17.256906509399414063 17.248960494995117188 17.2443084716796875 17.240900039672851563 17.239522933959960938 17.2183685302734375 17.187852859497070313 17.176843643188476563 17.218687057495117188 17.238111495971679688 17.046022415161132813 16.631040573120117188 16.27496337890625 15.942824363708496094 15.707103729248046875 15.581038475036621094 15.796567916870117188 16.3906097412109375 16.872007369995117188 16.926126480102539063 16.931375503540039063 16.928585052490234375 16.938648223876953125 16.9329071044921875 16.924022674560546875 16.966882705688476563 17.02138519287109375 16.907854080200195313 16.663919448852539063 16.510044097900390625 16.446607589721679688 16.409379959106445313 16.38846588134765625 16.372219085693359375 16.363861083984375 16.3592681884765625
17.24658203125 17.234943389892578125 17.236841201782226563 17.237867355346679688 17.243196487426757813 17.244632720947265625 17.241443634033203125 17.238819122314453125 17.236177444458007813 17.223340988159179688 17.200031280517578125 17.163862228393554688 17.181528091430664063 17.241083145141601563 17.135496139526367188 16.7241058349609375 16.227724075317382813 15.793328285217285156 15.641669273376464844 15.904944419860839844 16.51470947265625 16.812894821166992188 16.902820587158203125 16.905721664428710938 16.902009963989257813 16.896175384521484375 16.889318466186523438 16.880006790161132813 16.878683090209960938 16.923696517944335938 16.967939376831054688 16.80086517333984375 16.526319503784179688 16.405521392822265625 16.38111114501953125 16.364635467529296875 16.357120513916015625 16.349643707275390625 16.346628189086914063 16.344869613647460938
17.432611465454101563 17.366037368774414063 17.313192367553710938 17.278619766235351563 17.257783889770507813 17.252088546752929688 17.2469635009765625 17.245229721069335938 17.243255615234375 17.2360687255859375 17.2136383056640625 17.1766357421875 17.15775299072265625 17.226369857788085938 17.1920166015625 16.814273834228515625 16.19763946533203125 15.770974159240722656 15.905019760131835938 16.49817657470703125 16.796384811401367188 16.8943023681640625 16.909467697143554688 16.903438568115234375 16.896310806274414063 16.882396697998046875 16.87346649169921875 16.862470626831054688 16.84850311279296875 16.889287948608398438 16.924144744873046875 16.719308853149414063 16.42198944091796875 16.353948593139648438 16.359170913696289063 16.346822738647460938 16.349208831787109375 16.355464935302734375 16.362096786499023438 16.3727569580078125
17.677961349487304688 17.60715484619140625 17.524967193603515625 17.444078445434570313 17.37355804443359375 17.322042465209960938 17.284078598022460938 17.27142333984375 17.2598724365234375 17.2568817138671875 17.228183746337890625 17.205739974975585938 17.15753936767578125 17.21224212646484375 17.226078033447265625 16.90909576416015625 16.262926101684570313 15.858491897583007813 16.165334701538085938 16.674043655395507813 16.855548858642578125 16.902158737182617188 16.913515090942382813 16.909717559814453125 16.876966476440429688 16.85251617431640625 16.841276168823242188 16.827848434448242188 16.81539154052734375 16.861879348754882813 16.895368576049804688 16.668375015258789063 16.375619888305664063 16.345096588134765625 16.36240386962890625 16.358745574951171875 16.392396926879882813 16.422576904296875 16.446401596069335938 16.477535247802734375
17.751356124877929688 17.725368499755859375 17.675153732299804688 17.609193801879882813 17.53167724609375 17.467527389526367188 17.40706634521484375 17.367704391479492188 17.328714370727539063 17.305568695068359375 17.25775909423828125 17.243610382080078125 17.1845245361328125 17.208919525146484375 17.249691009521484375 17.015186309814453125 16.379148483276367188 15.952520370483398438 16.232156753540039063 16.684083938598632813 16.851776123046875 16.899442672729492188 16.91521453857421875 16.897722244262695313 16.841053009033203125 16.811922073364257813 16.79807281494140625 16.784219741821289063 16.786851882934570313 16.841688156127929688 16.880075454711914063 16.639713287353515625 16.359760284423828125 16.354312896728515625 16.394498825073242188 16.411149978637695313 16.460821151733398438 16.497797012329101563 16.529462814331054688 16.563272476196289063
17.6877288818359375 17.72185516357421875 17.730024337768554688 17.709882736206054688 17.6672210693359375 17.6201934814453125 17.552539825439453125 17.49196624755859375 17.427377700805664063 17.374704360961914063 17.309535980224609375 17.285858154296875 17.243242263793945313 17.21477508544921875 17.2651519775390625 17.13780975341796875 16.573589324951171875 16.091159820556640625 16.23410797119140625 16.625226974487304688 16.824617385864257813 16.893926620483398438 16.916286468505859375 16.866163253784179688 16.795236587524414063 16.759607315063476563 16.742038726806640625 16.73490142822265625 16.7511444091796875 16.810129165649414063 16.867557525634765625 16.658132553100585938 16.362590789794921875 16.37339019775390625 16.425012588500976563 16.429876327514648438 16.473360061645507813 16.529199600219726563 16.584104537963867188 16.627267837524414063
17.552244186401367188 17.6221923828125 17.681591033935546875 17.707912445068359375 17.69597625732421875 17.659328460693359375 17.596561431884765625 17.537492752075195313 17.474700927734375 17.414575576782226563 17.34745025634765625 17.316089630126953125 17.305608749389648438 17.245595932006835938 17.283250808715820313 17.243778228759765625 16.774126052856445313 16.248836517333984375 16.256547927856445313 16.58335113525390625 16.80377960205078125 16.89223480224609375 16.89267730712890625 16.806148529052734375 16.740018844604492188 16.708202362060546875 16.689945220947265625 16.690748214721679688 16.7140960693359375 16.771310806274414063 16.857189178466796875 16.716440200805664063 16.38173675537109375 16.372034072875976563 16.4177703857421875 16.39990997314453125 16.429853439331054688 16.501966476440429688 16.579925537109375 16.63845062255859375
17.500566482543945313 17.537702560424804688 17.604949951171875 17.657152175903320313 17.667736053466796875 17.64348602294921875 17.596950531005859375 17.558603286743164063 17.500669479370117188 17.43808746337890625 17.375337600708007813 17.344938278198242188 17.345745086669921875 17.274845123291015625 17.294744491577148438 17.293361663818359375 16.917127609252929688 16.3763580322265625 16.313352584838867188 16.596837997436523438 16.809408187866210938 16.883398056030273438 16.830583572387695313 16.740337371826171875 16.681852340698242188 16.653766632080078125 16.6467437744140625 16.66405487060546875 16.689970016479492188 16.7337799072265625 16.839315414428710938 16.786289215087890625 16.424985885620117188 16.354541778564453125 16.389408111572265625 16.342611312866210938 16.339452743530273438 16.415897369384765625 16.526323318481445313 16.61983489990234375
17.494075775146484375 17.49033355712890625 17.540525436401367188 17.59896087646484375 17.634944915771484375 17.642333984375 17.623809814453125 17.597726821899414063 17.541187286376953125 17.488405227661132813 17.43723297119140625 17.405185699462890625 17.397497177124023438 17.30376434326171875 17.30266571044921875 17.31948089599609375 17.039518356323242188 16.505113601684570313 16.3921356201171875 16.624187469482421875 16.796848297119140625 16.81002044677734375 16.72611236572265625 16.653964996337890625 16.601375579833984375 16.590061187744140625 16.618618011474609375 16.6674652099609375 16.702943801879882813 16.709705352783203125 16.79412841796875 16.8690185546875 16.5223236083984375 16.346439361572265625 16.346616744995117188 16.2874603271484375 16.246974945068359375 16.299512863159179688 16.417398452758789063 16.550458908081054688
17.478633880615234375 17.475622177124023438 17.508769989013671875 17.558385848999023438 17.605676651000976563 17.63330841064453125 17.638982772827148438 17.629674911499023438 17.591470718383789063 17.555753707885742188 17.509668350219726563 17.470571517944335938 17.4373931884765625 17.32344818115234375 17.306005477905273438 17.323984146118164063 17.103206634521484375 16.59471893310546875 16.453321456909179688 16.626573562622070313 16.729608535766601563 16.687908172607421875 16.610803604125976563 16.55810546875 16.539529800415039063 16.577814102172851563 16.665319442749023438 16.744783401489257813 16.785551071166992188 16.747966766357421875 16.760618209838867188 16.88695526123046875 16.627561569213867188 16.367429733276367188 16.298315048217773438 16.248979568481445313 16.230676651000976563 16.27242279052734375 16.372930526733398438 16.497039794921875
17.46176910400390625 17.468717575073242188 17.499605178833007813 17.54799652099609375 17.594362258911132813 17.627101898193359375 17.642438888549804688 17.642070770263671875 17.62060546875 17.593509674072265625 17.550029754638671875 17.514314651489257813 17.464525222778320313 17.341533660888671875 17.314496994018554688 17.322877883911132813 17.109704971313476563 16.624521255493164063 16.482145309448242188 16.601552963256835938 16.6320953369140625 16.580949783325195313 16.521648406982421875 16.510297775268554688 16.556207656860351563 16.683614730834960938 16.827886581420898438 16.921955108642578125 16.937173843383789063 16.853923797607421875 16.769580841064453125 16.882661819458007813 16.694835662841796875 16.391857147216796875 16.270395278930664063 16.259578704833984375 16.283168792724609375 16.366344451904296875 16.514087677001953125 16.628238677978515625
17.469362258911132813 17.4899749755859375 17.528589248657226563 17.575634002685546875 17.6107940673828125 17.632211685180664063 17.640272140502929688 17.639966964721679688 17.630283355712890625 17.614349365234375 17.581279754638671875 17.55731201171875 17.504148483276367188 17.37577056884765625 17.32680511474609375 17.317472457885742188 17.095584869384765625 16.637149810791015625 16.509263992309570313 16.555101394653320313 16.517217636108398438 16.482269287109375 16.504413604736328125 16.619218826293945313 16.830003738403320313 17.047698974609375 17.196681976318359375 17.251272201538085938 17.200113296508789063 17.039142608642578125 16.843669891357421875 16.883159637451171875 16.770189285278320313 16.432338714599609375 16.283962249755859375 16.312017440795898438 16.368436813354492188 16.52208709716796875 16.7572174072265625 16.9378509521484375
17.53997039794921875 17.553632736206054688 17.578517913818359375 17.601209640502929688 17.608968734741210938 17.613523483276367188 17.616853713989257813 17.62464141845703125 17.623476028442382813 17.619838714599609375 17.60347747802734375 17.5830078125 17.5252532958984375 17.394090652465820313 17.331806182861328125 17.290126800537109375 17.03945159912109375 16.608522415161132813 16.5230560302734375 16.477077484130859375 16.450361251831054688 16.52069091796875 16.7193450927734375 17.03440093994140625 17.317646026611328125 17.478338241577148438 17.527238845825195313 17.516735076904296875 17.417140960693359375 17.204927444458007813 16.930896759033203125 16.894840240478515625 16.865221023559570313 16.512149810791015625 16.348413467407226563 16.36222076416015625 16.399282455444335938 16.53043365478515625 16.75853729248046875 16.985746383666992188
17.574657440185546875 17.579189300537109375 17.585178375244140625 17.589776992797851563 17.592334747314453125 17.597970962524414063 17.608327865600585938 17.625471115112304688 17.631458282470703125 17.625776290893554688 17.615175247192382813 17.585977554321289063 17.511297225952148438 17.388483047485351563 17.3296051025390625 17.246868133544921875 16.932466506958007813 16.562726974487304688 16.47982025146484375 16.43584442138671875 16.531034469604492188 16.756029129028320313 17.11875152587890625 17.432088851928710938 17.583662033081054688 17.59836578369140625 17.583465576171875 17.552095413208007813 17.452913284301757813 17.25006103515625 16.972713470458984375 16.90773773193359375 16.946207046508789063 16.60700225830078125 16.4468841552734375 16.417264938354492188 16.408590316772460938 16.465312957763671875 16.645406723022460938 16.917837142944335938
17.619016647338867188 17.607219696044921875 17.601484298706054688 17.603876113891601563 17.612552642822265625 17.62171173095703125 17.639678955078125 17.657176971435546875 17.65386962890625 17.640909194946289063 17.617279052734375 17.556491851806640625 17.450735092163085938 17.337865829467773438 17.270725250244140625 17.12108612060546875 16.7753753662109375 16.454633712768554688 16.44083404541015625 16.566562652587890625 16.828914642333984375 17.173187255859375 17.460206985473632813 17.594572067260742188 17.588579177856445313 17.519533157348632813 17.468387603759765625 17.428974151611328125 17.339544296264648438 17.1755523681640625 16.956476211547851563 16.928171157836914063 17.009008407592773438 16.754854202270507813 16.607942581176757813 16.513319015502929688 16.456670761108398438 16.48192596435546875 16.77281951904296875 17.195089340209960938
