MapLinkProApp/griddata/temperature/ASCII/cmems_mod_glo_phy-thetao_anfc_0,083deg_P1D-m_1702458667101_3,8.asc
ncols        121
nrows        120
xllcorner    -30.041666666667
yllcorner    40.041666655981
cellsize     0.083333333333
NODATA_value  9.9692099683868690468e+36
[rows 72 to 89 of 120, columns 80 to 119 of 121]
16.020544052124023438 16.032876968383789063 16.0371246337890625 16.035520553588867188 16.02904510498046875 16.021226882934570313 16.010194778442382813 15.99774932861328125 15.98650360107421875 15.973691940307617188 15.9632568359375 15.955412864685058594 15.945219993591308594 15.9066925048828125 15.832159042358398438 15.779223442077636719 15.751225471496582031 15.691811561584472656 15.616848945617675781 15.56380462646484375 15.543574333190917969 15.554644584655761719 15.597292900085449219 15.661143302917480469 15.721066474914550781 15.743564605712890625 15.724103927612304688 15.644507408142089844 15.563443183898925781 15.53121185302734375 15.537730216979980469 15.579474449157714844 15.647169113159179688 15.709567070007324219 15.753131866455078125 15.790371894836425781 15.813730239868164063 15.807265281677246094 15.781992912292480469 15.759896278381347656
16.003862380981445313 16.003885269165039063 16.008211135864257813 16.015804290771484375 16.025098800659179688 16.03238677978515625 16.025836944580078125 16.0138397216796875 16.002077102661132813 15.989409446716308594 15.982807159423828125 15.974657058715820313 15.957350730895996094 15.920493125915527344 15.863382339477539063 15.833105087280273438 15.806958198547363281 15.755331993103027344 15.699782371520996094 15.649983406066894531 15.615203857421875 15.607630729675292969 15.616098403930664063 15.617052078247070313 15.645551681518554688 15.702335357666015625 15.740927696228027344 15.73819732666015625 15.702608108520507813 15.661263465881347656 15.654760360717773438 15.680243492126464844 15.717175483703613281 15.760751724243164063 15.804619789123535156 15.841387748718261719 15.857350349426269531 15.839463233947753906 15.80458831787109375 15.77730560302734375
15.951891899108886719 15.956037521362304688 15.967829704284667969 15.991162300109863281 16.017633438110351563 16.025541305541992188 16.008470535278320313 15.984544754028320313 15.959985733032226563 15.941350936889648438 15.948716163635253906 15.9739532470703125 15.977260589599609375 15.958324432373046875 15.92366790771484375 15.901018142700195313 15.88521575927734375 15.854733467102050781 15.825404167175292969 15.797590255737304688 15.771703720092773438 15.749462127685546875 15.737902641296386719 15.713400840759277344 15.673126220703125 15.662580490112304688 15.692971229553222656 15.729963302612304688 15.747348785400390625 15.745634078979492188 15.751263618469238281 15.762605667114257813 15.778409004211425781 15.804604530334472656 15.839314460754394531 15.874288558959960938 15.885746955871582031 15.858575820922851563 15.820120811462402344 15.796074867248535156
15.917918205261230469 15.931768417358398438 15.963533401489257813 15.996121406555175781 16.007219314575195313 15.990698814392089844 15.951192855834960938 15.898808479309082031 15.841493606567382813 15.791592597961425781 15.779238700866699219 15.846904754638671875 15.932138442993164063 15.961238861083984375 15.97367095947265625 15.975634574890136719 15.973551750183105469 15.964707374572753906 15.946325302124023438 15.926630973815917969 15.897638320922851563 15.863348960876464844 15.835081100463867188 15.808919906616210938 15.770369529724121094 15.728186607360839844 15.699084281921386719 15.698482513427734375 15.717797279357910156 15.741896629333496094 15.766355514526367188 15.791028976440429688 15.811046600341796875 15.830510139465332031 15.857344627380371094 15.887784004211425781 15.894702911376953125 15.861422538757324219 15.823688507080078125 15.808446884155273438
15.926057815551757813 15.945092201232910156 15.973302841186523438 15.990354537963867188 15.987140655517578125 15.970533370971679688 15.933333396911621094 15.883896827697753906 15.831134796142578125 15.772641181945800781 15.689209938049316406 15.650020599365234375 15.7216339111328125 15.831978797912597656 15.90680694580078125 15.951077461242675781 15.963444709777832031 15.958802223205566406 15.952543258666992188 15.940566062927246094 15.918666839599609375 15.89194488525390625 15.868633270263671875 15.848634719848632813 15.827473640441894531 15.802172660827636719 15.777617454528808594 15.763634681701660156 15.762988090515136719 15.779628753662109375 15.805603981018066406 15.831081390380859375 15.850398063659667969 15.868781089782714844 15.889758110046386719 15.911050796508789063 15.908023834228515625 15.865854263305664063 15.82723236083984375 15.817507743835449219
15.920560836791992188 15.939751625061035156 15.959093093872070313 15.971596717834472656 15.969587326049804688 15.954304695129394531 15.927516937255859375 15.885029792785644531 15.821263313293457031 15.759591102600097656 15.720697402954101563 15.665345191955566406 15.635151863098144531 15.675715446472167969 15.765166282653808594 15.834563255310058594 15.862085342407226563 15.86711883544921875 15.871436119079589844 15.868623733520507813 15.860956192016601563 15.843786239624023438 15.830277442932128906 15.826633453369140625 15.828879356384277344 15.834072113037109375 15.839234352111816406 15.838571548461914063 15.838542938232421875 15.850277900695800781 15.868680000305175781 15.889734268188476563 15.904847145080566406 15.914379119873046875 15.923775672912597656 15.93025970458984375 15.915392875671386719 15.864626884460449219 15.826254844665527344 15.822661399841308594
15.904283523559570313 15.903104782104492188 15.910022735595703125 15.917305946350097656 15.923214912414550781 15.911649703979492188 15.893238067626953125 15.846640586853027344 15.782634735107421875 15.76474761962890625 15.771192550659179688 15.725674629211425781 15.664408683776855469 15.647405624389648438 15.675286293029785156 15.714036941528320313 15.737959861755371094 15.76094818115234375 15.778597831726074219 15.785256385803222656 15.790021896362304688 15.784916877746582031 15.778741836547851563 15.777232170104980469 15.791017532348632813 15.818095207214355469 15.846556663513183594 15.867909431457519531 15.880352973937988281 15.890200614929199219 15.908000946044921875 15.921133995056152344 15.925612449645996094 15.924412727355957031 15.929709434509277344 15.927712440490722656 15.8990020751953125 15.845875740051269531 15.815964698791503906 15.821227073669433594
15.913287162780761719 15.891968727111816406 15.875223159790039063 15.878633499145507813 15.890692710876464844 15.887160301208496094 15.863223075866699219 15.810117721557617188 15.795269012451171875 15.878765106201171875 15.9031829833984375 15.811190605163574219 15.723202705383300781 15.695048332214355469 15.719966888427734375 15.786385536193847656 15.856049537658691406 15.907962799072265625 15.922819137573242188 15.931071281433105469 15.929203987121582031 15.907547950744628906 15.878378868103027344 15.849850654602050781 15.83443450927734375 15.837873458862304688 15.850095748901367188 15.860483169555664063 15.870330810546875 15.885762214660644531 15.903680801391601563 15.917577743530273438 15.917889595031738281 15.918592453002929688 15.916426658630371094 15.885472297668457031 15.842566490173339844 15.801547050476074219 15.787442207336425781 15.808291435241699219
15.980775833129882813 15.955830574035644531 15.911635398864746094 15.890318870544433594 15.894268989562988281 15.878301620483398438 15.851140022277832031 15.808673858642578125 15.844111442565917969 15.975284576416015625 15.99802398681640625 15.876079559326171875 15.800184249877929688 15.812283515930175781 15.889454841613769531 15.989706993103027344 16.077493667602539063 16.14165496826171875 16.171689987182617188 16.198999404907226563 16.20597076416015625 16.167615890502929688 16.100198745727539063 16.015726089477539063 15.952710151672363281 15.917322158813476563 15.90117645263671875 15.893383979797363281 15.893304824829101563 15.895651817321777344 15.899278640747070313 15.902255058288574219 15.891628265380859375 15.885088920593261719 15.875308036804199219 15.845498085021972656 15.816216468811035156 15.780129432678222656 15.76103973388671875 15.77642822265625
15.976210594177246094 16.009527206420898438 15.994877815246582031 15.952198982238769531 15.923048973083496094 15.895322799682617188 15.860103607177734375 15.823828697204589844 15.848036766052246094 15.98992156982421875 16.062557220458984375 15.948279380798339844 15.908413887023925781 16.024213790893554688 16.201875686645507813 16.376379013061523438 16.54630279541015625 16.63777923583984375 16.674617767333984375 16.722454071044921875 16.731630325317382813 16.712575912475585938 16.643970489501953125 16.5005035400390625 16.316610336303710938 16.162584304809570313 16.051542282104492188 15.9826812744140625 15.953767776489257813 15.942023277282714844 15.944261550903320313 15.945438385009765625 15.932712554931640625 15.917062759399414063 15.900233268737792969 15.870434761047363281 15.851105690002441406 15.818347930908203125 15.781762123107910156 15.767330169677734375
15.91689300537109375 16.0120086669921875 16.064233779907226563 16.062969207763671875 16.041234970092773438 16.015869140625 15.949106216430664063 15.865206718444824219 15.824532508850097656 15.949342727661132813 16.13298797607421875 16.090717315673828125 16.064195632934570313 16.2578277587890625 16.532520294189453125 16.735635757446289063 16.855451583862304688 16.853616714477539063 16.7889556884765625 16.721584320068359375 16.745433807373046875 16.830163955688476563 16.92501068115234375 16.960107803344726563 16.909393310546875 16.754529953002929688 16.549631118774414063 16.367382049560546875 16.239154815673828125 16.186773300170898438 16.215618133544921875 16.255544662475585938 16.252153396606445313 16.2248382568359375 16.213949203491210938 16.076166152954101563 15.953942298889160156 15.859244346618652344 15.818905830383300781 15.793131828308105469
15.8944854736328125 15.987405776977539063 16.12369537353515625 16.204935073852539063 16.248073577880859375 16.255113601684570313 16.199748992919921875 16.06919097900390625 15.88037109375 15.896001815795898438 16.133230209350585938 16.229045867919921875 16.2237091064453125 16.37908935546875 16.620401382446289063 16.732152938842773438 16.690784454345703125 16.489898681640625 16.206480026245117188 16.050052642822265625 16.093181610107421875 16.252735137939453125 16.507724761962890625 16.727884292602539063 16.886142730712890625 16.961065292358398438 16.944995880126953125 16.891094207763671875 16.824802398681640625 16.76654815673828125 16.768266677856445313 16.818384170532226563 16.870065689086914063 16.898834228515625 16.937314987182617188 16.901889801025390625 16.915134429931640625 16.72247314453125 16.418012619018554688 16.209039688110351563
15.895451545715332031 15.9168701171875 16.038005828857421875 16.136997222900390625 16.213037490844726563 16.268930435180664063 16.315708160400390625 16.334812164306640625 16.20140838623046875 15.935584068298339844 15.986989974975585938 16.22412872314453125 16.338075637817382813 16.423259735107421875 16.503818511962890625 16.494768142700195313 16.324132919311523438 16.054807662963867188 15.836241722106933594 15.782368659973144531 15.781983375549316406 15.7798919677734375 15.876787185668945313 16.05089569091796875 16.242364883422851563 16.427179336547851563 16.611227035522460938 16.749212265014648438 16.81951904296875 16.841762542724609375 16.846296310424804688 16.850801467895507813 16.861417770385742188 16.861761093139648438 16.872743606567382813 16.903131484985351563 16.96974945068359375 16.976318359375 16.85064697265625 16.746618270874023438
15.919694900512695313 15.944301605224609375 16.033039093017578125 16.121856689453125 16.156360626220703125 16.214197158813476563 16.221647262573242188 16.295413970947265625 16.37116241455078125 16.153470993041992188 15.943754196166992188 16.065244674682617188 16.221508026123046875 16.261180877685546875 16.226833343505859375 16.137968063354492188 15.995866775512695313 15.875866889953613281 15.873394012451171875 15.882578849792480469 15.8820343017578125 15.885663986206054688 15.937047004699707031 16.011653900146484375 16.09201812744140625 16.149211883544921875 16.210687637329101563 16.29692840576171875 16.396482467651367188 16.465465545654296875 16.500127792358398438 16.5137786865234375 16.500833511352539063 16.486345291137695313 16.491725921630859375 16.515871047973632813 16.566137313842773438 16.657649993896484375 16.7222747802734375 16.764232635498046875
16.0618133544921875 16.160673141479492188 16.230741500854492188 16.279924392700195313 16.281780242919921875 16.293970108032226563 16.26674652099609375 16.26348876953125 16.371656417846679688 16.264841079711914063 16.01030731201171875 15.971172332763671875 16.085056304931640625 16.104572296142578125 16.034120559692382813 15.953558921813964844 15.895967483520507813 15.882718086242675781 15.869960784912109375 15.834631919860839844 15.810346603393554688 15.811627388000488281 15.88533782958984375 16.030305862426757813 16.1716766357421875 16.291402816772460938 16.380289077758789063 16.432094573974609375 16.455724716186523438 16.472867965698242188 16.509649276733398438 16.560724258422851563 16.599706649780273438 16.70748138427734375 16.810466766357421875 16.88140869140625 16.924495697021484375 16.942701339721679688 16.94384765625 16.942943572998046875
16.307857513427734375 16.299230575561523438 16.310504913330078125 16.316888809204101563 16.307409286499023438 16.282999038696289063 16.254354476928710938 16.240818023681640625 16.348270416259765625 16.323747634887695313 16.083194732666015625 15.948147773742675781 15.996159553527832031 16.010114669799804688 15.95407867431640625 15.910974502563476563 15.891945838928222656 15.855306625366210938 15.796315193176269531 15.770455360412597656 15.796473503112792969 15.883902549743652344 16.040239334106445313 16.178361892700195313 16.3148956298828125 16.455310821533203125 16.663446426391601563 16.811038970947265625 16.882577896118164063 16.904232025146484375 16.94362640380859375 16.988544464111328125 17.04032135009765625 17.085992813110351563 17.096744537353515625 17.095518112182617188 17.093736648559570313 17.095937728881835938 17.101751327514648438 17.114625930786132813
16.250658035278320313 16.26421356201171875 16.332105636596679688 16.338924407958984375 16.317323684692382813 16.258470535278320313 16.227825164794921875 16.249162673950195313 16.3462982177734375 16.32318115234375 16.11707305908203125 15.948162078857421875 15.945731163024902344 15.935544013977050781 15.902383804321289063 15.886416435241699219 15.832197189331054688 15.752368927001953125 15.7222747802734375 15.760342597961425781 15.836561203002929688 16.001340866088867188 16.196073532104492188 16.3746490478515625 16.564210891723632813 16.833116531372070313 17.16473388671875 17.273944854736328125 17.253927230834960938 17.201665878295898438 17.132383346557617188 17.113607406616210938 17.109161376953125 17.101182937622070313 17.092756271362304688 17.0768585205078125 17.053863525390625 17.03980255126953125 17.038969039916992188 17.059185028076171875
16.173858642578125 16.330446243286132813 16.334798812866210938 16.3204803466796875 16.312730789184570313 16.275157928466796875 16.281476974487304688 16.328495025634765625 16.3742218017578125 16.315355300903320313 16.100996017456054688 15.91950225830078125 15.879796981811523438 15.8750152587890625 15.874489784240722656 15.826451301574707031 15.733206748962402344 15.703219413757324219 15.743117332458496094 15.815639495849609375 15.926575660705566406 16.119182586669921875 16.319580078125 16.531042098999023438 16.761796951293945313 17.085317611694335938 17.342622756958007813 17.302471160888671875 17.169702529907226563 17.117910385131835938 17.130374908447265625 17.165529251098632813 17.203134536743164063 17.22052001953125 17.224201202392578125 17.215883255004882813 17.19380950927734375 17.14270782470703125 17.078149795532226563 17.01277923583984375
