MapLinkProApp/griddata/temperature/ASCII/cmems_mod_glo_phy-thetao_anfc_0,083deg_P1D-m_1702458667101_453,9.asc
ncols        121
nrows        120
xllcorner    -30.041666666667
yllcorner    40.041666655981
cellsize     0.083333333333
NODATA_value  9.9692099683868690468e+36
[rows 72 to 89 of 120, columns 0 to 39 of 121]
10.882428169250488281 10.929528236389160156 11.014861106872558594 11.167519569396972656 11.358354568481445313 11.574798583984375 11.812096595764160156 11.979107856750488281 12.065226554870605469 12.076537132263183594 12.059749603271484375 12.051220893859863281 11.89542388916015625 11.884838104248046875 11.864973068237304688 11.944319725036621094 11.961338996887207031 12.086276054382324219 12.312878608703613281 12.535425186157226563 12.622643470764160156 12.609431266784667969 12.5590667724609375 12.576779365539550781 12.382184028625488281 12.095326423645019531 11.8968048095703125 11.847990989685058594 11.8696441650390625 11.916858673095703125 11.972989082336425781 12.039306640625 12.106326103210449219 12.152163505554199219 12.158740043640136719 12.178732872009277344 12.196141242980957031 12.228333473205566406 12.261509895324707031 12.303467750549316406
10.989841461181640625 10.949904441833496094 10.96984100341796875 11.051145553588867188 11.234700202941894531 11.460417747497558594 11.667125701904296875 11.855724334716796875 12.034268379211425781 12.16893768310546875 12.221166610717773438 12.235909461975097656 12.167132377624511719 12.076471328735351563 11.977733612060546875 11.990861892700195313 12.057825088500976563 12.177257537841796875 12.334174156188964844 12.577593803405761719 12.706948280334472656 12.676195144653320313 12.592455863952636719 12.374881744384765625 12.092599868774414063 11.910204887390136719 11.869854927062988281 11.894314765930175781 11.904536247253417969 11.942219734191894531 11.996455192565917969 12.102624893188476563 12.189572334289550781 12.18984222412109375 12.138743400573730469 12.122835159301757813 12.115947723388671875 12.129429817199707031 12.1346435546875 12.154336929321289063
11.416436195373535156 11.329554557800292969 11.260327339172363281 11.212681770324707031 11.27301025390625 11.442639350891113281 11.677967071533203125 11.91507720947265625 12.098833084106445313 12.231306076049804688 12.252771377563476563 12.277462005615234375 12.297359466552734375 12.191111564636230469 12.09847259521484375 12.108628273010253906 12.227543830871582031 12.388853073120117188 12.570669174194335938 12.7080535888671875 12.680303573608398438 12.503937721252441406 12.208306312561035156 11.968173980712890625 11.833178520202636719 11.828317642211914063 11.830684661865234375 11.89116668701171875 11.996011734008789063 12.041296958923339844 12.058346748352050781 12.105473518371582031 12.157965660095214844 12.123318672180175781 12.079623222351074219 12.069643020629882813 12.063853263854980469 12.04978179931640625 12.038805007934570313 12.039354324340820313
11.64324951171875 11.586620330810546875 11.505040168762207031 11.405220985412597656 11.409902572631835938 11.555826187133789063 11.779216766357421875 12.004781723022460938 12.208113670349121094 12.339229583740234375 12.432808876037597656 12.453701972961425781 12.358982086181640625 12.237082481384277344 12.132821083068847656 12.127473831176757813 12.250107765197753906 12.391004562377929688 12.530890464782714844 12.5084381103515625 12.301639556884765625 12.029177665710449219 11.811960220336914063 11.714165687561035156 11.697596549987792969 11.721180915832519531 11.806330680847167969 11.982275962829589844 12.044522285461425781 12.082575798034667969 12.041227340698242188 12.062046051025390625 12.152205467224121094 12.135015487670898438 12.081667900085449219 12.056365966796875 12.019613265991210938 12.0074005126953125 12.004929542541503906 12.028546333312988281
11.89194488525390625 11.714385986328125 11.60736083984375 11.550307273864746094 11.571515083312988281 11.705450057983398438 11.916266441345214844 12.137848854064941406 12.333235740661621094 12.442120552062988281 12.52506256103515625 12.539616584777832031 12.453884124755859375 12.322479248046875 12.158426284790039063 12.063890457153320313 12.155517578125 12.255771636962890625 12.306853294372558594 12.167489051818847656 11.93959808349609375 11.760819435119628906 11.645994186401367188 11.560971260070800781 11.515543937683105469 11.59801483154296875 11.806038856506347656 11.951560020446777344 12.006493568420410156 12.133851051330566406 12.120027542114257813 12.149248123168945313 12.174068450927734375 12.113480567932128906 12.039468765258789063 11.969382286071777344 11.946140289306640625 11.986695289611816406 12.030574798583984375 12.090912818908691406
12.347678184509277344 12.248722076416015625 12.1810760498046875 12.126373291015625 12.1012115478515625 12.126790046691894531 12.238651275634765625 12.348038673400878906 12.483728408813476563 12.580977439880371094 12.656480789184570313 12.680105209350585938 12.596895217895507813 12.417893409729003906 12.183177947998046875 12.037735939025878906 12.058467864990234375 12.080992698669433594 12.031546592712402344 11.860474586486816406 11.683009147644042969 11.550561904907226563 11.463238716125488281 11.382763862609863281 11.394903182983398438 11.491135597229003906 11.681299209594726563 11.819744110107421875 11.905351638793945313 12.040095329284667969 12.067421913146972656 12.081823348999023438 12.065688133239746094 11.998080253601074219 11.937885284423828125 11.923916816711425781 11.984810829162597656 11.982972145080566406 11.994625091552734375 12.015702247619628906
12.733095169067382813 12.67496490478515625 12.605711936950683594 12.585124969482421875 12.568413734436035156 12.589284896850585938 12.594501495361328125 12.630876541137695313 12.71121978759765625 12.768078804016113281 12.789424896240234375 12.770209312438964844 12.71816253662109375 12.533245086669921875 12.271487236022949219 12.056792259216308594 11.967248916625976563 11.943861007690429688 11.8665924072265625 11.695580482482910156 11.541411399841308594 11.403132438659667969 11.358080863952636719 11.360713958740234375 11.364636421203613281 11.427121162414550781 11.563821792602539063 11.704184532165527344 11.791821479797363281 11.918477058410644531 12.014168739318847656 12.041330337524414063 11.987328529357910156 11.908533096313476563 11.919386863708496094 11.990729331970214844 12.015230178833007813 12.013470649719238281 12.03313446044921875 12.003173828125
12.966701507568359375 12.932738304138183594 12.885091781616210938 12.810138702392578125 12.788263320922851563 12.783995628356933594 12.826497077941894531 12.86658477783203125 12.914099693298339844 12.932332992553710938 12.897383689880371094 12.871336936950683594 12.806585311889648438 12.653964996337890625 12.353337287902832031 12.064998626708984375 11.944176673889160156 11.870753288269042969 11.75201416015625 11.592695236206054688 11.443575859069824219 11.306662559509277344 11.227337837219238281 11.294669151306152344 11.316083908081054688 11.388550758361816406 11.525579452514648438 11.662943840026855469 11.768815994262695313 11.908893585205078125 11.985764503479003906 11.993264198303222656 11.938669204711914063 11.935136795043945313 11.982975006103515625 12.009157180786132813 12.014575958251953125 12.019536018371582031 12.022267341613769531 12.01023101806640625
13.08345794677734375 13.088992118835449219 13.110787391662597656 13.065572738647460938 13.021126747131347656 12.984637260437011719 12.970745086669921875 13.005932807922363281 13.015286445617675781 12.990276336669921875 12.912985801696777344 12.87007904052734375 12.841611862182617188 12.75006866455078125 12.504799842834472656 12.185724258422851563 11.954499244689941406 11.853386878967285156 11.716116905212402344 11.557768821716308594 11.388024330139160156 11.194995880126953125 11.160430908203125 11.273039817810058594 11.369719505310058594 11.462224006652832031 11.585256576538085938 11.718217849731445313 11.847071647644042969 11.9547882080078125 11.999170303344726563 12.003892898559570313 11.973963737487792969 11.964113235473632813 11.992722511291503906 12.025645256042480469 12.002594947814941406 11.956292152404785156 11.961815834045410156 11.953786849975585938
13.159399986267089844 13.157444953918457031 13.20114898681640625 13.213397979736328125 13.197566032409667969 13.153264045715332031 13.107839584350585938 13.075869560241699219 13.05974578857421875 13.03984832763671875 12.948439598083496094 12.875577926635742188 12.847468376159667969 12.781224250793457031 12.632996559143066406 12.327724456787109375 12.026601791381835938 11.862711906433105469 11.7546539306640625 11.587268829345703125 11.419133186340332031 11.242336273193359375 11.258101463317871094 11.395816802978515625 11.490060806274414063 11.546686172485351563 11.658257484436035156 11.7652130126953125 11.875234603881835938 11.967871665954589844 11.9772186279296875 11.974823951721191406 11.976490974426269531 11.97522735595703125 11.98891448974609375 12.007413864135742188 11.9560699462890625 11.891904830932617188 11.914358139038085938 11.896712303161621094
13.208035469055175781 13.193029403686523438 13.218614578247070313 13.244303703308105469 13.261963844299316406 13.23941802978515625 13.193395614624023438 13.145325660705566406 13.09239959716796875 13.086922645568847656 13.003808975219726563 12.908061981201171875 12.8883514404296875 12.807227134704589844 12.685476303100585938 12.407258033752441406 12.096399307250976563 11.869161605834960938 11.759717941284179688 11.601709365844726563 11.478666305541992188 11.357937812805175781 11.349654197692871094 11.443523406982421875 11.560064315795898438 11.610596656799316406 11.680776596069335938 11.760472297668457031 11.8348541259765625 11.921217918395996094 11.92681884765625 11.940443038940429688 12.003216743469238281 12.015618324279785156 12.011601448059082031 12.044842720031738281 12.008887290954589844 11.919665336608886719 11.897484779357910156 11.848798751831054688
13.220635414123535156 13.235695838928222656 13.236054420471191406 13.261048316955566406 13.266611099243164063 13.269786834716796875 13.2639312744140625 13.221271514892578125 13.16280364990234375 13.133279800415039063 13.051250457763671875 12.928709030151367188 12.913006782531738281 12.876552581787109375 12.752924919128417969 12.498578071594238281 12.15129852294921875 11.873281478881835938 11.753215789794921875 11.589901924133300781 11.480518341064453125 11.378554344177246094 11.352719306945800781 11.469207763671875 11.616755485534667969 11.702569007873535156 11.772197723388671875 11.846757888793945313 11.895001411437988281 11.982766151428222656 11.996270179748535156 11.97319793701171875 12.002835273742675781 12.013045310974121094 12.023530960083007813 12.098862648010253906 12.062005996704101563 11.984448432922363281 11.955499649047851563 11.930336952209472656
13.235947608947753906 13.240350723266601563 13.259107589721679688 13.268740653991699219 13.26966094970703125 13.259320259094238281 13.2533416748046875 13.235230445861816406 13.169811248779296875 13.116126060485839844 13.073109626770019531 12.959372520446777344 12.933502197265625 12.910299301147460938 12.818384170532226563 12.541035652160644531 12.183438301086425781 11.851502418518066406 11.629817962646484375 11.488237380981445313 11.421495437622070313 11.313427925109863281 11.288582801818847656 11.46675872802734375 11.69183349609375 11.825079917907714844 11.872690200805664063 11.934615135192871094 11.963481903076171875 12.04550933837890625 12.065150260925292969 12.043254852294921875 12.051401138305664063 12.019156455993652344 11.980838775634765625 12.032746315002441406 12.086050987243652344 12.069097518920898438 12.029344558715820313 11.991839408874511719
13.252430915832519531 13.264919281005859375 13.251149177551269531 13.283672332763671875 13.280760765075683594 13.282632827758789063 13.265013694763183594 13.2313995361328125 13.157316207885742188 13.112916946411132813 13.065416336059570313 12.950084686279296875 12.955588340759277344 12.906337738037109375 12.828577995300292969 12.59619903564453125 12.198815345764160156 11.824985504150390625 11.607184410095214844 11.422105789184570313 11.346431732177734375 11.272290229797363281 11.32457733154296875 11.603807449340820313 11.815151214599609375 11.91919708251953125 11.968989372253417969 12.045078277587890625 12.056570053100585938 12.132048606872558594 12.13225555419921875 12.08100128173828125 12.05755615234375 11.974788665771484375 11.925591468811035156 11.98046875 12.062491416931152344 12.11379241943359375 12.129696846008300781 12.083353996276855469
13.256633758544921875 13.290037155151367188 13.308131217956542969 13.30419158935546875 13.284766197204589844 13.257887840270996094 13.232137680053710938 13.188828468322753906 13.157815933227539063 13.135735511779785156 13.053349494934082031 12.954957008361816406 12.923411369323730469 12.909741401672363281 12.828091621398925781 12.574759483337402344 12.166879653930664063 11.801599502563476563 11.522255897521972656 11.354574203491210938 11.3166046142578125 11.39545440673828125 11.630890846252441406 11.850132942199707031 11.979558944702148438 12.066068649291992188 12.145705223083496094 12.222071647644042969 12.205311775207519531 12.219161033630371094 12.199773788452148438 12.093763351440429688 12.078294754028320313 11.972588539123535156 11.849576950073242188 11.87160491943359375 11.964786529541015625 12.087179183959960938 12.198139190673828125 12.221239089965820313
13.272838592529296875 13.275835037231445313 13.268809318542480469 13.26287841796875 13.238825798034667969 13.227931976318359375 13.212957382202148438 13.140994071960449219 13.076581954956054688 13.064176559448242188 13.017716407775878906 12.963287353515625 12.911570549011230469 12.90155792236328125 12.777797698974609375 12.524930000305175781 12.112421989440917969 11.758902549743652344 11.466193199157714844 11.403824806213378906 11.534719467163085938 11.769559860229492188 11.873585700988769531 12.026676177978515625 12.177338600158691406 12.273835182189941406 12.342123985290527344 12.386394500732421875 12.338094711303710938 12.331005096435546875 12.274054527282714844 12.124813079833984375 12.084250450134277344 11.993150711059570313 11.866295814514160156 11.851794242858886719 11.961460113525390625 12.070720672607421875 12.172113418579101563 12.317806243896484375
13.280713081359863281 13.27922821044921875 13.284456253051757813 13.249017715454101563 13.218448638916015625 13.19779205322265625 13.130672454833984375 13.062093734741210938 13.040204048156738281 13.021219253540039063 12.962227821350097656 12.907627105712890625 12.893517494201660156 12.889901161193847656 12.714417457580566406 12.372235298156738281 11.965956687927246094 11.707139968872070313 11.540472984313964844 11.642833709716796875 11.847417831420898438 11.90343475341796875 12.0404205322265625 12.245799064636230469 12.336578369140625 12.3763275146484375 12.449162483215332031 12.454847335815429688 12.390263557434082031 12.377288818359375 12.303154945373535156 12.156830787658691406 12.101301193237304688 12.029568672180175781 11.918775558471679688 11.899736404418945313 11.976663589477539063 12.11693572998046875 12.204568862915039063 12.316875457763671875
13.233843803405761719 13.224955558776855469 13.212166786193847656 13.183137893676757813 13.158177375793457031 13.126473426818847656 13.083180427551269531 13.001883506774902344 12.961876869201660156 12.904999732971191406 12.868244171142578125 12.886136054992675781 12.870562553405761719 12.771211624145507813 12.491971969604492188 12.146117210388183594 11.90454864501953125 11.799077033996582031 11.790729522705078125 11.926301956176757813 11.942508697509765625 12.117560386657714844 12.281465530395507813 12.361127853393554688 12.411786079406738281 12.465917587280273438 12.495000839233398438 12.478571891784667969 12.364573478698730469 12.343382835388183594 12.261019706726074219 12.132930755615234375 12.103269577026367188 12.097606658935546875 11.995764732360839844 11.981005668640136719 12.051587104797363281 12.21616363525390625 12.308388710021972656 12.420701980590820313
