MapLinkProApp/griddata/temperature/ASCII/cmems_mod_glo_phy-thetao_anfc_0,083deg_P1D-m_1702458667101_186,1.asc
ncols        121
nrows        120
xllcorner    -30.041666666667
yllcorner    40.041666655981
cellsize     0.083333333333
NODATA_value  9.9692099683868690468e+36
[rows 36 to 53 of 120, columns 0 to 39 of 121]
12.30157470703125 12.284083366394042969 12.249647140502929688 12.196698188781738281 12.132000923156738281 12.069842338562011719 12.032024383544921875 12.045426368713378906 12.109598159790039063 12.167372703552246094 12.160471916198730469 12.120171546936035156 12.096749305725097656 12.07720947265625 12.086880683898925781 12.067258834838867188 12.073169708251953125 12.017576217651367188 11.95114898681640625 12.118703842163085938 12.366997718811035156 12.422692298889160156 12.475205421447753906 12.689786911010742188 13.204918861389160156 13.729579925537109375 13.920614242553710938 13.856695175170898438 13.846883773803710938 13.922625541687011719 13.959198951721191406 13.89572906494140625 13.849259376525878906 13.8668670654296875 13.830281257629394531 13.772943496704101563 13.716053962707519531 13.631333351135253906 13.522118568420410156 13.333024024963378906
12.437143325805664063 12.435225486755371094 12.438244819641113281 12.437767982482910156 12.45156097412109375 12.443983078002929688 12.418551445007324219 12.407831192016601563 12.405072212219238281 12.394702911376953125 12.379818916320800781 12.378950119018554688 12.408606529235839844 12.428379058837890625 12.401180267333984375 12.347697257995605469 12.30780029296875 12.252044677734375 12.116391181945800781 12.00720977783203125 12.146201133728027344 12.300996780395507813 12.376470565795898438 12.474474906921386719 12.680438041687011719 13.105765342712402344 13.573390960693359375 13.832629203796386719 13.851395606994628906 13.845233917236328125 13.826926231384277344 13.884778022766113281 13.879247665405273438 13.765063285827636719 13.630085945129394531 13.537335395812988281 13.456811904907226563 13.33914947509765625 13.193160057067871094 12.969172477722167969
12.836965560913085938 12.826044082641601563 12.8252410888671875 12.828836441040039063 12.846377372741699219 12.864651679992675781 12.882129669189453125 12.908137321472167969 12.925600051879882813 12.936725616455078125 12.956295967102050781 12.959812164306640625 12.955897331237792969 12.933323860168457031 12.909623146057128906 12.863729476928710938 12.837052345275878906 12.780641555786132813 12.58802032470703125 12.335557937622070313 12.227614402770996094 12.315236091613769531 12.309565544128417969 12.223713874816894531 12.334856986999511719 12.626494407653808594 12.938702583312988281 13.297367095947265625 13.642652511596679688 13.879603385925292969 13.9288330078125 13.8724517822265625 13.834799766540527344 13.757615089416503906 13.777155876159667969 13.746315956115722656 13.589734077453613281 13.392179489135742188 13.201719284057617188 13.047465324401855469
12.990263938903808594 12.97460174560546875 12.969024658203125 12.980016708374023438 13.009049415588378906 13.008087158203125 13.021070480346679688 13.061018943786621094 13.057661056518554688 13.063299179077148438 13.073581695556640625 13.059673309326171875 13.057221412658691406 13.037001609802246094 13.014678955078125 12.997018814086914063 12.959123611450195313 12.9681396484375 12.915846824645996094 12.710387229919433594 12.443360328674316406 12.388204574584960938 12.446347236633300781 12.345289230346679688 12.243752479553222656 12.430830955505371094 12.780946731567382813 12.978671073913574219 13.146079063415527344 13.467286109924316406 13.837987899780273438 14.100270271301269531 14.074532508850097656 13.898823738098144531 13.715613365173339844 13.698717117309570313 13.780095100402832031 13.726826667785644531 13.581003189086914063 13.504230499267578125
13.028161048889160156 13.021843910217285156 13.019022941589355469 13.0325927734375 13.047078132629394531 13.067376136779785156 13.108847618103027344 13.142434120178222656 13.175786018371582031 13.223586082458496094 13.241497039794921875 13.256880760192871094 13.242501258850097656 13.200084686279296875 13.145028114318847656 13.053933143615722656 12.978327751159667969 12.905533790588378906 12.868716239929199219 12.849544525146484375 12.685343742370605469 12.529130935668945313 12.575571060180664063 12.528805732727050781 12.327653884887695313 12.31098175048828125 12.606095314025878906 13.015446662902832031 13.282057762145996094 13.363439559936523438 13.442922592163085938 13.679189682006835938 14.033222198486328125 14.279661178588867188 14.171026229858398438 13.84356689453125 13.643557548522949219 13.64871978759765625 13.687073707580566406 13.678872108459472656
13.123304367065429688 13.105526924133300781 13.115691184997558594 13.165501594543457031 13.243159294128417969 13.34372711181640625 13.46135711669921875 13.573815345764160156 13.67192840576171875 13.760031700134277344 13.821405410766601563 13.859814643859863281 13.854206085205078125 13.82450103759765625 13.747159957885742188 13.626621246337890625 13.475063323974609375 13.251344680786132813 13.052773475646972656 12.916019439697265625 12.81003570556640625 12.705182075500488281 12.732758522033691406 12.698224067687988281 12.430562019348144531 12.079207420349121094 12.186248779296875 12.549342155456542969 13.007918357849121094 13.399127006530761719 13.603391647338867188 13.694245338439941406 13.725102424621582031 13.929236412048339844 14.310486793518066406 14.467122077941894531 14.12458038330078125 13.684601783752441406 13.51049041748046875 13.527391433715820313
13.166015625 13.219179153442382813 13.3150634765625 13.447955131530761719 13.592984199523925781 13.741467475891113281 13.887679100036621094 14.004719734191894531 14.110858917236328125 14.199719429016113281 14.240166664123535156 14.272089958190917969 14.248003005981445313 14.223988533020019531 14.164728164672851563 14.06880950927734375 13.94422149658203125 13.761278152465820313 13.491532325744628906 13.197615623474121094 12.9720458984375 12.836439132690429688 12.783846855163574219 12.808450698852539063 12.570089340209960938 12.196461677551269531 12.077252388000488281 12.298736572265625 12.636715888977050781 13.021124839782714844 13.495627403259277344 13.679300308227539063 13.793183326721191406 13.973536491394042969 14.148964881896972656 14.489131927490234375 14.580732345581054688 14.185866355895996094 13.715471267700195313 13.435225486755371094
13.436156272888183594 13.570032119750976563 13.721299171447753906 13.871026992797851563 14.008455276489257813 14.137576103210449219 14.239622116088867188 14.324777603149414063 14.39890289306640625 14.436222076416015625 14.453672409057617188 14.452754974365234375 14.423501014709472656 14.382038116455078125 14.344837188720703125 14.301560401916503906 14.219943046569824219 14.140999794006347656 14.000699996948242188 13.722517013549804688 13.387814521789550781 13.111505508422851563 12.941532135009765625 12.860921859741210938 12.68430328369140625 12.367686271667480469 12.182360649108886719 12.270025253295898438 12.472573280334472656 12.749333381652832031 13.167515754699707031 13.555510520935058594 13.789259910583496094 14.028708457946777344 14.242351531982421875 14.504201889038085938 14.658545494079589844 14.54764556884765625 14.232903480529785156 13.877793312072753906
13.847353935241699219 13.965332984924316406 14.082562446594238281 14.184360504150390625 14.252449989318847656 14.305694580078125 14.375933647155761719 14.439517974853515625 14.471808433532714844 14.492379188537597656 14.481097221374511719 14.442640304565429688 14.3893280029296875 14.353047370910644531 14.335559844970703125 14.319376945495605469 14.291512489318847656 14.257097244262695313 14.274333000183105469 14.17583465576171875 13.914973258972167969 13.571992874145507813 13.266717910766601563 13.054124832153320313 12.866922378540039063 12.6548004150390625 12.449163436889648438 12.430314064025878906 12.568325042724609375 12.693783760070800781 12.987891197204589844 13.389738082885742188 13.724541664123535156 14.070249557495117188 14.325374603271484375 14.556878089904785156 14.671662330627441406 14.513436317443847656 14.298305511474609375 14.108654975891113281
14.020623207092285156 14.1081695556640625 14.194571495056152344 14.248106956481933594 14.290426254272460938 14.352720260620117188 14.417694091796875 14.476903915405273438 14.517313957214355469 14.517580986022949219 14.487155914306640625 14.439273834228515625 14.392698287963867188 14.349896430969238281 14.315685272216796875 14.28685760498046875 14.280828475952148438 14.260593414306640625 14.275261878967285156 14.312451362609863281 14.222112655639648438 13.97864532470703125 13.665425300598144531 13.380321502685546875 13.13582611083984375 12.943647384643554688 12.802981376647949219 12.693101882934570313 12.756801605224609375 12.857599258422851563 12.986406326293945313 13.265419960021972656 13.6279296875 13.994602203369140625 14.253542900085449219 14.460503578186035156 14.640146255493164063 14.481327056884765625 14.196356773376464844 14.024263381958007813
14.164250373840332031 14.2465667724609375 14.304571151733398438 14.33740997314453125 14.363949775695800781 14.39437103271484375 14.42584228515625 14.448297500610351563 14.443604469299316406 14.421366691589355469 14.386143684387207031 14.353849411010742188 14.3375701904296875 14.33734130859375 14.342927932739257813 14.324192047119140625 14.290172576904296875 14.273171424865722656 14.273164749145507813 14.308671951293945313 14.3585968017578125 14.307504653930664063 14.11098480224609375 13.866579055786132813 13.611313819885253906 13.370766639709472656 13.218805313110351563 13.080861091613769531 13.041484832763671875 13.105987548828125 13.155229568481445313 13.323894500732421875 13.620425224304199219 13.93527984619140625 14.208205223083496094 14.442029953002929688 14.669156074523925781 14.6511383056640625 14.270152091979980469 13.93590545654296875
14.296916961669921875 14.357501029968261719 14.366924285888671875 14.347631454467773438 14.332476615905761719 14.334464073181152344 14.355921745300292969 14.379972457885742188 14.380662918090820313 14.381312370300292969 14.374235153198242188 14.379033088684082031 14.421956062316894531 14.456229209899902344 14.474005699157714844 14.491345405578613281 14.448652267456054688 14.371835708618164063 14.312643051147460938 14.313723564147949219 14.357885360717773438 14.410634040832519531 14.353030204772949219 14.189637184143066406 13.999939918518066406 13.767491340637207031 13.589167594909667969 13.43585968017578125 13.334656715393066406 13.358716964721679688 13.36782073974609375 13.479646682739257813 13.70426177978515625 14.00335693359375 14.299788475036621094 14.514924049377441406 14.748414039611816406 14.821530342102050781 14.460561752319335938 14.023688316345214844
14.366814613342285156 14.356461524963378906 14.337878227233886719 14.320163726806640625 14.318723678588867188 14.341497421264648438 14.372959136962890625 14.409571647644042969 14.428240776062011719 14.452915191650390625 14.494467735290527344 14.543745040893554688 14.60443115234375 14.627986907958984375 14.588443756103515625 14.561024665832519531 14.547002792358398438 14.489678382873535156 14.411244392395019531 14.366380691528320313 14.370603561401367188 14.424769401550292969 14.426344871520996094 14.350529670715332031 14.242884635925292969 14.071055412292480469 13.9167327880859375 13.77358245849609375 13.652593612670898438 13.648021697998046875 13.620635986328125 13.688225746154785156 13.852746009826660156 14.117239952087402344 14.389178276062011719 14.602388381958007813 14.854747772216796875 14.923615455627441406 14.632718086242675781 14.173417091369628906
14.3871002197265625 14.372591972351074219 14.346749305725097656 14.340677261352539063 14.390956878662109375 14.485743522644042969 14.571419715881347656 14.640004158020019531 14.672230720520019531 14.7074127197265625 14.76019287109375 14.80504608154296875 14.783404350280761719 14.668207168579101563 14.517359733581542969 14.437512397766113281 14.454364776611328125 14.475571632385253906 14.453429222106933594 14.418485641479492188 14.41201019287109375 14.461070060729980469 14.481891632080078125 14.454091072082519531 14.413619041442871094 14.307401657104492188 14.195536613464355469 14.088161468505859375 13.978285789489746094 13.955066680908203125 13.888758659362792969 13.940337181091308594 14.06299591064453125 14.285736083984375 14.478933334350585938 14.66408538818359375 14.913126945495605469 14.956758499145507813 14.677049636840820313 14.203148841857910156
14.463499069213867188 14.452234268188476563 14.414387702941894531 14.430808067321777344 14.51309967041015625 14.61574554443359375 14.700398445129394531 14.723141670227050781 14.687170028686523438 14.669782638549804688 14.686837196350097656 14.711485862731933594 14.649820327758789063 14.511820793151855469 14.400057792663574219 14.331463813781738281 14.337316513061523438 14.379285812377929688 14.4164886474609375 14.419857025146484375 14.428060531616210938 14.467437744140625 14.477203369140625 14.486279487609863281 14.485988616943359375 14.420851707458496094 14.355282783508300781 14.270464897155761719 14.183183670043945313 14.167265892028808594 14.0864715576171875 14.139397621154785156 14.252450942993164063 14.413044929504394531 14.565485954284667969 14.745477676391601563 14.918791770935058594 14.860265731811523438 14.53868865966796875 14.149412155151367188
14.544137954711914063 14.504907608032226563 14.462840080261230469 14.485796928405761719 14.590888023376464844 14.738080978393554688 14.79540252685546875 14.642087936401367188 14.373325347900390625 14.287624359130859375 14.388327598571777344 14.473641395568847656 14.475942611694335938 14.427888870239257813 14.417379379272460938 14.390711784362792969 14.354348182678222656 14.359968185424804688 14.391347885131835938 14.415621757507324219 14.432895660400390625 14.461902618408203125 14.505441665649414063 14.547892570495605469 14.560454368591308594 14.529462814331054688 14.510024070739746094 14.434047698974609375 14.387768745422363281 14.33963775634765625 14.265148162841796875 14.332251548767089844 14.460756301879882813 14.553516387939453125 14.668588638305664063 14.800353050231933594 14.923295021057128906 14.807070732116699219 14.383148193359375 14.134675025939941406
14.599955558776855469 14.577588081359863281 14.515026092529296875 14.5308837890625 14.649782180786132813 14.785238265991210938 14.716478347778320313 14.316164016723632813 13.880648612976074219 13.825306892395019531 14.04346466064453125 14.21353912353515625 14.313086509704589844 14.379738807678222656 14.348155021667480469 14.319118499755859375 14.323487281799316406 14.351643562316894531 14.38851165771484375 14.435679435729980469 14.479373931884765625 14.503136634826660156 14.521001815795898438 14.56118011474609375 14.594300270080566406 14.593006134033203125 14.583263397216796875 14.526146888732910156 14.510313987731933594 14.471117019653320313 14.43845367431640625 14.521809577941894531 14.629350662231445313 14.657215118408203125 14.746865272521972656 14.933391571044921875 15.063992500305175781 14.841409683227539063 14.398461341857910156 14.236309051513671875
14.621446609497070313 14.642104148864746094 14.577117919921875 14.560956001281738281 14.651684761047363281 14.773909568786621094 14.679685592651367188 14.300159454345703125 13.913844108581542969 13.868959426879882813 13.957369804382324219 14.102458000183105469 14.262246131896972656 14.363834381103515625 14.339300155639648438 14.264741897583007813 14.246608734130859375 14.306830406188964844 14.398935317993164063 14.471288681030273438 14.509058952331542969 14.515079498291015625 14.5262451171875 14.556080818176269531 14.615180015563964844 14.651744842529296875 14.642709732055664063 14.586173057556152344 14.533939361572265625 14.49646759033203125 14.578418731689453125 14.687358856201171875 14.689884185791015625 14.729602813720703125 14.783998489379882813 14.940929412841796875 15.103198051452636719 14.876368522644042969 14.471754074096679688 14.335505485534667969
