MapLinkProApp/griddata/temperature/ASCII/cmems_mod_glo_phy-thetao_anfc_0,083deg_P1D-m_1702458667101_11,4.asc
ncols        121
nrows        120
xllcorner    -30.041666666667
yllcorner    40.041666655981
cellsize     0.083333333333
NODATA_value  9.9692099683868690468e+36
[rows 72 to 89 of 120, columns 40 to 79 of 121]
16.973077774047851563 16.959835052490234375 16.939464569091796875 16.913021087646484375 16.882755279541015625 16.852369308471679688 16.820795059204101563 16.786617279052734375 16.742755889892578125 16.69208526611328125 16.635599136352539063 16.578611373901367188 16.538576126098632813 16.523790359497070313 16.535818099975585938 16.569051742553710938 16.610277175903320313 16.6584625244140625 16.695545196533203125 16.6804656982421875 16.618299484252929688 16.545289993286132813 16.474222183227539063 16.418230056762695313 16.35813140869140625 16.264631271362304688 16.237659454345703125 16.321546554565429688 16.329935073852539063 16.16045379638671875 15.996598243713378906 15.954823493957519531 15.949492454528808594 15.931181907653808594 15.928894996643066406 15.948216438293457031 15.983041763305664063 16.001201629638671875 16.008365631103515625 16.010431289672851563
16.7905426025390625 16.777643203735351563 16.75308990478515625 16.721994400024414063 16.69171142578125 16.6687469482421875 16.652477264404296875 16.641971588134765625 16.632970809936523438 16.622890472412109375 16.610301971435546875 16.5935821533203125 16.578432083129882813 16.567296981811523438 16.570652008056640625 16.593111038208007813 16.628843307495117188 16.681133270263671875 16.731494903564453125 16.744474411010742188 16.718181610107421875 16.675363540649414063 16.630878448486328125 16.569231033325195313 16.464006423950195313 16.339254379272460938 16.292463302612304688 16.347078323364257813 16.343832015991210938 16.17214202880859375 16.002428054809570313 15.95885467529296875 15.963456153869628906 15.966852188110351563 15.992586135864257813 16.015827178955078125 16.023275375366210938 16.012468338012695313 16.005474090576171875 16.00414276123046875
16.507562637329101563 16.499216079711914063 16.485101699829101563 16.47034454345703125 16.459047317504882813 16.453588485717773438 16.450855255126953125 16.449007034301757813 16.448926925659179688 16.449371337890625 16.449138641357421875 16.451101303100585938 16.454814910888671875 16.461942672729492188 16.480482101440429688 16.51879119873046875 16.582651138305664063 16.666364669799804688 16.7398681640625 16.774242401123046875 16.770212173461914063 16.745861053466796875 16.707855224609375 16.635332107543945313 16.522279739379882813 16.4101409912109375 16.362178802490234375 16.385799407958984375 16.35868072509765625 16.193943023681640625 16.0301361083984375 15.986319541931152344 16.003725051879882813 16.015363693237304688 16.024915695190429688 16.011312484741210938 15.97205352783203125 15.949602127075195313 15.948070526123046875 15.950695037841796875
16.360208511352539063 16.356973648071289063 16.3594512939453125 16.366044998168945313 16.3729400634765625 16.377126693725585938 16.3775634765625 16.3719329833984375 16.361968994140625 16.350458145141601563 16.3369293212890625 16.331815719604492188 16.337282180786132813 16.346799850463867188 16.368436813354492188 16.425151824951171875 16.525815963745117188 16.64467620849609375 16.741643905639648438 16.792718887329101563 16.797693252563476563 16.772869110107421875 16.727748870849609375 16.654523849487304688 16.557498931884765625 16.466733932495117188 16.421308517456054688 16.418306350708007813 16.365587234497070313 16.209165573120117188 16.0594635009765625 16.017148971557617188 16.038045883178710938 16.041194915771484375 16.013795852661132813 15.959843635559082031 15.914524078369140625 15.906226158142089844 15.913171768188476563 15.917180061340332031
16.354063034057617188 16.372316360473632813 16.40195465087890625 16.432142257690429688 16.458673477172851563 16.478298187255859375 16.485988616943359375 16.475366592407226563 16.450702667236328125 16.422307968139648438 16.393239974975585938 16.373790740966796875 16.365049362182617188 16.365468978881835938 16.385890960693359375 16.446659088134765625 16.55179595947265625 16.6728515625 16.768611907958984375 16.813241958618164063 16.809259414672851563 16.77439117431640625 16.716457366943359375 16.635913848876953125 16.547830581665039063 16.481456756591796875 16.455791473388671875 16.44290924072265625 16.359205245971679688 16.202047348022460938 16.07218170166015625 16.035413742065429688 16.047517776489257813 16.037609100341796875 15.988943099975585938 15.928826332092285156 15.904587745666503906 15.906319618225097656 15.912502288818359375 15.918329238891601563
16.406995773315429688 16.455242156982421875 16.518430709838867188 16.579845428466796875 16.63585662841796875 16.675870895385742188 16.690507888793945313 16.677978515625 16.646417617797851563 16.609537124633789063 16.5668487548828125 16.526678085327148438 16.4953155517578125 16.481851577758789063 16.505422592163085938 16.5617523193359375 16.641996383666992188 16.735569000244140625 16.8081512451171875 16.831129074096679688 16.806365966796875 16.750095367431640625 16.67705535888671875 16.602621078491210938 16.54465484619140625 16.5090484619140625 16.4810791015625 16.421840667724609375 16.30615234375 16.17221832275390625 16.080293655395507813 16.05100250244140625 16.051004409790039063 16.026403427124023438 15.972558975219726563 15.932877540588378906 15.929467201232910156 15.926844596862792969 15.917016029357910156 15.914416313171386719
16.528413772583007813 16.59157562255859375 16.67351531982421875 16.764661788940429688 16.8366851806640625 16.87538909912109375 16.87653350830078125 16.8501434326171875 16.812498092651367188 16.770109176635742188 16.722036361694335938 16.678785324096679688 16.64128875732421875 16.631509780883789063 16.664178848266601563 16.713535308837890625 16.764804840087890625 16.817754745483398438 16.853113174438476563 16.8462677001953125 16.786861419677734375 16.697038650512695313 16.619398117065429688 16.5684051513671875 16.528539657592773438 16.4806976318359375 16.41367340087890625 16.324842453002929688 16.228191375732421875 16.147226333618164063 16.091382980346679688 16.068918228149414063 16.052318572998046875 16.01297760009765625 15.969768524169921875 15.955189704895019531 15.95542144775390625 15.945427894592285156 15.932683944702148438 15.917985916137695313
16.612516403198242188 16.682546615600585938 16.773675918579101563 16.861726760864257813 16.920772552490234375 16.938877105712890625 16.930843353271484375 16.90572357177734375 16.875593185424804688 16.84589385986328125 16.81717681884765625 16.794900894165039063 16.785816192626953125 16.798107147216796875 16.823230743408203125 16.847806930541992188 16.866743087768554688 16.872293472290039063 16.84662628173828125 16.781236648559570313 16.697292327880859375 16.621364593505859375 16.561016082763671875 16.510065078735351563 16.456129074096679688 16.394512176513671875 16.327056884765625 16.256427764892578125 16.1920166015625 16.139307022094726563 16.098970413208007813 16.07453155517578125 16.044572830200195313 16.006998062133789063 15.979969024658203125 15.969362258911132813 15.96114349365234375 15.956171989440917969 15.955156326293945313 15.937855720520019531
16.6758880615234375 16.740755081176757813 16.823640823364257813 16.895658493041992188 16.930835723876953125 16.929338455200195313 16.913787841796875 16.900114059448242188 16.89235687255859375 16.887371063232421875 16.881608963012695313 16.873674392700195313 16.86745452880859375 16.861265182495117188 16.849269866943359375 16.827199935913085938 16.792507171630859375 16.744760513305664063 16.684968948364257813 16.619215011596679688 16.557430267333984375 16.50009918212890625 16.446014404296875 16.396371841430664063 16.346693038940429688 16.301012039184570313 16.261568069458007813 16.222055435180664063 16.185657501220703125 16.149280548095703125 16.1158905029296875 16.086822509765625 16.052698135375976563 16.024318695068359375 16.002208709716796875 15.982103347778320313 15.981784820556640625 16.00214385986328125 16.012073516845703125 15.997948646545410156
16.68036651611328125 16.72667694091796875 16.79913330078125 16.861516952514648438 16.883897781372070313 16.866016387939453125 16.83223724365234375 16.802158355712890625 16.778032302856445313 16.75516510009765625 16.73340606689453125 16.713754653930664063 16.692487716674804688 16.670366287231445313 16.648305892944335938 16.623504638671875 16.593458175659179688 16.558074951171875 16.517505645751953125 16.4738311767578125 16.430164337158203125 16.388330459594726563 16.352529525756835938 16.321170806884765625 16.288532257080078125 16.258356094360351563 16.232784271240234375 16.21026611328125 16.189893722534179688 16.166685104370117188 16.137865066528320313 16.105419158935546875 16.068666458129882813 16.037691116333007813 16.007215499877929688 15.985836029052734375 15.984052658081054688 15.987900733947753906 15.964435577392578125 15.946980476379394531
16.672571182250976563 16.706390380859375 16.760343551635742188 16.810068130493164063 16.823255538940429688 16.796802520751953125 16.752346038818359375 16.707988739013671875 16.672285079956054688 16.638568878173828125 16.610919952392578125 16.591075897216796875 16.573223114013671875 16.5549774169921875 16.53578948974609375 16.513538360595703125 16.486614227294921875 16.460351943969726563 16.435209274291992188 16.41022491455078125 16.3861236572265625 16.363555908203125 16.344026565551757813 16.324979782104492188 16.3048553466796875 16.283933639526367188 16.262876510620117188 16.244319915771484375 16.225126266479492188 16.205987930297851563 16.183349609375 16.149621963500976563 16.10526275634765625 16.064544677734375 16.0256500244140625 15.991227149963378906 15.958860397338867188 15.925708770751953125 15.884146690368652344 15.874524116516113281
16.629487991333007813 16.665802001953125 16.702251434326171875 16.740459442138671875 16.752614974975585938 16.728313446044921875 16.68221282958984375 16.635251998901367188 16.600091934204101563 16.573122024536132813 16.54674530029296875 16.526506423950195313 16.5094757080078125 16.493621826171875 16.481771469116210938 16.471683502197265625 16.45735931396484375 16.438005447387695313 16.416202545166015625 16.394407272338867188 16.374261856079101563 16.353305816650390625 16.331371307373046875 16.3137054443359375 16.3041229248046875 16.299962997436523438 16.295000076293945313 16.287332534790039063 16.276031494140625 16.258205413818359375 16.2318115234375 16.2005767822265625 16.159917831420898438 16.108373641967773438 16.051843643188476563 15.993979454040527344 15.938872337341308594 15.901724815368652344 15.894412994384765625 15.897190093994140625
16.584566116333007813 16.623056411743164063 16.646432876586914063 16.673406600952148438 16.68645477294921875 16.668863296508789063 16.624189376831054688 16.577375411987304688 16.537302017211914063 16.5081024169921875 16.478986740112304688 16.455156326293945313 16.440378189086914063 16.429937362670898438 16.419527053833007813 16.409078598022460938 16.395389556884765625 16.377595901489257813 16.35800933837890625 16.33624267578125 16.313375473022460938 16.289789199829101563 16.269765853881835938 16.259874343872070313 16.261964797973632813 16.2725830078125 16.284589767456054688 16.293292999267578125 16.295196533203125 16.28824615478515625 16.268863677978515625 16.239660263061523438 16.201404571533203125 16.147983551025390625 16.081556320190429688 16.01673126220703125 15.969260215759277344 15.951691627502441406 15.972929000854492188 15.960674285888671875
16.651182174682617188 16.645208358764648438 16.637882232666015625 16.646335601806640625 16.660579681396484375 16.655832290649414063 16.6175994873046875 16.570163726806640625 16.529270172119140625 16.49994659423828125 16.479139328002929688 16.467761993408203125 16.466226577758789063 16.465057373046875 16.457555770874023438 16.445142745971679688 16.4310302734375 16.41268157958984375 16.393911361694335938 16.373956680297851563 16.351253509521484375 16.324188232421875 16.293809890747070313 16.26500701904296875 16.242578506469726563 16.229999542236328125 16.226980209350585938 16.231212615966796875 16.238317489624023438 16.245756149291992188 16.246484756469726563 16.237253189086914063 16.219347000122070313 16.185638427734375 16.137897491455078125 16.089801788330078125 16.052799224853515625 16.034027099609375 16.034809112548828125 15.98455047607421875
16.995449066162109375 16.960084915161132813 16.852350234985351563 16.725452423095703125 16.663541793823242188 16.659280776977539063 16.644086837768554688 16.605770111083984375 16.565244674682617188 16.538360595703125 16.524236679077148438 16.51776885986328125 16.514326095581054688 16.5090789794921875 16.503076553344726563 16.508249282836914063 16.521638870239257813 16.532678604125976563 16.541700363159179688 16.546804428100585938 16.541139602661132813 16.519023895263671875 16.4813232421875 16.437091827392578125 16.400592803955078125 16.376699447631835938 16.356966018676757813 16.33321380615234375 16.302829742431640625 16.278743743896484375 16.268503189086914063 16.252721786499023438 16.2264404296875 16.196283340454101563 16.159406661987304688 16.120943069458007813 16.090692520141601563 16.072988510131835938 16.056644439697265625 16.005868911743164063
17.18297576904296875 17.321697235107421875 17.361413955688476563 17.218290328979492188 16.890718460083007813 16.702272415161132813 16.663892745971679688 16.6490020751953125 16.619184494018554688 16.586421966552734375 16.560277938842773438 16.535076141357421875 16.50347900390625 16.476945877075195313 16.472835540771484375 16.496242523193359375 16.524396896362304688 16.543504714965820313 16.573932647705078125 16.624612808227539063 16.676824569702148438 16.714206695556640625 16.731985092163085938 16.731410980224609375 16.719778060913085938 16.703462600708007813 16.6712799072265625 16.606580734252929688 16.522462844848632813 16.461706161499023438 16.448743820190429688 16.456132888793945313 16.455461502075195313 16.44207763671875 16.403257369995117188 16.34084320068359375 16.2678375244140625 16.213483810424804688 16.158357620239257813 16.226873397827148438
17.196430206298828125 17.388875961303710938 17.521505355834960938 17.60811614990234375 17.45774078369140625 17.044834136962890625 16.750823974609375 16.670438766479492188 16.65142822265625 16.620685577392578125 16.585071563720703125 16.548427581787109375 16.499908447265625 16.450975418090820313 16.433048248291015625 16.448368072509765625 16.463766098022460938 16.459447860717773438 16.451467514038085938 16.45844268798828125 16.498586654663085938 16.579587936401367188 16.6864013671875 16.78992462158203125 16.8746337890625 16.939527511596679688 16.978902816772460938 16.961751937866210938 16.861850738525390625 16.719827651977539063 16.605915069580078125 16.559091567993164063 16.564037322998046875 16.571468353271484375 16.541734695434570313 16.47014617919921875 16.368978500366210938 16.267034530639648438 16.29384613037109375 16.356563568115234375
17.549386978149414063 17.735353469848632813 17.797113418579101563 17.784864425659179688 17.789819717407226563 17.70720672607421875 17.331905364990234375 16.914388656616210938 16.707246780395507813 16.651926040649414063 16.624225616455078125 16.596891403198242188 16.562582015991210938 16.514272689819335938 16.472436904907226563 16.460397720336914063 16.477647781372070313 16.497669219970703125 16.505207061767578125 16.489931106567382813 16.448106765747070313 16.407903671264648438 16.39728546142578125 16.451269149780273438 16.557725906372070313 16.6906280517578125 16.849763870239257813 16.988981246948242188 17.057231903076171875 17.021068572998046875 16.875371932983398438 16.707736968994140625 16.614625930786132813 16.580242156982421875 16.505132675170898438 16.382572174072265625 16.289630889892578125 16.30146026611328125 16.383653640747070313 16.267072677612304688
