MapLinkProApp/griddata/temperature/ASCII/cmems_mod_glo_phy-thetao_anfc_0,083deg_P1D-m_1702458667101_47,4.asc
ncols        121
nrows        120
xllcorner    -30.041666666667
yllcorner    40.041666655981
cellsize     0.083333333333
NODATA_value  9.9692099683868690468e+36
[rows 18 to 35 of 120, columns 40 to 79 of 121]
12.576703071594238281 12.690765380859375 12.681684494018554688 12.573523521423339844 12.547109603881835938 12.940675735473632813 13.672514915466308594 14.182622909545898438 14.44207763671875 14.559854507446289063 14.567247390747070313 14.4472808837890625 14.236865997314453125 14.132319450378417969 14.220349311828613281 14.302579879760742188 14.389230728149414063 14.447527885437011719 14.421675682067871094 14.403853416442871094 14.445673942565917969 14.529015541076660156 14.612232208251953125 14.657834053039550781 14.654585838317871094 14.624629020690917969 14.582173347473144531 14.542979240417480469 14.498502731323242188 14.423627853393554688 14.310894012451171875 14.163056373596191406 13.995087623596191406 13.836243629455566406 13.728466987609863281 13.71305084228515625 13.777861595153808594 13.834675788879394531 13.81615447998046875 13.75995635986328125
12.565397262573242188 12.595627784729003906 12.5460968017578125 12.440905570983886719 12.670710563659667969 13.433216094970703125 14.051274299621582031 14.356596946716308594 14.510220527648925781 14.584272384643554688 14.564902305603027344 14.432539939880371094 14.228249549865722656 14.130975723266601563 14.211727142333984375 14.266475677490234375 14.35527801513671875 14.479571342468261719 14.543238639831542969 14.570794105529785156 14.60553741455078125 14.654008865356445313 14.67803955078125 14.670849800109863281 14.627832412719726563 14.555530548095703125 14.486882209777832031 14.4226226806640625 14.357295989990234375 14.274087905883789063 14.162920951843261719 14.028925895690917969 13.889238357543945313 13.766930580139160156 13.687039375305175781 13.680530548095703125 13.724745750427246094 13.734983444213867188 13.704287528991699219 13.705081939697265625
12.483269691467285156 12.464961051940917969 12.415402412414550781 12.542982101440429688 13.096162796020507813 13.835874557495117188 14.261035919189453125 14.459339141845703125 14.559904098510742188 14.6040802001953125 14.579952239990234375 14.460423469543457031 14.257800102233886719 14.125466346740722656 14.177564620971679688 14.225683212280273438 14.295583724975585938 14.421491622924804688 14.514760971069335938 14.583121299743652344 14.629552841186523438 14.663885116577148438 14.671705245971679688 14.6583099365234375 14.617444992065429688 14.553303718566894531 14.47234344482421875 14.382254600524902344 14.294627189636230469 14.203371047973632813 14.097295761108398438 13.978815078735351563 13.857182502746582031 13.7467803955078125 13.670676231384277344 13.654353141784667969 13.66683197021484375 13.65517425537109375 13.655537605285644531 13.70325469970703125
12.370830535888671875 12.418332099914550781 12.425294876098632813 12.712987899780273438 13.432551383972167969 14.060106277465820313 14.360334396362304688 14.49127197265625 14.574625968933105469 14.620694160461425781 14.611832618713378906 14.528738975524902344 14.354866981506347656 14.162817955017089844 14.127727508544921875 14.169859886169433594 14.210442543029785156 14.310553550720214844 14.392954826354980469 14.46288299560546875 14.516589164733886719 14.543778419494628906 14.548272132873535156 14.529156684875488281 14.507350921630859375 14.482879638671875 14.441554069519042969 14.370686531066894531 14.275333404541015625 14.166180610656738281 14.051568984985351563 13.936779022216796875 13.825684547424316406 13.729353904724121094 13.667276382446289063 13.639219284057617188 13.636590957641601563 13.665726661682128906 13.728362083435058594 13.821186065673828125
12.327362060546875 12.401020050048828125 12.46584320068359375 12.8358306884765625 13.594145774841308594 14.181074142456054688 14.417379379272460938 14.507181167602539063 14.576612472534179688 14.6267242431640625 14.633727073669433594 14.586956024169921875 14.464857101440429688 14.264094352722167969 14.125467300415039063 14.120617866516113281 14.132654190063476563 14.192419052124023438 14.250982284545898438 14.311161994934082031 14.365391731262207031 14.394791603088378906 14.394835472106933594 14.378236770629882813 14.368508338928222656 14.367569923400878906 14.356440544128417969 14.316519737243652344 14.2403106689453125 14.135577201843261719 14.023049354553222656 13.914116859436035156 13.8155059814453125 13.731348037719726563 13.675911903381347656 13.658327102661132813 13.681560516357421875 13.754410743713378906 13.881265640258789063 14.050443649291992188
12.299284934997558594 12.387593269348144531 12.535348892211914063 13.028687477111816406 13.776637077331542969 14.242180824279785156 14.408323287963867188 14.492968559265136719 14.580197334289550781 14.639247894287109375 14.652403831481933594 14.628802299499511719 14.575270652770996094 14.464841842651367188 14.2868804931640625 14.146371841430664063 14.08355712890625 14.063480377197265625 14.091347694396972656 14.117214202880859375 14.158690452575683594 14.192666053771972656 14.20275115966796875 14.197286605834960938 14.191196441650390625 14.20331573486328125 14.215959548950195313 14.197504997253417969 14.138346672058105469 14.046576499938964844 13.943631172180175781 13.849102020263671875 13.771450996398925781 13.715659141540527344 13.689967155456542969 13.712504386901855469 13.805225372314453125 13.951322555541992188 14.102589607238769531 14.233774185180664063
12.281637191772460938 12.384383201599121094 12.596770286560058594 13.156432151794433594 13.877404212951660156 14.280751228332519531 14.40479278564453125 14.476592063903808594 14.575486183166503906 14.647130012512207031 14.663883209228515625 14.641152381896972656 14.605159759521484375 14.569911003112792969 14.50428009033203125 14.35491180419921875 14.183819770812988281 14.053692817687988281 13.991876602172851563 13.991964340209960938 14.010782241821289063 14.044557571411132813 14.058460235595703125 14.049443244934082031 14.039799690246582031 14.044192314147949219 14.050328254699707031 14.0296173095703125 13.980113029479980469 13.911578178405761719 13.838540077209472656 13.771940231323242188 13.72263336181640625 13.701983451843261719 13.766905784606933594 13.922640800476074219 14.064706802368164063 14.136732101440429688 14.198169708251953125 14.290618896484375
12.299056053161621094 12.412957191467285156 12.697131156921386719 13.314746856689453125 13.975390434265136719 14.288325309753417969 14.366152763366699219 14.448544502258300781 14.562338829040527344 14.638741493225097656 14.660434722900390625 14.644351005554199219 14.607321739196777344 14.562513351440429688 14.533812522888183594 14.511099815368652344 14.432255744934082031 14.2982330322265625 14.1302947998046875 13.99564361572265625 13.925847053527832031 13.909724235534667969 13.938498497009277344 13.954117774963378906 13.95825958251953125 13.953029632568359375 13.942317008972167969 13.916756629943847656 13.87300872802734375 13.815229415893554688 13.757807731628417969 13.72101593017578125 13.728270530700683594 13.830393791198730469 13.9884490966796875 14.059115409851074219 14.064532279968261719 14.12653350830078125 14.257319450378417969 14.368931770324707031
12.368174552917480469 12.493483543395996094 12.8438568115234375 13.498368263244628906 14.069475173950195313 14.282601356506347656 14.326822280883789063 14.415080070495605469 14.526172637939453125 14.575669288635253906 14.587815284729003906 14.593554496765136719 14.601862907409667969 14.585275650024414063 14.525385856628417969 14.468561172485351563 14.467831611633300781 14.495144844055175781 14.460418701171875 14.330282211303710938 14.133484840393066406 13.938634872436523438 13.826829910278320313 13.794323921203613281 13.790373802185058594 13.795873641967773438 13.787343978881835938 13.7670745849609375 13.740933418273925781 13.713727951049804688 13.713601112365722656 13.786211013793945313 13.928290367126464844 14.022198677062988281 13.995083808898925781 13.972519874572753906 14.061847686767578125 14.217352867126464844 14.346255302429199219 14.3981781005859375
12.4859619140625 12.605184555053710938 12.988253593444824219 13.637365341186523438 14.125192642211914063 14.262987136840820313 14.285490036010742188 14.368852615356445313 14.4232177734375 14.409456253051757813 14.4156036376953125 14.445850372314453125 14.511493682861328125 14.55887603759765625 14.558791160583496094 14.494222640991210938 14.42670440673828125 14.410576820373535156 14.452905654907226563 14.485680580139160156 14.437407493591308594 14.272260665893554688 14.036503791809082031 13.83819580078125 13.7275238037109375 13.694616317749023438 13.688142776489257813 13.685046195983886719 13.689301490783691406 13.705633163452148438 13.768085479736328125 13.907766342163085938 14.019928932189941406 13.987936019897460938 13.916261672973632813 13.955924034118652344 14.100611686706542969 14.2568817138671875 14.363713264465332031 14.391119003295898438
12.676046371459960938 12.766778945922851563 13.169682502746582031 13.767621040344238281 14.142321586608886719 14.193171501159667969 14.144199371337890625 14.084726333618164063 13.932886123657226563 13.861727714538574219 13.966498374938964844 14.098860740661621094 14.300986289978027344 14.450589179992675781 14.522161483764648438 14.5096435546875 14.458202362060546875 14.41837310791015625 14.402637481689453125 14.408608436584472656 14.427870750427246094 14.457796096801757813 14.420251846313476563 14.252061843872070313 14.002790451049804688 13.791558265686035156 13.678089141845703125 13.649188995361328125 13.695293426513671875 13.778708457946777344 13.861403465270996094 13.983407020568847656 14.022243499755859375 13.934226036071777344 13.889182090759277344 13.956479072570800781 14.100704193115234375 14.2476806640625 14.351769447326660156 14.377424240112304688
12.816675186157226563 12.892916679382324219 13.317968368530273438 13.869157791137695313 14.11948394775390625 14.025675773620605469 13.793913841247558594 13.491671562194824219 13.218806266784667969 13.233884811401367188 13.444354057312011719 13.734319686889648438 14.08255767822265625 14.346044540405273438 14.48653411865234375 14.515346527099609375 14.470520973205566406 14.424225807189941406 14.42142486572265625 14.438408851623535156 14.444621086120605469 14.415898323059082031 14.446850776672363281 14.479841232299804688 14.373948097229003906 14.114666938781738281 13.85205078125 13.691419601440429688 13.686285972595214844 13.815581321716308594 13.938127517700195313 14.007612228393554688 13.964064598083496094 13.869649887084960938 13.861994743347167969 13.946515083312988281 14.090409278869628906 14.228816032409667969 14.328277587890625 14.3583831787109375
12.917041778564453125 13.008141517639160156 13.379167556762695313 13.854483604431152344 14.025488853454589844 13.793711662292480469 13.413644790649414063 13.110715866088867188 13.000678062438964844 13.050151824951171875 13.2027587890625 13.561264991760253906 13.992366790771484375 14.329926490783691406 14.496613502502441406 14.519500732421875 14.481707572937011719 14.455338478088378906 14.479599952697753906 14.506769180297851563 14.529506683349609375 14.526583671569824219 14.464296340942382813 14.458775520324707031 14.492075920104980469 14.373833656311035156 14.118149757385253906 13.854962348937988281 13.714359283447265625 13.743059158325195313 13.855395317077636719 13.917432785034179688 13.854285240173339844 13.815443992614746094 13.856908798217773438 13.953007698059082031 14.091029167175292969 14.219928741455078125 14.312830924987792969 14.346475601196289063
13.06957244873046875 13.120793342590332031 13.397036552429199219 13.806135177612304688 14.006906509399414063 13.812559127807617188 13.44820404052734375 13.225698471069335938 13.177838325500488281 13.170865058898925781 13.275710105895996094 13.626297950744628906 14.074654579162597656 14.405043601989746094 14.545274734497070313 14.544293403625488281 14.503670692443847656 14.504352569580078125 14.567533493041992188 14.637116432189941406 14.684665679931640625 14.704098701477050781 14.664694786071777344 14.531467437744140625 14.494096755981445313 14.507351875305175781 14.386755943298339844 14.135397911071777344 13.891653060913085938 13.758877754211425781 13.742981910705566406 13.760447502136230469 13.754446983337402344 13.801211357116699219 13.88491058349609375 13.990160942077636719 14.121338844299316406 14.241566658020019531 14.319588661193847656 14.349279403686523438
13.320713043212890625 13.28391265869140625 13.418743133544921875 13.732516288757324219 13.979811668395996094 13.922457695007324219 13.660727500915527344 13.476389884948730469 13.375959396362304688 13.255899429321289063 13.3829498291015625 13.802657127380371094 14.243149757385253906 14.515101432800292969 14.590671539306640625 14.549090385437011719 14.508609771728515625 14.547640800476074219 14.651567459106445313 14.760955810546875 14.818875312805175781 14.845979690551757813 14.847747802734375 14.705562591552734375 14.550836563110351563 14.534508705139160156 14.497343063354492188 14.319882392883300781 14.081193923950195313 13.891513824462890625 13.793358802795410156 13.775809288024902344 13.788981437683105469 13.862444877624511719 13.945700645446777344 14.048682212829589844 14.176849365234375 14.294468879699707031 14.356220245361328125 14.370560646057128906
13.617211341857910156 13.502688407897949219 13.484425544738769531 13.674813270568847656 13.919612884521484375 13.971988677978515625 13.821682929992675781 13.613401412963867188 13.411553382873535156 13.367372512817382813 13.685153961181640625 14.12483978271484375 14.476541519165039063 14.631559371948242188 14.616648674011230469 14.538867950439453125 14.531294822692871094 14.635850906372070313 14.78533172607421875 14.905855178833007813 14.965448379516601563 14.9739990234375 14.99407196044921875 14.914215087890625 14.698731422424316406 14.586499214172363281 14.555895805358886719 14.454708099365234375 14.2635040283203125 14.075839996337890625 13.952589988708496094 13.900032997131347656 13.914327621459960938 13.975134849548339844 14.034420013427734375 14.131262779235839844 14.279285430908203125 14.407459259033203125 14.447940826416015625 14.429984092712402344
13.872678756713867188 13.675963401794433594 13.568829536437988281 13.698981285095214844 13.899518013000488281 13.945394515991210938 13.789498329162597656 13.514920234680175781 13.363469123840332031 13.577539443969726563 13.994046211242675781 14.379891395568847656 14.614916801452636719 14.678590774536132813 14.601146697998046875 14.518744468688964844 14.563024520874023438 14.726488113403320313 14.904901504516601563 15.013791084289550781 15.065588951110839844 15.05645751953125 15.066493988037109375 15.042821884155273438 14.835493087768554688 14.649027824401855469 14.596484184265136719 14.52831268310546875 14.381933212280273438 14.211140632629394531 14.087408065795898438 14.036488533020019531 14.05632781982421875 14.086064338684082031 14.126833915710449219 14.259533882141113281 14.479480743408203125 14.6212310791015625 14.632101058959960938 14.55626678466796875
13.884077072143554688 13.654994010925292969 13.585598945617675781 13.703488349914550781 13.794255256652832031 13.704655647277832031 13.51151275634765625 13.400443077087402344 13.521811485290527344 13.895565032958984375 14.269637107849121094 14.548668861389160156 14.713209152221679688 14.711370468139648438 14.582035064697265625 14.50856781005859375 14.60396575927734375 14.811200141906738281 14.98674774169921875 15.076978683471679688 15.118274688720703125 15.112263679504394531 15.108685493469238281 15.085249900817871094 14.902068138122558594 14.719170570373535156 14.638810157775878906 14.558837890625 14.414063453674316406 14.262698173522949219 14.172215461730957031 14.138512611389160156 14.132105827331542969 14.143341064453125 14.202902793884277344 14.433094024658203125 14.710661888122558594 14.8249053955078125 14.774480819702148438 14.682324409484863281
