MapLinkProApp/griddata/temperature/ASCII/cmems_mod_glo_phy-thetao_anfc_0,083deg_P1D-m_1702458667101_9,6.asc
ncols        121
nrows        120
xllcorner    -30.041666666667
yllcorner    40.041666655981
cellsize     0.083333333333
NODATA_value  9.9692099683868690468e+36
[rows 0 to 17 of 120, columns 80 to 119 of 121]
12.6714324951171875 12.5970611572265625 12.50794219970703125 12.572055816650390625 12.812901496887207031 13.021739959716796875 13.271331787109375 13.462884902954101563 13.530633926391601563 13.559889793395996094 13.580048561096191406 13.567845344543457031 13.538638114929199219 13.513540267944335938 13.496654510498046875 13.4831085205078125 13.475111007690429688 13.477139472961425781 13.476737022399902344 13.469611167907714844 13.443745613098144531 13.394159317016601563 13.380138397216796875 13.405317306518554688 13.420014381408691406 13.388711929321289063 13.325362205505371094 13.268121719360351563 13.171342849731445313 13.045017242431640625 12.938418388366699219 12.901522636413574219 12.89627838134765625 12.866029739379882813 12.783170700073242188 12.688937187194824219 12.712140083312988281 12.942060470581054688 13.226998329162597656 13.319859504699707031
13.119842529296875 13.041033744812011719 13.004009246826171875 13.168742179870605469 13.290758132934570313 13.340182304382324219 13.494740486145019531 13.538499832153320313 13.536374092102050781 13.558889389038085938 13.560973167419433594 13.530210494995117188 13.500579833984375 13.488313674926757813 13.486883163452148438 13.467526435852050781 13.433763504028320313 13.418643951416015625 13.412188529968261719 13.407886505126953125 13.4008331298828125 13.410664558410644531 13.437893867492675781 13.462915420532226563 13.431509971618652344 13.346853256225585938 13.24631500244140625 13.171605110168457031 13.126323699951171875 13.096245765686035156 13.0662384033203125 13.013671875 12.919075965881347656 12.820529937744140625 12.752515792846679688 12.747475624084472656 12.869355201721191406 13.087223052978515625 13.254873275756835938 13.325022697448730469
13.399039268493652344 13.341889381408691406 13.371661186218261719 13.466938018798828125 13.451190948486328125 13.473940849304199219 13.553290367126464844 13.5355224609375 13.525979995727539063 13.54903411865234375 13.539434432983398438 13.511006355285644531 13.494531631469726563 13.486290931701660156 13.478926658630371094 13.457271575927734375 13.429009437561035156 13.411889076232910156 13.3973388671875 13.38906097412109375 13.431269645690917969 13.449827194213867188 13.427123069763183594 13.382894515991210938 13.341179847717285156 13.323909759521484375 13.300641059875488281 13.215421676635742188 13.066579818725585938 12.945559501647949219 12.866044044494628906 12.849088668823242188 12.862189292907714844 12.899068832397460938 12.940191268920898438 12.9953155517578125 13.081826210021972656 13.181004524230957031 13.261939048767089844 13.321353912353515625
13.529047966003417969 13.477446556091308594 13.531399726867675781 13.565289497375488281 13.514162063598632813 13.557415962219238281 13.56143951416015625 13.515422821044921875 13.509116172790527344 13.524342536926269531 13.505030632019042969 13.490019798278808594 13.488490104675292969 13.476736068725585938 13.462317466735839844 13.456789016723632813 13.456919670104980469 13.453683853149414063 13.454860687255859375 13.455960273742675781 13.462243080139160156 13.449230194091796875 13.41388702392578125 13.35382843017578125 13.274046897888183594 13.172585487365722656 13.085606575012207031 13.014857292175292969 13.010619163513183594 13.031595230102539063 13.095113754272460938 13.173715591430664063 13.255594253540039063 13.314906120300292969 13.358778953552246094 13.392191886901855469 13.416296958923339844 13.430130958557128906 13.435860633850097656 13.435902595520019531
13.564820289611816406 13.504329681396484375 13.572268486022949219 13.595342636108398438 13.541982650756835938 13.5805206298828125 13.562145233154296875 13.50434112548828125 13.490450859069824219 13.4919586181640625 13.460859298706054688 13.449804306030273438 13.463176727294921875 13.46662139892578125 13.462794303894042969 13.471727371215820313 13.487265586853027344 13.489731788635253906 13.485017776489257813 13.461063385009765625 13.386841773986816406 13.307896614074707031 13.195722579956054688 13.109158515930175781 13.095387458801269531 13.115148544311523438 13.174054145812988281 13.230159759521484375 13.285969734191894531 13.30011749267578125 13.324504852294921875 13.323892593383789063 13.329344749450683594 13.339661598205566406 13.365084648132324219 13.407869338989257813 13.447150230407714844 13.470261573791503906 13.475216865539550781 13.468015670776367188
13.66825103759765625 13.583960533142089844 13.633992195129394531 13.642525672912597656 13.575814247131347656 13.584874153137207031 13.568324089050292969 13.50138092041015625 13.473307609558105469 13.467998504638671875 13.414376258850097656 13.380112648010253906 13.383890151977539063 13.394776344299316406 13.41082000732421875 13.424622535705566406 13.415543556213378906 13.385945320129394531 13.336782455444335938 13.270458221435546875 13.202231407165527344 13.151266098022460938 13.160084724426269531 13.196611404418945313 13.252698898315429688 13.283532142639160156 13.321421623229980469 13.312765121459960938 13.31763458251953125 13.289750099182128906 13.302927017211914063 13.293340682983398438 13.274278640747070313 13.261434555053710938 13.271401405334472656 13.326012611389160156 13.404902458190917969 13.470188140869140625 13.502468109130859375 13.505857467651367188
13.740079879760742188 13.662804603576660156 13.6941986083984375 13.680120468139648438 13.601266860961914063 13.586401939392089844 13.578924179077148438 13.506364822387695313 13.456643104553222656 13.453065872192382813 13.39886474609375 13.335565567016601563 13.310400962829589844 13.30939483642578125 13.323887825012207031 13.324002265930175781 13.288756370544433594 13.244366645812988281 13.199977874755859375 13.1791839599609375 13.210466384887695313 13.27268218994140625 13.321279525756835938 13.332015037536621094 13.302453994750976563 13.25127410888671875 13.226302146911621094 13.196650505065917969 13.203922271728515625 13.20484161376953125 13.21953582763671875 13.226513862609863281 13.23593902587890625 13.221634864807128906 13.209477424621582031 13.240284919738769531 13.324411392211914063 13.423174858093261719 13.495049476623535156 13.531388282775878906
13.781681060791015625 13.734117507934570313 13.740755081176757813 13.694275856018066406 13.617626190185546875 13.585955619812011719 13.591994285583496094 13.524304389953613281 13.440340042114257813 13.429431915283203125 13.392888069152832031 13.332967758178710938 13.311642646789550781 13.286192893981933594 13.262248039245605469 13.241117477416992188 13.213320732116699219 13.196887969970703125 13.201619148254394531 13.2386932373046875 13.289564132690429688 13.315944671630859375 13.299031257629394531 13.230092048645019531 13.163105010986328125 13.13036346435546875 13.129984855651855469 13.10431671142578125 13.10343170166015625 13.101961135864257813 13.099813461303710938 13.136116981506347656 13.177489280700683594 13.181287765502929688 13.183019638061523438 13.210209846496582031 13.275518417358398438 13.375066757202148438 13.472222328186035156 13.540522575378417969
13.813127517700195313 13.779866218566894531 13.72713470458984375 13.65424346923828125 13.6013336181640625 13.573482513427734375 13.591291427612304688 13.550633430480957031 13.440709114074707031 13.412196159362792969 13.388554573059082031 13.306115150451660156 13.264035224914550781 13.221343994140625 13.190627098083496094 13.183727264404296875 13.192219734191894531 13.215926170349121094 13.24993896484375 13.284991264343261719 13.301123619079589844 13.283509254455566406 13.238302230834960938 13.210287094116210938 13.218930244445800781 13.224748611450195313 13.1885833740234375 13.148306846618652344 13.125206947326660156 13.115820884704589844 13.109441757202148438 13.109919548034667969 13.126244544982910156 13.137614250183105469 13.157867431640625 13.202707290649414063 13.270100593566894531 13.354459762573242188 13.442725181579589844 13.516736984252929688
13.823459625244140625 13.744885444641113281 13.638817787170410156 13.581281661987304688 13.574741363525390625 13.591615676879882813 13.59339141845703125 13.576669692993164063 13.466609001159667969 13.392034530639648438 13.387845039367675781 13.298442840576171875 13.234514236450195313 13.190192222595214844 13.165642738342285156 13.172429084777832031 13.19683837890625 13.229440689086914063 13.265681266784667969 13.291758537292480469 13.296193122863769531 13.276162147521972656 13.249558448791503906 13.239206314086914063 13.238001823425292969 13.221569061279296875 13.193378448486328125 13.157518386840820313 13.115244865417480469 13.118724822998046875 13.1268463134765625 13.135549545288085938 13.142261505126953125 13.145018577575683594 13.162199020385742188 13.209178924560546875 13.288205146789550781 13.376097679138183594 13.452854156494140625 13.513834953308105469
13.757443428039550781 13.621303558349609375 13.587824821472167969 13.6622772216796875 13.675470352172851563 13.670737266540527344 13.643021583557128906 13.610459327697753906 13.507312774658203125 13.385066986083984375 13.366655349731445313 13.33342742919921875 13.241761207580566406 13.186655998229980469 13.162198066711425781 13.176198005676269531 13.214545249938964844 13.252619743347167969 13.285410881042480469 13.306603431701660156 13.308193206787109375 13.296230316162109375 13.280490875244140625 13.265339851379394531 13.243163108825683594 13.220621109008789063 13.211386680603027344 13.168981552124023438 13.123969078063964844 13.109659194946289063 13.12615966796875 13.150345802307128906 13.161413192749023438 13.164971351623535156 13.183237075805664063 13.237263679504394531 13.326161384582519531 13.424671173095703125 13.509465217590332031 13.566984176635742188
13.639329910278320313 13.636501312255859375 13.7179107666015625 13.742465019226074219 13.741579055786132813 13.716021537780761719 13.666882514953613281 13.611506462097167969 13.510400772094726563 13.387769699096679688 13.339604377746582031 13.362734794616699219 13.300200462341308594 13.212850570678710938 13.151946067810058594 13.138842582702636719 13.175416946411132813 13.232640266418457031 13.278680801391601563 13.301976203918457031 13.306249618530273438 13.296893119812011719 13.275177001953125 13.247305870056152344 13.212729454040527344 13.182647705078125 13.168929100036621094 13.140616416931152344 13.104833602905273438 13.098611831665039063 13.118468284606933594 13.163496971130371094 13.191926956176757813 13.196310043334960938 13.219025611877441406 13.29746246337890625 13.41516876220703125 13.526617050170898438 13.612919807434082031 13.669412612915039063
13.707726478576660156 13.735684394836425781 13.757275581359863281 13.760297775268554688 13.756986618041992188 13.744100570678710938 13.722536087036132813 13.686031341552734375 13.6248016357421875 13.531829833984375 13.43166351318359375 13.345858573913574219 13.3024444580078125 13.279378890991210938 13.242923736572265625 13.1925506591796875 13.1527862548828125 13.138369560241699219 13.146390914916992188 13.164006233215332031 13.177654266357421875 13.177962303161621094 13.161461830139160156 13.134001731872558594 13.107998847961425781 13.092598915100097656 13.101752281188964844 13.095079421997070313 13.082126617431640625 13.090348243713378906 13.121846199035644531 13.177330970764160156 13.219216346740722656 13.220519065856933594 13.260156631469726563 13.371392250061035156 13.514959335327148438 13.637096405029296875 13.715335845947265625 13.753507614135742188
13.745730400085449219 13.781569480895996094 13.80527496337890625 13.806772232055664063 13.809519767761230469 13.799960136413574219 13.791213035583496094 13.783589363098144531 13.768803596496582031 13.739869117736816406 13.684247016906738281 13.592522621154785156 13.456621170043945313 13.323664665222167969 13.245787620544433594 13.210550308227539063 13.194037437438964844 13.179609298706054688 13.158155441284179688 13.134706497192382813 13.114480972290039063 13.094254493713378906 13.074034690856933594 13.056735992431640625 13.042013168334960938 13.041703224182128906 13.057389259338378906 13.053991317749023438 13.063508033752441406 13.096296310424804688 13.156371116638183594 13.237189292907714844 13.259716033935546875 13.263037681579589844 13.355017662048339844 13.5046844482421875 13.65110015869140625 13.752015113830566406 13.807359695434570313 13.824462890625
13.864098548889160156 13.913486480712890625 13.91684722900390625 13.926360130310058594 13.926553726196289063 13.923694610595703125 13.923199653625488281 13.918853759765625 13.912631034851074219 13.898644447326660156 13.869533538818359375 13.829149246215820313 13.779025077819824219 13.685515403747558594 13.558367729187011719 13.416417121887207031 13.293132781982421875 13.212652206420898438 13.165328025817871094 13.137623786926269531 13.120579719543457031 13.104231834411621094 13.086834907531738281 13.071595191955566406 13.057814598083496094 13.053042411804199219 13.053557395935058594 13.048687934875488281 13.081880569458007813 13.133752822875976563 13.21909332275390625 13.293320655822753906 13.286065101623535156 13.326663017272949219 13.476419448852539063 13.637284278869628906 13.770857810974121094 13.855463981628417969 13.891179084777832031 13.902362823486328125
13.960616111755371094 13.944813728332519531 13.935458183288574219 13.915890693664550781 13.905820846557617188 13.909419059753417969 13.918001174926757813 13.931542396545410156 13.947554588317871094 13.9607086181640625 13.967418670654296875 13.961327552795410156 13.937692642211914063 13.890536308288574219 13.844804763793945313 13.765539169311523438 13.671324729919433594 13.547224998474121094 13.413763999938964844 13.296155929565429688 13.208591461181640625 13.15030670166015625 13.114947319030761719 13.093016624450683594 13.077704429626464844 13.072516441345214844 13.076151847839355469 13.104514122009277344 13.170723915100097656 13.240908622741699219 13.323431968688964844 13.330988883972167969 13.328854560852050781 13.445117950439453125 13.603175163269042969 13.754361152648925781 13.882988929748535156 13.950328826904296875 13.976843833923339844 13.984090805053710938
13.917447090148925781 13.868854522705078125 13.837526321411132813 13.823762893676757813 13.8355865478515625 13.862226486206054688 13.892495155334472656 13.927323341369628906 13.952706336975097656 13.963059425354003906 13.965966224670410156 13.972204208374023438 13.976324081420898438 13.966464042663574219 13.940772056579589844 13.885897636413574219 13.826138496398925781 13.74993133544921875 13.666004180908203125 13.565329551696777344 13.449399948120117188 13.341726303100585938 13.262523651123046875 13.207820892333984375 13.176633834838867188 13.171544075012207031 13.184960365295410156 13.237778663635253906 13.296784400939941406 13.366160392761230469 13.385045051574707031 13.342477798461914063 13.422112464904785156 13.584501266479492188 13.741489410400390625 13.914342880249023438 14.032601356506347656 14.058840751647949219 14.044770240783691406 14.029748916625976563
13.809475898742675781 13.7743682861328125 13.768048286437988281 13.796397209167480469 13.846533775329589844 13.913381576538085938 13.980597496032714844 14.03472137451171875 14.055974960327148438 14.057890892028808594 14.044590950012207031 14.022432327270507813 14.002120018005371094 13.990401268005371094 13.981263160705566406 13.962410926818847656 13.929363250732421875 13.885043144226074219 13.832149505615234375 13.766325950622558594 13.680133819580078125 13.581251144409179688 13.487002372741699219 13.411760330200195313 13.361476898193359375 13.336483001708984375 13.336490631103515625 13.359377861022949219 13.395566940307617188 13.423430442810058594 13.384923934936523438 13.386078834533691406 13.529191970825195313 13.685263633728027344 13.865240097045898438 14.048786163330078125 14.10640716552734375 14.071380615234375 14.035020828247070313 14.014333724975585938
