MapLinkProApp/griddata/temperature/ASCII/cmems_mod_glo_phy-thetao_anfc_0,083deg_P1D-m_1702458667101_2225,1.asc
ncols        121
nrows        120
xllcorner    -30.041666666667
yllcorner    40.041666655981
cellsize     0.083333333333
NODATA_value  9.9692099683868690468e+36
[rows 54 to 71 of 120, columns 0 to 39 of 121]
3.2513575553894042969 3.2730109691619873047 3.3138272762298583984 3.3512041568756103516 3.3550736904144287109 3.3505773544311523438 3.3764948844909667969 3.3913533687591552734 3.4162843227386474609 3.4467134475708007813 3.4350605010986328125 3.4523599147796630859 3.4564154148101806641 3.4802286624908447266 3.5102071762084960938 3.6117343902587890625 3.6353087425231933594 9.9692099683868690468e+36 3.6630845069885253906 3.6218721866607666016 3.6997873783111572266 3.7218010425567626953 9.9692099683868690468e+36 9.9692099683868690468e+36 3.5965604782104492188 3.5782337188720703125 3.5563914775848388672 3.6277666091918945313 9.9692099683868690468e+36 3.5803844928741455078 3.5325767993927001953 3.4359447956085205078 3.4507625102996826172 3.3542766571044921875 3.3211464881896972656 3.3275058269500732422 3.3487091064453125 3.3280975818634033203 3.2658276557922363281 3.2455191612243652344
3.22145843505859375 3.2226469516754150391 3.2447621822357177734 3.2885982990264892578 3.3343613147735595703 3.3522660732269287109 3.3676183223724365234 3.4023456573486328125 3.4274060726165771484 3.4376795291900634766 3.4046082496643066406 3.4170007705688476563 3.4263193607330322266 3.3924763202667236328 3.4845650196075439453 3.6156866550445556641 3.6069343090057373047 9.9692099683868690468e+36 3.5343394279479980469 3.6300787925720214844 3.8352198600769042969 9.9692099683868690468e+36 9.9692099683868690468e+36 9.9692099683868690468e+36 3.6106400489807128906 3.5878167152404785156 3.5884468555450439453 9.9692099683868690468e+36 9.9692099683868690468e+36 3.6096460819244384766 3.5387940406799316406 3.4769563674926757813 9.9692099683868690468e+36 3.3370957374572753906 3.2450950145721435547 3.2389938831329345703 3.3036236763000488281 3.3300802707672119141 3.3308203220367431641 3.3040301799774169922
3.2295002937316894531 3.2171785831451416016 3.2408366203308105469 3.2865774631500244141 3.3345639705657958984 3.3677923679351806641 3.3649477958679199219 3.3732621669769287109 3.4029231071472167969 3.4210963249206542969 3.4058158397674560547 3.3872709274291992188 3.4189062118530273438 3.4124822616577148438 3.4778871536254882813 3.5504510402679443359 3.5132858753204345703 3.5217206478118896484 3.5188970565795898438 3.7414357662200927734 9.9692099683868690468e+36 9.9692099683868690468e+36 9.9692099683868690468e+36 9.9692099683868690468e+36 3.6397199630737304688 3.5602629184722900391 3.628253936767578125 9.9692099683868690468e+36 9.9692099683868690468e+36 3.6172444820404052734 3.5134093761444091797 9.9692099683868690468e+36 9.9692099683868690468e+36 3.2865927219390869141 9.9692099683868690468e+36 3.30467987060546875 3.3588588237762451172 3.3486375808715820313 3.3667109012603759766 3.3450977802276611328
3.2173447608947753906 3.2328321933746337891 3.2724373340606689453 3.3110036849975585938 3.3342263698577880859 3.345142364501953125 3.3629610538482666016 3.35669708251953125 3.3567805290222167969 3.3892979621887207031 3.4215700626373291016 3.4154887199401855469 3.4405763149261474609 9.9692099683868690468e+36 3.4363498687744140625 3.4435887336730957031 3.4024672508239746094 9.9692099683868690468e+36 3.5778729915618896484 9.9692099683868690468e+36 9.9692099683868690468e+36 9.9692099683868690468e+36 3.7459275722503662109 3.6636648178100585938 3.6289389133453369141 3.6231331825256347656 9.9692099683868690468e+36 9.9692099683868690468e+36 9.9692099683868690468e+36 3.5746855735778808594 9.9692099683868690468e+36 9.9692099683868690468e+36 3.3045585155487060547 3.2768800258636474609 3.3446707725524902344 3.3632464408874511719 3.33589935302734375 3.3033733367919921875 3.3258168697357177734 3.3250851631164550781
3.190303802490234375 3.2159714698791503906 3.2665021419525146484 3.3089406490325927734 3.3299405574798583984 3.3362421989440917969 3.3631279468536376953 3.3788366317749023438 3.3819572925567626953 3.4048876762390136719 3.3981354236602783203 3.382083892822265625 3.4236469268798828125 3.4441113471984863281 3.4661340713500976563 9.9692099683868690468e+36 3.4254057407379150391 3.4202692508697509766 3.3741943836212158203 9.9692099683868690468e+36 9.9692099683868690468e+36 9.9692099683868690468e+36 3.8594129085540771484 3.6162316799163818359 3.6153197288513183594 9.9692099683868690468e+36 9.9692099683868690468e+36 9.9692099683868690468e+36 3.5956752300262451172 3.5269041061401367188 9.9692099683868690468e+36 3.3866209983825683594 3.2527661323547363281 3.2634720802307128906 3.334667205810546875 3.3566832542419433594 3.2997920513153076172 3.2556600570678710938 3.2527182102203369141 3.2421233654022216797
3.1959798336029052734 3.2183856964111328125 3.2617495059967041016 3.3016173839569091797 3.3160786628723144531 3.3187234401702880859 3.3268582820892333984 3.3348338603973388672 3.3557703495025634766 3.3803300857543945313 3.3737480640411376953 3.4054107666015625 3.4359068870544433594 3.4812150001525878906 3.5050785541534423828 3.5611677169799804688 3.520107269287109375 3.4902312755584716797 3.5956699848175048828 9.9692099683868690468e+36 9.9692099683868690468e+36 9.9692099683868690468e+36 9.9692099683868690468e+36 3.6702222824096679688 3.8153579235076904297 9.9692099683868690468e+36 9.9692099683868690468e+36 9.9692099683868690468e+36 3.5461037158966064453 3.5247750282287597656 3.4481294155120849609 3.3785521984100341797 3.3058466911315917969 3.2937531471252441406 3.3390111923217773438 3.3273248672485351563 3.2624487876892089844 3.1894137859344482422 3.1589970588684082031 3.1353108882904052734
3.2054774761199951172 3.2223258018493652344 3.2611587047576904297 3.2837781906127929688 3.2925474643707275391 3.3218433856964111328 3.3326146602630615234 3.3247563838958740234 3.3366856575012207031 3.3454291820526123047 3.3917596340179443359 3.4313640594482421875 3.4187531471252441406 3.4576342105865478516 3.5221574306488037109 9.9692099683868690468e+36 9.9692099683868690468e+36 9.9692099683868690468e+36 9.9692099683868690468e+36 9.9692099683868690468e+36 9.9692099683868690468e+36 9.9692099683868690468e+36 9.9692099683868690468e+36 3.7903850078582763672 9.9692099683868690468e+36 9.9692099683868690468e+36 9.9692099683868690468e+36 9.9692099683868690468e+36 9.9692099683868690468e+36 9.9692099683868690468e+36 9.9692099683868690468e+36 3.4580674171447753906 3.4256458282470703125 3.2918436527252197266 3.2981159687042236328 3.2685856819152832031 3.1835031509399414063 3.1149933338165283203 3.0846543312072753906 3.0460202693939208984
3.1960730552673339844 3.2125914096832275391 3.2481834888458251953 3.2785279750823974609 3.3003392219543457031 3.3313772678375244141 3.3441987037658691406 3.3366537094116210938 3.3695225715637207031 3.3698744773864746094 3.4214913845062255859 3.4122197628021240234 3.4348628520965576172 3.5218737125396728516 3.6325924396514892578 9.9692099683868690468e+36 9.9692099683868690468e+36 3.7561678886413574219 3.7501020431518554688 9.9692099683868690468e+36 9.9692099683868690468e+36 9.9692099683868690468e+36 3.6596934795379638672 3.7230184078216552734 9.9692099683868690468e+36 9.9692099683868690468e+36 9.9692099683868690468e+36 9.9692099683868690468e+36 9.9692099683868690468e+36 9.9692099683868690468e+36 9.9692099683868690468e+36 3.5226910114288330078 3.4811623096466064453 3.3571178913116455078 3.3411998748779296875 3.2812573909759521484 3.1905155181884765625 3.1303462982177734375 3.0866212844848632813 3.0288090705871582031
3.2211446762084960938 3.2501456737518310547 3.2765831947326660156 3.2788066864013671875 3.2947480678558349609 3.3112187385559082031 3.3369314670562744141 3.37347412109375 3.4118168354034423828 3.4326107501983642578 3.4475665092468261719 3.4837365150451660156 9.9692099683868690468e+36 3.5658409595489501953 3.6108415126800537109 9.9692099683868690468e+36 3.7129297256469726563 3.7582509517669677734 3.724395751953125 3.7050988674163818359 9.9692099683868690468e+36 9.9692099683868690468e+36 3.6826202869415283203 3.6841742992401123047 3.7589621543884277344 9.9692099683868690468e+36 9.9692099683868690468e+36 9.9692099683868690468e+36 9.9692099683868690468e+36 9.9692099683868690468e+36 3.6032531261444091797 3.5316689014434814453 3.6106407642364501953 3.4868199825286865234 3.4060003757476806641 3.3324401378631591797 3.2502329349517822266 3.1817269325256347656 3.1240785121917724609 3.0619454383850097656
3.2611238956451416016 3.2957832813262939453 3.3030920028686523438 3.2946984767913818359 3.2785859107971191406 3.2720112800598144531 3.3091006278991699219 3.3632268905639648438 3.3992860317230224609 3.4288532733917236328 3.4255857467651367188 3.4338788986206054688 3.4562594890594482422 3.4972555637359619141 3.52193450927734375 3.5614776611328125 3.6051113605499267578 9.9692099683868690468e+36 9.9692099683868690468e+36 9.9692099683868690468e+36 3.6657190322875976563 3.6067068576812744141 3.6069304943084716797 3.6431555747985839844 3.6741659641265869141 9.9692099683868690468e+36 9.9692099683868690468e+36 9.9692099683868690468e+36 9.9692099683868690468e+36 9.9692099683868690468e+36 3.5762650966644287109 3.5362176895141601563 3.5440003871917724609 3.49916839599609375 3.4879193305969238281 3.4336285591125488281 3.3504879474639892578 3.2568242549896240234 3.1750586032867431641 3.1433618068695068359
3.2545657157897949219 3.2827858924865722656 3.2971169948577880859 3.3044638633728027344 3.2952632904052734375 3.2942392826080322266 3.3322856426239013672 3.3864228725433349609 3.3619115352630615234 3.3847727775573730469 3.36760711669921875 3.3917851448059082031 3.4583432674407958984 3.5302050113677978516 3.59644317626953125 3.6625540256500244141 9.9692099683868690468e+36 9.9692099683868690468e+36 9.9692099683868690468e+36 9.9692099683868690468e+36 3.6734869480133056641 3.5955958366394042969 3.5701992511749267578 3.6263282299041748047 3.6876561641693115234 9.9692099683868690468e+36 9.9692099683868690468e+36 3.5540487766265869141 3.6079339981079101563 9.9692099683868690468e+36 9.9692099683868690468e+36 3.5265538692474365234 3.518169403076171875 3.4398648738861083984 3.4810857772827148438 3.49254608154296875 3.4208078384399414063 3.3320333957672119141 3.2745573520660400391 3.2648053169250488281
3.2265682220458984375 3.2359626293182373047 3.2491335868835449219 3.2644095420837402344 3.2942802906036376953 3.3281435966491699219 3.3345954418182373047 3.3589746952056884766 3.3798992633819580078 3.3783943653106689453 3.3417279720306396484 3.4019205570220947266 3.4847598075866699219 3.5012471675872802734 3.5834612846374511719 3.6802809238433837891 9.9692099683868690468e+36 9.9692099683868690468e+36 9.9692099683868690468e+36 9.9692099683868690468e+36 3.6438500881195068359 3.6154122352600097656 3.5975713729858398438 3.6550250053405761719 9.9692099683868690468e+36 9.9692099683868690468e+36 3.5005285739898681641 3.5008137226104736328 3.5246539115905761719 9.9692099683868690468e+36 9.9692099683868690468e+36 3.5330712795257568359 3.5000152587890625 3.4488015174865722656 3.4745941162109375 3.5156574249267578125 3.4740266799926757813 3.4252350330352783203 3.3821895122528076172 3.3195352554321289063
3.1981680393218994141 3.2091121673583984375 3.2250509262084960938 3.2441539764404296875 3.2810237407684326172 3.3208346366882324219 3.3495266437530517578 3.3624234199523925781 3.3636882305145263672 3.3736517429351806641 3.3985993862152099609 3.4592874050140380859 3.5629444122314453125 3.5569067001342773438 3.6220471858978271484 3.6827893257141113281 9.9692099683868690468e+36 3.7410776615142822266 9.9692099683868690468e+36 9.9692099683868690468e+36 3.6774625778198242188 3.6516942977905273438 3.5064311027526855469 3.7206809520721435547 9.9692099683868690468e+36 9.9692099683868690468e+36 3.5099804401397705078 3.5587999820709228516 3.5478329658508300781 3.4900569915771484375 3.4517712593078613281 3.4639332294464111328 3.4687304496765136719 3.4812035560607910156 3.5004472732543945313 3.5141582489013671875 3.4744479656219482422 3.4205653667449951172 3.4229528903961181641 3.3731257915496826172
3.1908249855041503906 3.1980319023132324219 3.2039034366607666016 3.2341315746307373047 3.2609095573425292969 3.2935395240783691406 3.3319401741027832031 3.3489146232604980469 3.3661165237426757813 3.3795678615570068359 3.4311983585357666016 3.4903752803802490234 3.5768885612487792969 3.6281373500823974609 3.6117444038391113281 3.6112949848175048828 3.6176664829254150391 3.7161247730255126953 9.9692099683868690468e+36 3.6249151229858398438 3.5521111488342285156 3.4263746738433837891 3.3500440120697021484 3.4982762336730957031 9.9692099683868690468e+36 9.9692099683868690468e+36 3.4656457901000976563 3.5068507194519042969 3.4976086616516113281 3.4277663230895996094 3.3832771778106689453 3.3936305046081542969 3.3889937400817871094 3.3865990638732910156 3.4459626674652099609 3.4645318984985351563 3.4536898136138916016 3.4045751094818115234 3.3828184604644775391 3.3313884735107421875
3.2088811397552490234 3.2175092697143554688 3.2308886051177978516 3.2509462833404541016 3.2718334197998046875 3.2849798202514648438 3.31439208984375 3.3497433662414550781 3.3505835533142089844 3.3511030673980712891 3.4122869968414306641 3.4749846458435058594 3.5084056854248046875 3.5950465202331542969 3.6146259307861328125 9.9692099683868690468e+36 3.6498479843139648438 3.6454997062683105469 3.5354981422424316406 3.4504292011260986328 3.3638141155242919922 3.2957391738891601563 3.2612967491149902344 9.9692099683868690468e+36 3.2689926624298095703 9.9692099683868690468e+36 3.2689070701599121094 3.2978339195251464844 3.3055026531219482422 3.3268501758575439453 3.3330960273742675781 3.3677301406860351563 3.3595209121704101563 3.3872334957122802734 3.4357621669769287109 3.4782285690307617188 3.4543049335479736328 3.3895354270935058594 3.3045301437377929688 3.2488272190093994141
3.1960091590881347656 3.2039818763732910156 3.2181444168090820313 3.2380940914154052734 3.2558307647705078125 3.2842054367065429688 3.3145811557769775391 3.3153870105743408203 3.3365483283996582031 3.3480496406555175781 3.4453077316284179688 3.5114016532897949219 3.4968268871307373047 3.4989304542541503906 3.5248379707336425781 3.5531439781188964844 3.4599707126617431641 3.4512610435485839844 3.3703999519348144531 3.3317241668701171875 3.2377903461456298828 3.2408490180969238281 9.9692099683868690468e+36 9.9692099683868690468e+36 9.9692099683868690468e+36 9.9692099683868690468e+36 3.1848566532135009766 3.2070877552032470703 3.3102560043334960938 3.3862707614898681641 3.3727033138275146484 3.365680694580078125 3.3725879192352294922 3.3991675376892089844 3.4350731372833251953 3.4599635601043701172 3.4032812118530273438 3.3649747371673583984 3.2953481674194335938 3.2452671527862548828
3.1615951061248779297 3.1896691322326660156 3.2162377834320068359 3.2298135757446289063 3.2357256412506103516 3.2313530445098876953 3.2553606033325195313 3.2884192466735839844 3.3050243854522705078 3.27960205078125 3.3414494991302490234 3.4073212146759033203 3.4239702224731445313 3.4214241504669189453 3.4456012248992919922 3.4308445453643798828 3.4006967544555664063 3.3899474143981933594 3.2991526126861572266 3.3049066066741943359 3.2407453060150146484 3.2564311027526855469 9.9692099683868690468e+36 9.9692099683868690468e+36 9.9692099683868690468e+36 3.2244970798492431641 3.1896581649780273438 3.2178266048431396484 3.3010282516479492188 3.3251147270202636719 3.3204505443572998047 3.3609766960144042969 3.4047799110412597656 3.412044525146484375 3.4243121147155761719 3.4350371360778808594 3.3698437213897705078 3.3073704242706298828 3.2632510662078857422 3.2477955818176269531
3.1523485183715820313 3.1777322292327880859 3.1978466510772705078 3.2182893753051757813 3.215923309326171875 3.2004075050354003906 3.2128014564514160156 3.2505118846893310547 3.2716729640960693359 3.2504358291625976563 3.2656991481781005859 3.3124725818634033203 3.3186502456665039063 3.3255939483642578125 3.3888020515441894531 9.9692099683868690468e+36 9.9692099683868690468e+36 9.9692099683868690468e+36 3.2744748592376708984 3.3050827980041503906 3.2770905494689941406 9.9692099683868690468e+36 9.9692099683868690468e+36 9.9692099683868690468e+36 9.9692099683868690468e+36 9.9692099683868690468e+36 9.9692099683868690468e+36 9.9692099683868690468e+36 3.3119659423828125 3.2913081645965576172 3.3128943443298339844 3.3895254135131835938 3.3666818141937255859 3.3682043552398681641 3.3773517608642578125 3.3705716133117675781 3.3470306396484375 3.3174011707305908203 3.2942757606506347656 3.2773306369781494141
