MapLinkProApp/griddata/temperature/ASCII/cmems_mod_glo_phy-thetao_anfc_0,083deg_P1D-m_1702458667101_186,1.asc
ncols        121
nrows        120
xllcorner    -30.041666666667
yllcorner    40.041666655981
cellsize     0.083333333333
NODATA_value  9.9692099683868690468e+36
[rows 36 to 53 of 120, columns 80 to 119 of 121]
14.157631874084472656 14.095980644226074219 14.036931037902832031 13.975461959838867188 13.911618232727050781 13.780508041381835938 13.590712547302246094 13.280963897705078125 12.727034568786621094 12.299577713012695313 12.248064041137695313 12.21512603759765625 12.115494728088378906 12.043183326721191406 12.236371040344238281 12.394367218017578125 12.314729690551757813 12.178720474243164063 11.929877281188964844 11.706519126892089844 11.762147903442382813 11.823812484741210938 11.977908134460449219 12.096282958984375 12.152597427368164063 12.244070053100585938 12.310885429382324219 12.428009986877441406 12.728099822998046875 13.089253425598144531 13.568970680236816406 13.934952735900878906 13.885901451110839844 13.621518135070800781 13.490755081176757813 13.575621604919433594 13.629140853881835938 13.66011810302734375 13.708097457885742188 13.707635879516601563
13.975394248962402344 14.023140907287597656 14.038181304931640625 14.001552581787109375 13.904901504516601563 13.78440093994140625 13.643040657043457031 13.567827224731445313 13.459047317504882813 12.932476043701171875 12.392788887023925781 12.195996284484863281 12.119695663452148438 12.079870223999023438 12.233312606811523438 12.313414573669433594 12.255419731140136719 12.189387321472167969 12.089678764343261719 11.936464309692382813 11.904389381408691406 11.991031646728515625 12.148387908935546875 12.304697036743164063 12.331541061401367188 12.290531158447265625 12.213525772094726563 12.259754180908203125 12.464249610900878906 12.780854225158691406 13.2160186767578125 13.701201438903808594 13.999240875244140625 13.821778297424316406 13.579706192016601563 13.561879158020019531 13.603138923645019531 13.605038642883300781 13.639516830444335938 13.645995140075683594
14.115048408508300781 14.154561996459960938 14.085752487182617188 13.906673431396484375 13.715200424194335938 13.557168006896972656 13.479398727416992188 13.526877403259277344 13.594111442565917969 13.385111808776855469 12.801771163940429688 12.348042488098144531 12.142156600952148438 12.077904701232910156 12.196671485900878906 12.225529670715332031 12.139788627624511719 12.139179229736328125 12.184848785400390625 12.202948570251464844 12.183228492736816406 12.199614524841308594 12.206254959106445313 12.182207107543945313 12.205385208129882813 12.191427230834960938 12.176034927368164063 12.210788726806640625 12.356423377990722656 12.5358734130859375 12.911543846130371094 13.406010627746582031 13.885146141052246094 14.018509864807128906 13.783129692077636719 13.621438980102539063 13.627168655395507813 13.593604087829589844 13.613565444946289063 13.628472328186035156
14.191706657409667969 14.106987953186035156 13.960234642028808594 13.77149200439453125 13.54175567626953125 13.330384254455566406 13.257248878479003906 13.335206031799316406 13.544015884399414063 13.657393455505371094 13.290648460388183594 12.68590545654296875 12.275278091430664063 12.101931571960449219 12.165561676025390625 12.24273681640625 12.178072929382324219 12.097203254699707031 12.101424217224121094 12.118295669555664063 12.084363937377929688 12.078660011291503906 12.027420997619628906 11.97820281982421875 11.976269721984863281 12.012204170227050781 12.092051506042480469 12.168957710266113281 12.275943756103515625 12.415371894836425781 12.724688529968261719 13.18517303466796875 13.705569267272949219 14.049599647521972656 13.95201873779296875 13.817481040954589844 13.749583244323730469 13.657420158386230469 13.607527732849121094 13.597302436828613281
14.1583251953125 14.075025558471679688 13.950305938720703125 13.855701446533203125 13.680718421936035156 13.444898605346679688 13.267627716064453125 13.272139549255371094 13.519324302673339844 13.809640884399414063 13.745100975036621094 13.19628143310546875 12.561174392700195313 12.181950569152832031 12.075860023498535156 12.16289520263671875 12.277223587036132813 12.264604568481445313 12.228857994079589844 12.210516929626464844 12.113193511962890625 12.003148078918457031 11.898267745971679688 11.813248634338378906 11.793790817260742188 11.834450721740722656 11.980987548828125 12.092007637023925781 12.16571044921875 12.318987846374511719 12.514398574829101563 12.871243476867675781 13.368829727172851563 13.855831146240234375 14.041360855102539063 13.996929168701171875 14.005578041076660156 13.975790023803710938 13.895382881164550781 13.782330513000488281
14.012064933776855469 13.843236923217773438 13.8260040283203125 13.860863685607910156 13.809946060180664063 13.701519012451171875 13.567404747009277344 13.451746940612792969 13.461629867553710938 13.629624366760253906 13.777356147766113281 13.629441261291503906 13.146840095520019531 12.6031646728515625 12.225708961486816406 12.057781219482421875 12.072771072387695313 12.188506126403808594 12.269054412841796875 12.277497291564941406 12.206708908081054688 12.061960220336914063 11.843991279602050781 11.684472084045410156 11.655122756958007813 11.733155250549316406 11.865859031677246094 11.981986045837402344 12.082075119018554688 12.216810226440429688 12.367505073547363281 12.633861541748046875 13.070347785949707031 13.5865631103515625 13.927411079406738281 14.030634880065917969 14.076276779174804688 14.134923934936523438 14.192201614379882813 14.175157546997070313
13.754746437072753906 13.591296195983886719 13.6222076416015625 13.747174263000488281 13.840188026428222656 13.937085151672363281 13.9243316650390625 13.812571525573730469 13.703044891357421875 13.62801361083984375 13.626108169555664063 13.658593177795410156 13.586200714111328125 13.35372161865234375 13.018255233764648438 12.657087326049804688 12.338802337646484375 12.135126113891601563 12.027461051940917969 11.986744880676269531 11.970715522766113281 11.943807601928710938 11.850118637084960938 11.71337127685546875 11.620984077453613281 11.591015815734863281 11.687387466430664063 11.842867851257324219 12.000757217407226563 12.152709007263183594 12.251212120056152344 12.404829978942871094 12.693551063537597656 13.145901679992675781 13.596492767333984375 13.888978958129882813 14.030884742736816406 14.069691658020019531 14.12659454345703125 14.151425361633300781
13.593873977661132813 13.426739692687988281 13.373929977416992188 13.544206619262695313 13.729920387268066406 13.891910552978515625 14.055204391479492188 14.125049591064453125 14.101520538330078125 14.042638778686523438 13.960257530212402344 13.869000434875488281 13.795987129211425781 13.729352951049804688 13.613606452941894531 13.436402320861816406 13.183918952941894531 12.929125785827636719 12.678747177124023438 12.457195281982421875 12.253870010375976563 12.070737838745117188 11.921619415283203125 11.772032737731933594 11.648873329162597656 11.579092025756835938 11.608119964599609375 11.726302146911621094 11.870252609252929688 12.072041511535644531 12.196048736572265625 12.238847732543945313 12.343744277954101563 12.627573966979980469 12.981317520141601563 13.345306396484375 13.708734512329101563 13.931467056274414063 14.008177757263183594 13.986480712890625
13.6162261962890625 13.492506027221679688 13.331157684326171875 13.33038330078125 13.507244110107421875 13.716199874877929688 13.92050933837890625 14.117979049682617188 14.268294334411621094 14.322194099426269531 14.30255126953125 14.278037071228027344 14.231501579284667969 14.142743110656738281 14.058342933654785156 13.964162826538085938 13.849252700805664063 13.717533111572265625 13.56589508056640625 13.397694587707519531 13.197415351867675781 12.968935012817382813 12.741422653198242188 12.503155708312988281 12.297451972961425781 12.135799407958984375 11.987573623657226563 11.930328369140625 11.890614509582519531 12.013672828674316406 12.152239799499511719 12.170427322387695313 12.184938430786132813 12.327960014343261719 12.551518440246582031 12.845591545104980469 13.240217208862304688 13.580842971801757813 13.826588630676269531 13.931195259094238281
13.698678016662597656 13.579339981079101563 13.481409072875976563 13.433949470520019531 13.48748016357421875 13.635534286499023438 13.822834014892578125 14.010074615478515625 14.206955909729003906 14.403332710266113281 14.496669769287109375 14.458980560302734375 14.422079086303710938 14.432272911071777344 14.4038238525390625 14.3102569580078125 14.183147430419921875 14.079895973205566406 13.995003700256347656 13.935063362121582031 13.855273246765136719 13.76491546630859375 13.642854690551757813 13.486782073974609375 13.288601875305175781 13.0395355224609375 12.790579795837402344 12.598921775817871094 12.311437606811523438 12.145899772644042969 12.138009071350097656 12.144162178039550781 12.129605293273925781 12.141156196594238281 12.23758697509765625 12.423180580139160156 12.801111221313476563 13.196336746215820313 13.536291122436523438 13.808968544006347656
13.600278854370117188 13.51483154296875 13.484785079956054688 13.541700363159179688 13.697473526000976563 13.844425201416015625 14.002023696899414063 14.157172203063964844 14.280028343200683594 14.415869712829589844 14.543526649475097656 14.570611000061035156 14.508243560791015625 14.458864212036132813 14.4434814453125 14.380681037902832031 14.248971939086914063 14.123946189880371094 14.042548179626464844 13.990434646606445313 13.933690071105957031 13.899173736572265625 13.862894058227539063 13.849340438842773438 13.795786857604980469 13.582385063171386719 13.301245689392089844 13.071154594421386719 12.710402488708496094 12.370157241821289063 12.249889373779296875 12.208181381225585938 12.10748291015625 12.07421875 12.099822998046875 12.264441490173339844 12.597781181335449219 12.943152427673339844 13.235476493835449219 13.528081893920898438
13.569529533386230469 13.631671905517578125 13.737574577331542969 13.853095054626464844 13.99268341064453125 14.105478286743164063 14.230919837951660156 14.312215805053710938 14.395956039428710938 14.494493484497070313 14.578096389770507813 14.591670989990234375 14.535547256469726563 14.523427009582519531 14.53932952880859375 14.441655158996582031 14.244197845458984375 14.064952850341796875 13.969621658325195313 13.898453712463378906 13.815465927124023438 13.814038276672363281 13.794699668884277344 13.82131195068359375 13.920647621154785156 13.849802970886230469 13.625094413757324219 13.416040420532226563 13.034289360046386719 12.614727020263671875 12.387033462524414063 12.302472114562988281 12.198789596557617188 12.129502296447753906 12.080089569091796875 12.204306602478027344 12.500936508178710938 12.831729888916015625 13.143862724304199219 13.388147354125976563
13.736196517944335938 13.901553153991699219 14.04150390625 14.195178031921386719 14.275017738342285156 14.322446823120117188 14.382899284362792969 14.400909423828125 14.463732719421386719 14.547643661499023438 14.595752716064453125 14.627665519714355469 14.597664833068847656 14.585050582885742188 14.563572883605957031 14.385622024536132813 14.131257057189941406 13.929390907287597656 13.846339225769042969 13.827554702758789063 13.762969017028808594 13.722774505615234375 13.7112884521484375 13.731566429138183594 13.846423149108886719 13.898609161376953125 13.816164970397949219 13.631536483764648438 13.256583213806152344 12.802888870239257813 12.535440444946289063 12.385289192199707031 12.312872886657714844 12.2480621337890625 12.143719673156738281 12.096302986145019531 12.191431999206542969 12.44947052001953125 12.832866668701171875 13.229547500610351563
14.050093650817871094 14.269956588745117188 14.380326271057128906 14.450519561767578125 14.459989547729492188 14.462859153747558594 14.444421768188476563 14.458407402038574219 14.50701904296875 14.527817726135253906 14.550418853759765625 14.58429718017578125 14.573870658874511719 14.589349746704101563 14.538084983825683594 14.278237342834472656 13.996639251708984375 13.844792366027832031 13.745351791381835938 13.677046775817871094 13.617584228515625 13.597935676574707031 13.629949569702148438 13.664623260498046875 13.794684410095214844 13.928915977478027344 13.919836997985839844 13.715283393859863281 13.314459800720214844 12.86181640625 12.573635101318359375 12.406336784362792969 12.3509368896484375 12.317139625549316406 12.189901351928710938 12.000665664672851563 11.95267486572265625 12.24694061279296875 12.64984130859375 13.046622276306152344
14.514493942260742188 14.629789352416992188 14.623000144958496094 14.587564468383789063 14.542163848876953125 14.477322578430175781 14.471782684326171875 14.49568939208984375 14.503096580505371094 14.530790328979492188 14.576648712158203125 14.600457191467285156 14.578084945678710938 14.578196525573730469 14.441131591796875 14.149724960327148438 13.922656059265136719 13.781188011169433594 13.655068397521972656 13.558368682861328125 13.519237518310546875 13.53220367431640625 13.597596168518066406 13.649137496948242188 13.731740951538085938 13.892144203186035156 13.954981803894042969 13.761134147644042969 13.318529129028320313 12.842878341674804688 12.536351203918457031 12.360074043273925781 12.37256622314453125 12.399794578552246094 12.216380119323730469 11.942770957946777344 11.946082115173339844 12.278820037841796875 12.646861076354980469 12.992771148681640625
14.704913139343261719 14.690421104431152344 14.641081809997558594 14.582489967346191406 14.537591934204101563 14.506769180297851563 14.507843971252441406 14.476740837097167969 14.488924026489257813 14.506955146789550781 14.507424354553222656 14.519522666931152344 14.516657829284667969 14.460893630981445313 14.282917022705078125 14.038405418395996094 13.892983436584472656 13.790648460388183594 13.664778709411621094 13.611873626708984375 13.606413841247558594 13.632273674011230469 13.653119087219238281 13.663664817810058594 13.713774681091308594 13.839446067810058594 13.930317878723144531 13.791851043701171875 13.388398170471191406 12.881367683410644531 12.494060516357421875 12.323565483093261719 12.3744964599609375 12.433422088623046875 12.218770980834960938 11.947420120239257813 12.018627166748046875 12.367472648620605469 12.714244842529296875 13.009142875671386719
14.669566154479980469 14.64829254150390625 14.596677780151367188 14.569424629211425781 14.494523048400878906 14.41501617431640625 14.313673019409179688 14.229361534118652344 14.231958389282226563 14.203962326049804688 14.245866775512695313 14.283083915710449219 14.282637596130371094 14.275359153747558594 14.145900726318359375 13.98651123046875 13.896479606628417969 13.800471305847167969 13.719189643859863281 13.710177421569824219 13.737729072570800781 13.790796279907226563 13.822348594665527344 13.778344154357910156 13.742609024047851563 13.805667877197265625 13.860822677612304688 13.771019935607910156 13.464815139770507813 12.997034072875976563 12.558813095092773438 12.332947731018066406 12.386400222778320313 12.375260353088378906 12.153127670288085938 11.966832160949707031 12.159109115600585938 12.506502151489257813 12.822440147399902344 13.08419036865234375
14.651666641235351563 14.602692604064941406 14.532969474792480469 14.37499237060546875 14.167538642883300781 13.948981285095214844 13.831654548645019531 13.796419143676757813 13.80985260009765625 13.890461921691894531 13.942040443420410156 13.985768318176269531 14.080563545227050781 14.05455780029296875 13.930828094482421875 13.885133743286132813 13.848095893859863281 13.774743080139160156 13.734894752502441406 13.757174491882324219 13.832021713256835938 13.911479949951171875 13.957839012145996094 13.937794685363769531 13.869860649108886719 13.826982498168945313 13.848582267761230469 13.840193748474121094 13.648575782775878906 13.287610054016113281 12.816508293151855469 12.52867889404296875 12.45168304443359375 12.349504470825195313 12.152904510498046875 12.178127288818359375 12.464936256408691406 12.73857879638671875 12.999216079711914063 13.217452049255371094
