MapLinkProApp/griddata/temperature/ASCII/cmems_mod_glo_phy-thetao_anfc_0,083deg_P1D-m_1702458667101_1941,9.asc
ncols        121
nrows        120
xllcorner    -30.041666666667
yllcorner    40.041666655981
cellsize     0.083333333333
NODATA_value  9.9692099683868690468e+36
[rows 72 to 89 of 120, columns 0 to 39 of 121]
3.3117873668670654297 3.3338379859924316406 3.3753418922424316406 3.4163370132446289063 3.4232771396636962891 3.4166500568389892578 3.4194753170013427734 3.438556671142578125 3.4605374336242675781 3.5204274654388427734 3.5627152919769287109 3.5583748817443847656 3.5670461654663085938 3.5221958160400390625 3.5099174976348876953 3.5317425727844238281 9.9692099683868690468e+36 9.9692099683868690468e+36 3.6026232242584228516 3.5773804187774658203 3.5960836410522460938 3.5889420509338378906 3.6098153591156005859 9.9692099683868690468e+36 3.6476807594299316406 3.6878380775451660156 3.7622911930084228516 3.67046356201171875 3.7126057147979736328 3.7748563289642333984 3.7998909950256347656 3.768344879150390625 3.7866137027740478516 3.7583892345428466797 3.7439186573028564453 3.7899174690246582031 3.7899153232574462891 3.7696008682250976563 3.7116575241088867188 3.6964318752288818359
3.2937679290771484375 3.3003396987915039063 3.3230199813842773438 3.3653962612152099609 3.3875019550323486328 3.3924746513366699219 3.3951809406280517578 3.4465670585632324219 3.4762778282165527344 3.5157103538513183594 3.5461783409118652344 3.5349340438842773438 3.5715670585632324219 3.5355081558227539063 3.5299425125122070313 9.9692099683868690468e+36 9.9692099683868690468e+36 9.9692099683868690468e+36 3.5678212642669677734 3.5537383556365966797 3.557621002197265625 3.4925470352172851563 3.5752370357513427734 3.6203484535217285156 3.6344919204711914063 3.6410033702850341797 3.712604522705078125 3.6410131454467773438 3.6894283294677734375 3.7653782367706298828 3.7692000865936279297 3.7445483207702636719 3.7324981689453125 3.6944329738616943359 3.6904790401458740234 3.7092359066009521484 3.7234966754913330078 3.7379353046417236328 3.7158184051513671875 3.6687703132629394531
3.2969403266906738281 3.2724988460540771484 3.2664048671722412109 3.2839589118957519531 3.3069982528686523438 3.2966132164001464844 3.3040919303894042969 3.3562097549438476563 3.3958446979522705078 3.4643361568450927734 3.5537364482879638672 3.6027283668518066406 9.9692099683868690468e+36 3.5664091110229492188 3.5327198505401611328 3.5294284820556640625 3.5634348392486572266 3.6018705368041992188 3.5437922477722167969 3.5095517635345458984 3.4974002838134765625 3.4875771999359130859 3.5367889404296875 3.6029076576232910156 3.6185259819030761719 3.5843219757080078125 3.5992884635925292969 3.6185019016265869141 3.6890406608581542969 3.7535793781280517578 3.7529041767120361328 3.7387719154357910156 3.7190158367156982422 3.6849925518035888672 3.7004876136779785156 3.7198331356048583984 3.7162981033325195313 3.7009744644165039063 3.6720566749572753906 3.6470072269439697266
3.3103017807006835938 3.2979588508605957031 3.2711226940155029297 3.2513835430145263672 3.2609767913818359375 3.2497899532318115234 3.2337429523468017578 3.244037628173828125 3.2718896865844726563 3.3346719741821289063 3.4691779613494873047 9.9692099683868690468e+36 3.55615997314453125 3.5533609390258789063 3.5388166904449462891 3.5294506549835205078 3.5540416240692138672 3.5590386390686035156 3.5173480510711669922 3.5020952224731445313 3.4959456920623779297 3.5007631778717041016 3.5156226158142089844 3.5552797317504882813 3.5849273204803466797 3.6001136302947998047 3.6404347419738769531 3.6274406909942626953 3.6540966033935546875 3.6943762302398681641 3.6842787265777587891 3.6774494647979736328 3.673370361328125 3.6521623134613037109 3.6570179462432861328 3.6416316032409667969 3.6223700046539306641 3.6226329803466796875 3.6181836128234863281 3.6421704292297363281
3.3340334892272949219 3.3259072303771972656 3.2965936660766601563 3.2802283763885498047 3.2786152362823486328 3.2538828849792480469 3.2470307350158691406 3.2672212123870849609 3.3082454204559326172 3.3348777294158935547 9.9692099683868690468e+36 3.467067718505859375 3.5000338554382324219 3.5607953071594238281 3.5319957733154296875 3.4982330799102783203 3.5198826789855957031 3.4908816814422607422 3.4446446895599365234 3.4477248191833496094 3.4554150104522705078 3.4891347885131835938 3.5455868244171142578 9.9692099683868690468e+36 3.6450197696685791016 3.6590147018432617188 3.6629111766815185547 3.6527330875396728516 3.6591401100158691406 3.6255660057067871094 3.6031489372253417969 3.5781009197235107422 3.5650272369384765625 3.5603923797607421875 3.5655324459075927734 3.6064705848693847656 3.66085052490234375 3.7043330669403076172 3.7437944412231445313 3.7606532573699951172
3.37996673583984375 3.3788902759552001953 3.3690736293792724609 3.32033538818359375 3.2629168033599853516 3.2618968486785888672 3.2557964324951171875 3.2565925121307373047 3.3066463470458984375 3.3421964645385742188 3.3922803401947021484 3.4515409469604492188 3.477878570556640625 3.4984693527221679688 3.4998149871826171875 3.4948174953460693359 3.5067057609558105469 3.4800243377685546875 3.4583992958068847656 3.4707729816436767578 3.4752786159515380859 3.5165131092071533203 3.5416178703308105469 3.6191222667694091797 3.6302006244659423828 3.6282942295074462891 3.6437957286834716797 3.6115975379943847656 3.6146266460418701172 3.5612719058990478516 3.5520863533020019531 3.5078241825103759766 3.4779770374298095703 3.5210218429565429688 3.5533759593963623047 3.6107330322265625 3.6582086086273193359 3.6843285560607910156 3.7021944522857666016 3.7207410335540771484
3.4309270381927490234 3.4137375354766845703 3.3739991188049316406 3.3266139030456542969 3.2911827564239501953 3.2699608802795410156 3.3094279766082763672 9.9692099683868690468e+36 9.9692099683868690468e+36 9.9692099683868690468e+36 3.3992886543273925781 3.4388380050659179688 3.4845142364501953125 3.4884905815124511719 3.4941010475158691406 9.9692099683868690468e+36 9.9692099683868690468e+36 3.5474970340728759766 3.5130860805511474609 3.5129692554473876953 9.9692099683868690468e+36 3.5654799938201904297 3.6001164913177490234 3.6111483573913574219 3.6368200778961181641 3.6448071002960205078 3.6147396564483642578 3.596767425537109375 3.5957560539245605469 3.5527303218841552734 3.5383305549621582031 3.4739780426025390625 3.4668912887573242188 3.5320611000061035156 3.5507404804229736328 3.5807976722717285156 3.5778100490570068359 3.6127731800079345703 3.6631116867065429688 3.7212183475494384766
3.5127918720245361328 3.4616651535034179688 3.413787841796875 3.3650507926940917969 3.3493487834930419922 9.9692099683868690468e+36 9.9692099683868690468e+36 9.9692099683868690468e+36 9.9692099683868690468e+36 9.9692099683868690468e+36 9.9692099683868690468e+36 3.4479985237121582031 3.4804575443267822266 3.4694118499755859375 9.9692099683868690468e+36 9.9692099683868690468e+36 9.9692099683868690468e+36 3.5773594379425048828 3.5236973762512207031 9.9692099683868690468e+36 9.9692099683868690468e+36 3.5725319385528564453 3.6321482658386230469 3.6390573978424072266 3.6493363380432128906 3.6467521190643310547 3.6089291572570800781 3.5595822334289550781 3.5334630012512207031 3.5383999347686767578 3.5613117218017578125 3.5248534679412841797 3.5117413997650146484 3.5612137317657470703 3.5787322521209716797 3.5845503807067871094 3.5734729766845703125 3.6178154945373535156 3.6519765853881835938 3.6888253688812255859
3.5373163223266601563 3.4830617904663085938 3.4533627033233642578 3.4181435108184814453 3.3613176345825195313 3.3709712028503417969 3.3632483482360839844 3.3480319976806640625 3.3712658882141113281 9.9692099683868690468e+36 9.9692099683868690468e+36 3.4387118816375732422 3.4620571136474609375 3.4511942863464355469 3.5433704853057861328 3.5593638420104980469 9.9692099683868690468e+36 9.9692099683868690468e+36 3.5516345500946044922 3.5247542858123779297 3.5146610736846923828 3.6031818389892578125 3.595394134521484375 3.5846788883209228516 3.6099286079406738281 3.6510248184204101563 3.6247880458831787109 3.5637359619140625 3.4965326786041259766 3.4971182346343994141 3.5366809368133544922 3.5365812778472900391 3.5274205207824707031 3.5376441478729248047 3.5198886394500732422 3.5058774948120117188 3.5076045989990234375 3.5360772609710693359 3.5814278125762939453 3.6398117542266845703
3.4772765636444091797 3.4615757465362548828 3.4584486484527587891 3.4106051921844482422 3.3432281017303466797 3.2907745838165283203 3.2919452190399169922 3.3021662235260009766 3.3201067447662353516 3.3596615791320800781 3.4252922534942626953 3.4519295692443847656 3.440540313720703125 3.4305748939514160156 3.4681160449981689453 3.4930443763732910156 3.5386700630187988281 3.5413022041320800781 3.5122222900390625 3.4923975467681884766 3.4883637428283691406 3.5372583866119384766 3.5488774776458740234 3.5231890678405761719 9.9692099683868690468e+36 9.9692099683868690468e+36 3.6128864288330078125 3.6034033298492431641 3.5735137462615966797 3.5104787349700927734 3.5018596649169921875 3.4964013099670410156 3.5011272430419921875 3.5016694068908691406 3.4609789848327636719 3.4280288219451904297 3.4474592208862304688 3.509761810302734375 3.5910508632659912109 3.6630883216857910156
3.4928877353668212891 3.4668381214141845703 3.4195172786712646484 3.3678369522094726563 3.3131144046783447266 3.29058837890625 3.2649867534637451172 3.2700161933898925781 3.2726597785949707031 3.3217217922210693359 3.4075055122375488281 3.4419856071472167969 3.4540688991546630859 3.4483389854431152344 3.4490835666656494141 3.4604234695434570313 3.4751920700073242188 3.4939098358154296875 3.5175840854644775391 3.4996559619903564453 3.5200898647308349609 3.5521702766418457031 3.5282869338989257813 3.5264859199523925781 3.5290417671203613281 3.5637972354888916016 3.5896813869476318359 3.58388519287109375 3.5836722850799560547 3.531673431396484375 3.4812917709350585938 3.4765625 3.4803149700164794922 3.4659140110015869141 3.4320776462554931641 3.4136602878570556641 3.462985992431640625 3.5072185993194580078 3.5365016460418701172 3.5835556983947753906
3.4789557456970214844 3.4889342784881591797 3.3762800693511962891 3.3211236000061035156 3.3218104839324951172 9.9692099683868690468e+36 9.9692099683868690468e+36 3.3485362529754638672 3.3433172702789306641 3.35553741455078125 3.3755879402160644531 3.4193201065063476563 3.442440032958984375 3.4700462818145751953 3.4769289493560791016 9.9692099683868690468e+36 3.4720304012298583984 3.5412766933441162109 3.537139892578125 3.5280168056488037109 9.9692099683868690468e+36 9.9692099683868690468e+36 3.5677340030670166016 3.5436205863952636719 3.5373690128326416016 3.5487916469573974609 3.5608527660369873047 3.5482103824615478516 3.5820379257202148438 3.5486021041870117188 3.5019469261169433594 3.4757683277130126953 3.4533715248107910156 3.4263706207275390625 3.4025008678436279297 3.4301242828369140625 3.4694039821624755859 3.4934477806091308594 3.5263488292694091797 3.5620522499084472656
3.4975140094757080078 3.4460294246673583984 3.3506832122802734375 3.3452229499816894531 3.3497509956359863281 9.9692099683868690468e+36 9.9692099683868690468e+36 9.9692099683868690468e+36 3.3582339286804199219 3.3817079067230224609 9.9692099683868690468e+36 9.9692099683868690468e+36 9.9692099683868690468e+36 3.5046596527099609375 3.5353467464447021484 9.9692099683868690468e+36 9.9692099683868690468e+36 3.6226658821105957031 3.5819258689880371094 3.5619647502899169922 3.5879123210906982422 3.5703449249267578125 3.5482027530670166016 3.5484964847564697266 3.5521292686462402344 3.5514800548553466797 3.5368967056274414063 3.5214788913726806641 3.5631799697875976563 3.5767793655395507813 3.5284612178802490234 3.4755187034606933594 3.4267458915710449219 3.3974165916442871094 3.4027411937713623047 3.4245676994323730469 3.4561028480529785156 3.4784948825836181641 3.5065150260925292969 3.5302214622497558594
9.9692099683868690468e+36 9.9692099683868690468e+36 3.3351600170135498047 3.3552124500274658203 3.3773055076599121094 9.9692099683868690468e+36 9.9692099683868690468e+36 9.9692099683868690468e+36 3.3358864784240722656 3.3909971714019775391 9.9692099683868690468e+36 9.9692099683868690468e+36 9.9692099683868690468e+36 3.5605287551879882813 3.5973138809204101563 3.5917797088623046875 3.6937768459320068359 3.6804721355438232422 3.620944976806640625 3.587890625 3.5808761119842529297 3.5595021247863769531 3.5403311252593994141 3.5375609397888183594 3.5410983562469482422 3.549533843994140625 3.5586371421813964844 3.5363829135894775391 3.5462687015533447266 3.5558621883392333984 3.5392429828643798828 3.4940037727355957031 3.4427285194396972656 3.4198586940765380859 3.4196386337280273438 3.4054234027862548828 3.414539337158203125 3.4521918296813964844 3.4917254447937011719 3.5282039642333984375
9.9692099683868690468e+36 3.4096305370330810547 3.3753538131713867188 3.4055778980255126953 3.4119393825531005859 9.9692099683868690468e+36 9.9692099683868690468e+36 3.3144586086273193359 3.3874335289001464844 3.403720855712890625 9.9692099683868690468e+36 9.9692099683868690468e+36 9.9692099683868690468e+36 9.9692099683868690468e+36 3.7186212539672851563 3.6059775352478027344 3.6203329563140869141 3.633968353271484375 3.6311290264129638672 3.6047644615173339844 3.5805997848510742188 3.5491540431976318359 3.5190517902374267578 3.4831435680389404297 3.5276453495025634766 3.5565178394317626953 3.5323269367218017578 3.5349569320678710938 3.5724470615386962891 3.5440502166748046875 3.5538630485534667969 3.5347144603729248047 3.5089409351348876953 3.4665772914886474609 3.3971128463745117188 3.3806483745574951172 3.4046025276184082031 3.4496273994445800781 3.4890475273132324219 3.5414791107177734375
3.3927412033081054688 3.4857699871063232422 3.4471087455749511719 3.4071364402770996094 3.4438350200653076172 3.4878003597259521484 9.9692099683868690468e+36 3.4157810211181640625 3.4388818740844726563 3.4254314899444580078 9.9692099683868690468e+36 9.9692099683868690468e+36 9.9692099683868690468e+36 3.6317341327667236328 3.6310238838195800781 3.6412227153778076172 3.6254208087921142578 3.6418583393096923828 3.5958967208862304688 3.5815558433532714844 3.5668797492980957031 3.5176682472229003906 3.5021903514862060547 3.5200426578521728516 3.5866832733154296875 3.6279754638671875 3.6141536235809326172 3.5595085620880126953 3.5648071765899658203 3.5456421375274658203 3.5588774681091308594 3.5566575527191162109 3.5320680141448974609 3.4757585525512695313 3.4001240730285644531 3.4207746982574462891 3.4593589305877685547 3.4481723308563232422 3.4968931674957275391 3.5463192462921142578
3.3268840312957763672 3.3689663410186767578 3.3977952003479003906 3.4354510307312011719 3.5683906078338623047 3.5024204254150390625 9.9692099683868690468e+36 9.9692099683868690468e+36 3.4410407543182373047 3.4112217426300048828 3.4492557048797607422 9.9692099683868690468e+36 9.9692099683868690468e+36 3.6256067752838134766 3.5897347927093505859 3.6118657588958740234 9.9692099683868690468e+36 3.5828447341918945313 3.5708611011505126953 3.5611443519592285156 3.5185167789459228516 3.5008130073547363281 3.4990530014038085938 3.5084424018859863281 3.5928838253021240234 3.6086735725402832031 3.644866943359375 3.6102747917175292969 3.5455434322357177734 3.5408823490142822266 3.5248084068298339844 3.5158469676971435547 3.47901153564453125 3.4336309432983398438 3.3875899314880371094 3.4241516590118408203 3.4659445285797119141 3.4661531448364257813 3.4974339008331298828 3.5345036983489990234
3.3149065971374511719 3.3358030319213867188 3.3925783634185791016 3.5077331066131591797 9.9692099683868690468e+36 3.6202139854431152344 3.5488252639770507813 3.4928824901580810547 3.4918758869171142578 3.4714412689208984375 3.5243656635284423828 3.5137517452239990234 9.9692099683868690468e+36 9.9692099683868690468e+36 3.6688227653503417969 3.6287522315979003906 3.5839219093322753906 3.5395374298095703125 3.5723445415496826172 3.5507562160491943359 3.4858560562133789063 3.4679281711578369141 3.4815080165863037109 3.5202472209930419922 3.6193728446960449219 3.6914017200469970703 3.7198266983032226563 3.6731541156768798828 3.6062502861022949219 3.5573706626892089844 3.5164864063262939453 3.4900667667388916016 3.4481835365295410156 3.3998589515686035156 3.3692400455474853516 3.4231336116790771484 3.4501793384552001953 3.4858739376068115234 3.5196585655212402344 3.4812731742858886719
