MapLinkProApp/griddata/temperature/ASCII/cmems_mod_glo_phy-thetao_anfc_0,083deg_P1D-m_1702458667101_318,1.asc
ncols        121
nrows        120
xllcorner    -30.041666666667
yllcorner    40.041666655981
cellsize     0.083333333333
NODATA_value  9.9692099683868690468e+36
[rows 72 to 89 of 120, columns 40 to 79 of 121]
13.259487152099609375 13.276402473449707031 13.279587745666503906 13.276567459106445313 13.277782440185546875 13.297311782836914063 13.348773956298828125 13.410416603088378906 13.470149040222167969 13.504279136657714844 13.527770042419433594 13.526845932006835938 13.5082855224609375 13.50086212158203125 13.491045951843261719 13.492486000061035156 13.495387077331542969 13.512620925903320313 13.611828804016113281 13.7386474609375 13.809483528137207031 13.820803642272949219 13.733712196350097656 13.629900932312011719 13.703724861145019531 13.877978324890136719 13.946152687072753906 13.826519012451171875 13.565976142883300781 13.471238136291503906 13.554897308349609375 13.555253982543945313 13.497679710388183594 13.426599502563476563 13.263457298278808594 13.122740745544433594 13.045779228210449219 13.061329841613769531 13.121290206909179688 13.223737716674804688
13.147547721862792969 13.151980400085449219 13.1373138427734375 13.107460975646972656 13.084624290466308594 13.073843002319335938 13.101574897766113281 13.147509574890136719 13.210771560668945313 13.26485443115234375 13.298472404479980469 13.308214187622070313 13.301784515380859375 13.2986297607421875 13.285311698913574219 13.276066780090332031 13.267206192016601563 13.260283470153808594 13.32631683349609375 13.48944091796875 13.674441337585449219 13.822495460510253906 13.917557716369628906 13.937981605529785156 13.969933509826660156 14.047945976257324219 14.02060699462890625 13.8233642578125 13.537324905395507813 13.40555572509765625 13.531905174255371094 13.535150527954101563 13.427104949951171875 13.310167312622070313 13.135094642639160156 13.053065299987792969 13.048937797546386719 13.05754852294921875 13.079754829406738281 13.128343582153320313
13.067586898803710938 13.078049659729003906 13.08255767822265625 13.072098731994628906 13.063811302185058594 13.067457199096679688 13.075475692749023438 13.082047462463378906 13.096240997314453125 13.1166534423828125 13.125351905822753906 13.141682624816894531 13.155058860778808594 13.169891357421875 13.188422203063964844 13.195880889892578125 13.173192024230957031 13.129357337951660156 13.133535385131835938 13.248890876770019531 13.454476356506347656 13.687047004699707031 13.882686614990234375 13.995805740356445313 14.066866874694824219 14.098043441772460938 13.989668846130371094 13.731404304504394531 13.440291404724121094 13.316524505615234375 13.493607521057128906 13.528972625732421875 13.359299659729003906 13.153717041015625 13.001296043395996094 13.046464920043945313 13.111226081848144531 13.098235130310058594 13.113042831420898438 13.119532585144042969
13.003746986389160156 13.027245521545410156 13.040589332580566406 13.080965042114257813 13.120676994323730469 13.153714179992675781 13.172185897827148438 13.177834510803222656 13.166939735412597656 13.164874076843261719 13.16898345947265625 13.167402267456054688 13.174443244934082031 13.200775146484375 13.240800857543945313 13.276022911071777344 13.251466751098632813 13.167048454284667969 13.107282638549804688 13.143757820129394531 13.296914100646972656 13.515198707580566406 13.700544357299804688 13.826857566833496094 13.924960136413574219 13.94449615478515625 13.823101043701171875 13.599020004272460938 13.3353729248046875 13.253504753112792969 13.452241897583007813 13.486903190612792969 13.269539833068847656 13.078145027160644531 13.071141242980957031 13.162177085876464844 13.103374481201171875 13.086415290832519531 13.185341835021972656 13.391351699829101563
12.885004043579101563 12.945096969604492188 13.000753402709960938 13.018155097961425781 13.034577369689941406 13.011387825012207031 12.975538253784179688 12.951435089111328125 12.937918663024902344 12.924382209777832031 12.938149452209472656 12.94615936279296875 12.9589080810546875 12.98578643798828125 13.065121650695800781 13.193502426147460938 13.242938995361328125 13.183340072631835938 13.103517532348632813 13.08083343505859375 13.157379150390625 13.309534072875976563 13.484078407287597656 13.642853736877441406 13.748719215393066406 13.751556396484375 13.650351524353027344 13.453238487243652344 13.216008186340332031 13.217005729675292969 13.457067489624023438 13.460920333862304688 13.224247932434082031 13.144465446472167969 13.236620903015136719 13.170980453491210938 12.959072113037109375 12.922757148742675781 13.053613662719726563 13.307911872863769531
12.986629486083984375 12.963267326354980469 12.881464958190917969 12.761320114135742188 12.65436553955078125 12.547837257385253906 12.4816436767578125 12.471759796142578125 12.503167152404785156 12.552753448486328125 12.600812911987304688 12.651247024536132813 12.706151962280273438 12.766356468200683594 12.891445159912109375 13.048943519592285156 13.118108749389648438 13.086208343505859375 13.034959793090820313 13.003258705139160156 13.028695106506347656 13.141934394836425781 13.30471038818359375 13.448348045349121094 13.504299163818359375 13.468947410583496094 13.34520721435546875 13.174386024475097656 13.069802284240722656 13.205103874206542969 13.440184593200683594 13.357832908630371094 13.220936775207519531 13.301927566528320313 13.3158111572265625 13.080728530883789063 12.841837882995605469 12.806593894958496094 12.921322822570800781 13.10369110107421875
12.866196632385253906 12.749074935913085938 12.602400779724121094 12.469424247741699219 12.376503944396972656 12.322865486145019531 12.377166748046875 12.475804328918457031 12.545886039733886719 12.566114425659179688 12.586702346801757813 12.600041389465332031 12.611554145812988281 12.697446823120117188 12.839813232421875 12.947806358337402344 12.984067916870117188 12.96479034423828125 12.939476966857910156 12.982258796691894531 13.083024978637695313 13.17520904541015625 13.232544898986816406 13.242761611938476563 13.2414093017578125 13.232357978820800781 13.162853240966796875 13.100916862487792969 13.142750740051269531 13.355146408081054688 13.471508979797363281 13.315974235534667969 13.314902305603027344 13.451024055480957031 13.333888053894042969 13.046689033508300781 12.851218223571777344 12.7738800048828125 12.792451858520507813 12.91015625
12.805559158325195313 12.767621994018554688 12.665074348449707031 12.5482025146484375 12.455089569091796875 12.438813209533691406 12.489702224731445313 12.531378746032714844 12.569792747497558594 12.616525650024414063 12.664696693420410156 12.705096244812011719 12.728274345397949219 12.793063163757324219 12.889842033386230469 12.980055809020996094 13.018659591674804688 12.993582725524902344 12.979564666748046875 13.043705940246582031 13.107175827026367188 13.125339508056640625 13.158499717712402344 13.20767974853515625 13.254026412963867188 13.259233474731445313 13.233719825744628906 13.248447418212890625 13.328050613403320313 13.434234619140625 13.415130615234375 13.30970001220703125 13.400668144226074219 13.458116531372070313 13.275641441345214844 13.044981002807617188 12.840257644653320313 12.766356468200683594 12.83710479736328125 12.929666519165039063
12.862117767333984375 12.827170372009277344 12.741529464721679688 12.6788330078125 12.625004768371582031 12.586822509765625 12.569535255432128906 12.617299079895019531 12.670159339904785156 12.710046768188476563 12.766115188598632813 12.821798324584960938 12.861542701721191406 12.880252838134765625 12.909277915954589844 12.9550018310546875 12.980919837951660156 12.993737220764160156 13.026923179626464844 13.08892059326171875 13.169871330261230469 13.268589973449707031 13.387137413024902344 13.4733123779296875 13.494524002075195313 13.4910125732421875 13.474111557006835938 13.463112831115722656 13.453584671020507813 13.422726631164550781 13.356922149658203125 13.324572563171386719 13.4033203125 13.3501129150390625 13.143503189086914063 12.895916938781738281 12.68251800537109375 12.674953460693359375 12.794729232788085938 12.815798759460449219
12.824538230895996094 12.881185531616210938 12.889104843139648438 12.926874160766601563 12.887540817260742188 12.801624298095703125 12.785511970520019531 12.825300216674804688 12.879886627197265625 12.924744606018066406 12.976444244384765625 13.004308700561523438 13.026777267456054688 13.038431167602539063 13.055684089660644531 13.0830230712890625 13.104622840881347656 13.132861137390136719 13.181881904602050781 13.254472732543945313 13.3420867919921875 13.423357963562011719 13.489434242248535156 13.532684326171875 13.561223030090332031 13.588461875915527344 13.564082145690917969 13.479002952575683594 13.386534690856933594 13.311504364013671875 13.314832687377929688 13.355260848999023438 13.348428726196289063 13.223031044006347656 13.041082382202148438 12.765189170837402344 12.490985870361328125 12.465630531311035156 12.592080116271972656 12.662975311279296875
12.800062179565429688 12.871563911437988281 12.942470550537109375 13.070093154907226563 13.152500152587890625 13.152304649353027344 13.139570236206054688 13.207515716552734375 13.249155998229980469 13.257779121398925781 13.270725250244140625 13.288302421569824219 13.307408332824707031 13.304744720458984375 13.292723655700683594 13.267978668212890625 13.229452133178710938 13.227999687194824219 13.242238044738769531 13.264338493347167969 13.31060028076171875 13.373254776000976563 13.457690238952636719 13.552198410034179688 13.638906478881835938 13.68758392333984375 13.642769813537597656 13.496461868286132813 13.321103096008300781 13.211993217468261719 13.216955184936523438 13.312560081481933594 13.329418182373046875 13.260982513427734375 13.11785125732421875 12.766710281372070313 12.443457603454589844 12.399740219116210938 12.495332717895507813 12.602860450744628906
12.7405548095703125 12.797193527221679688 12.895128250122070313 12.970604896545410156 13.086023330688476563 13.132837295532226563 13.124228477478027344 13.167925834655761719 13.238903999328613281 13.292216300964355469 13.346338272094726563 13.390202522277832031 13.409644126892089844 13.410238265991210938 13.425129890441894531 13.429331779479980469 13.414000511169433594 13.400836944580078125 13.385761260986328125 13.375024795532226563 13.383353233337402344 13.413866996765136719 13.46819305419921875 13.556103706359863281 13.666197776794433594 13.750308990478515625 13.74920654296875 13.651272773742675781 13.503232002258300781 13.345426559448242188 13.2531890869140625 13.230319976806640625 13.222747802734375 13.189393997192382813 13.085651397705078125 12.816471099853515625 12.554982185363769531 12.453435897827148438 12.433915138244628906 12.519961357116699219
12.818506240844726563 12.7523193359375 12.841207504272460938 12.888976097106933594 12.949206352233886719 13.029824256896972656 13.062677383422851563 13.103896141052246094 13.253308296203613281 13.403118133544921875 13.472002983093261719 13.485049247741699219 13.446265220642089844 13.405017852783203125 13.387423515319824219 13.392999649047851563 13.389598846435546875 13.401763916015625 13.416434288024902344 13.423923492431640625 13.456186294555664063 13.491098403930664063 13.533048629760742188 13.597615242004394531 13.664220809936523438 13.720121383666992188 13.739197731018066406 13.712589263916015625 13.642770767211914063 13.543068885803222656 13.450579643249511719 13.373738288879394531 13.319565773010253906 13.274234771728515625 13.219717025756835938 13.107677459716796875 12.8821563720703125 12.645548820495605469 12.511645317077636719 12.626801490783691406
13.120485305786132813 12.861838340759277344 12.835544586181640625 12.890700340270996094 12.919086456298828125 12.991578102111816406 13.054294586181640625 13.092337608337402344 13.201111793518066406 13.396237373352050781 13.513574600219726563 13.509700775146484375 13.465579986572265625 13.431897163391113281 13.426652908325195313 13.451517105102539063 13.463002204895019531 13.430242538452148438 13.395969390869140625 13.359098434448242188 13.336396217346191406 13.351250648498535156 13.388344764709472656 13.437485694885253906 13.48389434814453125 13.508066177368164063 13.502100944519042969 13.482089042663574219 13.463995933532714844 13.438351631164550781 13.426427841186523438 13.436627388000488281 13.405200004577636719 13.371061325073242188 13.309910774230957031 13.187109947204589844 12.930119514465332031 12.717745780944824219 12.726042747497558594 12.972513198852539063
13.568678855895996094 13.298071861267089844 13.076519966125488281 12.964691162109375 12.927402496337890625 12.952962875366210938 13.026193618774414063 13.100953102111816406 13.174009323120117188 13.267407417297363281 13.383113861083984375 13.455496788024902344 13.492606163024902344 13.531251907348632813 13.552038192749023438 13.593464851379394531 13.633440971374511719 13.642874717712402344 13.627112388610839844 13.59670257568359375 13.563160896301269531 13.521788597106933594 13.470162391662597656 13.430115699768066406 13.386120796203613281 13.30930328369140625 13.242636680603027344 13.220118522644042969 13.2169189453125 13.231838226318359375 13.252187728881835938 13.264979362487792969 13.292222023010253906 13.253557205200195313 13.233087539672851563 13.188749313354492188 13.087033271789550781 13.018887519836425781 13.104455947875976563 13.121608734130859375
13.767699241638183594 13.680491447448730469 13.51090240478515625 13.3009185791015625 13.107054710388183594 13.028481483459472656 13.040454864501953125 13.134752273559570313 13.236415863037109375 13.269182205200195313 13.316839218139648438 13.430523872375488281 13.502758979797363281 13.508610725402832031 13.499346733093261719 13.520906448364257813 13.575189590454101563 13.613897323608398438 13.668653488159179688 13.75458526611328125 13.818701744079589844 13.838372230529785156 13.818448066711425781 13.778795242309570313 13.733491897583007813 13.649349212646484375 13.558743476867675781 13.41783905029296875 13.17247772216796875 13.010408401489257813 12.9985504150390625 13.106950759887695313 13.237188339233398438 13.262987136840820313 13.220963478088378906 13.204244613647460938 13.198914527893066406 13.205943107604980469 13.080183982849121094 12.770565986633300781
13.737545013427734375 13.78430938720703125 13.727817535400390625 13.588034629821777344 13.372431755065917969 13.184187889099121094 13.091945648193359375 13.139892578125 13.234361648559570313 13.277499198913574219 13.301323890686035156 13.27813720703125 13.317736625671386719 13.275159835815429688 13.231610298156738281 13.220654487609863281 13.220125198364257813 13.211233139038085938 13.246068954467773438 13.338917732238769531 13.474717140197753906 13.628692626953125 13.743069648742675781 13.799828529357910156 13.823278427124023438 13.823557853698730469 13.779822349548339844 13.704059600830078125 13.608477592468261719 13.448859214782714844 13.222624778747558594 13.009626388549804688 12.930912971496582031 12.908036231994628906 12.899339675903320313 13.019130706787109375 13.048860549926757813 12.928663253784179688 12.623334884643554688 12.365404129028320313
13.809589385986328125 13.911196708679199219 13.932389259338378906 13.859493255615234375 13.698816299438476563 13.482166290283203125 13.282766342163085938 13.196252822875976563 13.254967689514160156 13.339198112487792969 13.3331451416015625 13.2609100341796875 13.189477920532226563 13.114439964294433594 13.079419136047363281 13.067843437194824219 13.041559219360351563 13.012034416198730469 13.038954734802246094 13.111626625061035156 13.17638397216796875 13.267154693603515625 13.411937713623046875 13.570450782775878906 13.722249031066894531 13.830998420715332031 13.843128204345703125 13.804327964782714844 13.709346771240234375 13.58078765869140625 13.532209396362304688 13.428170204162597656 13.172377586364746094 12.83704376220703125 12.658656120300292969 12.72284698486328125 12.753649711608886719 12.577222824096679688 12.348063468933105469 12.307757377624511719
