MapLinkProApp/griddata/temperature/ASCII/cmems_mod_glo_phy-thetao_anfc_0,083deg_P1D-m_1702458667101_18,5.asc
ncols        121
nrows        120
xllcorner    -30.041666666667
yllcorner    40.041666655981
cellsize     0.083333333333
NODATA_value  9.9692099683868690468e+36
[rows 54 to 71 of 120, columns 0 to 39 of 121]
16.168718338012695313 16.167928695678710938 15.889440536499023438 15.469013214111328125 15.124506950378417969 15.0368194580078125 15.136358261108398438 15.196529388427734375 15.179701805114746094 15.151436805725097656 15.134974479675292969 15.14791107177734375 15.194281578063964844 15.239107131958007813 15.2502288818359375 15.251477241516113281 15.299250602722167969 15.368071556091308594 15.400025367736816406 15.387888908386230469 15.361581802368164063 15.354001998901367188 15.373082160949707031 15.359180450439453125 15.316084861755371094 15.25334930419921875 15.195241928100585938 15.123752593994140625 15.060434341430664063 15.084881782531738281 15.163189888000488281 15.116214752197265625 14.982401847839355469 14.954935073852539063 15.039690017700195313 15.105829238891601563 15.140503883361816406 15.097957611083984375 14.942921638488769531 14.751738548278808594
16.179920196533203125 16.27210235595703125 16.038125991821289063 15.584886550903320313 15.178555488586425781 15.047322273254394531 15.160718917846679688 15.236934661865234375 15.20597076416015625 15.176295280456542969 15.151663780212402344 15.128886222839355469 15.142277717590332031 15.194008827209472656 15.203082084655761719 15.166699409484863281 15.193439483642578125 15.284878730773925781 15.349946022033691406 15.346027374267578125 15.338640213012695313 15.395540237426757813 15.439391136169433594 15.4361114501953125 15.395168304443359375 15.352458000183105469 15.283842086791992188 15.233264923095703125 15.255986213684082031 15.312801361083984375 15.256663322448730469 15.055663108825683594 14.980115890502929688 15.018198966979980469 15.084197044372558594 15.118810653686523438 15.146075248718261719 15.142449378967285156 15.050296783447265625 14.888111114501953125
16.175271987915039063 16.34349822998046875 16.164976119995117188 15.696566581726074219 15.238869667053222656 15.054699897766113281 15.166499137878417969 15.263773918151855469 15.230223655700683594 15.211686134338378906 15.207427024841308594 15.174960136413574219 15.137170791625976563 15.139956474304199219 15.141017913818359375 15.123187065124511719 15.159685134887695313 15.244118690490722656 15.299510002136230469 15.32622528076171875 15.405603408813476563 15.496243476867675781 15.532134056091308594 15.515862464904785156 15.4760589599609375 15.439947128295898438 15.417325019836425781 15.422643661499023438 15.434040069580078125 15.344885826110839844 15.137053489685058594 15.014514923095703125 15.033991813659667969 15.088501930236816406 15.118124961853027344 15.111632347106933594 15.113599777221679688 15.130267143249511719 15.099614143371582031 14.980627059936523438
16.16326904296875 16.411327362060546875 16.311155319213867188 15.843183517456054688 15.328366279602050781 15.073794364929199219 15.163428306579589844 15.283782958984375 15.245732307434082031 15.228260993957519531 15.245954513549804688 15.20198822021484375 15.139451980590820313 15.115875244140625 15.113699913024902344 15.131336212158203125 15.194191932678222656 15.270634651184082031 15.362013816833496094 15.477482795715332031 15.594994544982910156 15.66054534912109375 15.672372817993164063 15.654637336730957031 15.633690834045410156 15.616452217102050781 15.586281776428222656 15.50213623046875 15.34378814697265625 15.146206855773925781 15.052161216735839844 15.089237213134765625 15.123723983764648438 15.113915443420410156 15.088612556457519531 15.06044769287109375 15.052511215209960938 15.076488494873046875 15.079081535339355469 15.021508216857910156
16.164731979370117188 16.464122772216796875 16.43637847900390625 15.997303009033203125 15.433917999267578125 15.096300125122070313 15.146266937255859375 15.299081802368164063 15.281521797180175781 15.249629020690917969 15.282227516174316406 15.228002548217773438 15.136324882507324219 15.127720832824707031 15.170595169067382813 15.225605010986328125 15.312575340270996094 15.41954803466796875 15.548135757446289063 15.662335395812988281 15.737856864929199219 15.771701812744140625 15.774573326110839844 15.753145217895507813 15.718735694885253906 15.651971817016601563 15.528695106506347656 15.350360870361328125 15.161043167114257813 15.070886611938476563 15.129052162170410156 15.153367996215820313 15.104031562805175781 15.041489601135253906 15.004241943359375 14.981832504272460938 14.991765022277832031 15.027402877807617188 15.023161888122558594 14.96772003173828125
16.201673507690429688 16.518072128295898438 16.532129287719726563 16.13104248046875 15.546875953674316406 15.13027191162109375 15.111440658569335938 15.293448448181152344 15.31352996826171875 15.269995689392089844 15.326236724853515625 15.330464363098144531 15.235156059265136719 15.204897880554199219 15.290534019470214844 15.392945289611816406 15.496283531188964844 15.606949806213378906 15.700850486755371094 15.754622459411621094 15.780130386352539063 15.772797584533691406 15.729482650756835938 15.668765068054199219 15.58417510986328125 15.464167594909667969 15.318367958068847656 15.186089515686035156 15.111545562744140625 15.129381179809570313 15.157706260681152344 15.113944053649902344 15.0586700439453125 15.090970039367675781 15.117460250854492188 15.034689903259277344 14.965009689331054688 14.968591690063476563 14.967157363891601563 14.961657524108886719
16.313360214233398438 16.612066268920898438 16.633392333984375 16.266801834106445313 15.671299934387207031 15.189661979675292969 15.076690673828125 15.243788719177246094 15.346585273742675781 15.290586471557617188 15.333020210266113281 15.426209449768066406 15.426809310913085938 15.388074874877929688 15.424747467041015625 15.537882804870605469 15.642714500427246094 15.717988967895507813 15.758920669555664063 15.755066871643066406 15.717547416687011719 15.638592720031738281 15.532987594604492188 15.435308456420898438 15.334300994873046875 15.2326202392578125 15.154424667358398438 15.119007110595703125 15.134551048278808594 15.138833999633789063 15.115901947021484375 15.093474388122558594 15.148430824279785156 15.29048919677734375 15.32485198974609375 15.208529472351074219 15.070887565612792969 15.00807952880859375 15.012997627258300781 15.072429656982421875
16.475099563598632813 16.71930694580078125 16.705343246459960938 16.363193511962890625 15.788427352905273438 15.271488189697265625 15.060300827026367188 15.180759429931640625 15.359055519104003906 15.329448699951171875 15.311160087585449219 15.421564102172851563 15.512231826782226563 15.540179252624511719 15.561881065368652344 15.632685661315917969 15.700835227966308594 15.74202728271484375 15.756117820739746094 15.724551200866699219 15.641663551330566406 15.513828277587890625 15.383182525634765625 15.28115081787109375 15.199350357055664063 15.140278816223144531 15.109731674194335938 15.112092018127441406 15.108083724975585938 15.075469970703125 15.084256172180175781 15.120537757873535156 15.233379364013671875 15.383416175842285156 15.390803337097167969 15.343867301940917969 15.287142753601074219 15.24243927001953125 15.250949859619140625 15.2929840087890625
16.711523056030273438 16.845378875732421875 16.74151611328125 16.397710800170898438 15.887566566467285156 15.390218734741210938 15.077403068542480469 15.098766326904296875 15.329876899719238281 15.391812324523925781 15.327717781066894531 15.362292289733886719 15.474605560302734375 15.571545600891113281 15.625509262084960938 15.678503990173339844 15.718420982360839844 15.741662979125976563 15.737925529479980469 15.697464942932128906 15.593463897705078125 15.446137428283691406 15.305967330932617188 15.200594902038574219 15.128198623657226563 15.087788581848144531 15.075474739074707031 15.073733329772949219 15.041146278381347656 15.037148475646972656 15.069447517395019531 15.142067909240722656 15.277937889099121094 15.402271270751953125 15.410980224609375 15.399178504943847656 15.395396232604980469 15.387026786804199219 15.386953353881835938 15.396410942077636719
16.981660842895507813 16.940473556518554688 16.71266937255859375 16.381273269653320313 15.975399971008300781 15.539460182189941406 15.155592918395996094 15.044657707214355469 15.230051994323730469 15.428531646728515625 15.416103363037109375 15.365687370300292969 15.390951156616210938 15.487463951110839844 15.583554267883300781 15.653397560119628906 15.696718215942382813 15.7133636474609375 15.69931793212890625 15.65666961669921875 15.560899734497070313 15.424778938293457031 15.286577224731445313 15.171378135681152344 15.088415145874023438 15.048270225524902344 15.044595718383789063 15.024390220642089844 15.007216453552246094 15.0157623291015625 15.045856475830078125 15.098309516906738281 15.207101821899414063 15.330911636352539063 15.396851539611816406 15.419244766235351563 15.420139312744140625 15.415110588073730469 15.421170234680175781 15.444228172302246094
17.109735488891601563 16.933002471923828125 16.63714599609375 16.3476409912109375 16.054681777954101563 15.685997962951660156 15.257862091064453125 15.041018486022949219 15.155932426452636719 15.389269828796386719 15.471825599670410156 15.447407722473144531 15.416296958923339844 15.444250106811523438 15.519219398498535156 15.585534095764160156 15.635720252990722656 15.658610343933105469 15.640592575073242188 15.595560073852539063 15.51531219482421875 15.402062416076660156 15.275366783142089844 15.155897140502929688 15.063634872436523438 15.022996902465820313 15.022735595703125 15.003511428833007813 14.985902786254882813 14.984770774841308594 15.002968788146972656 15.048163414001464844 15.12386322021484375 15.221568107604980469 15.30893707275390625 15.360619544982910156 15.366967201232910156 15.375420570373535156 15.421995162963867188 15.48284912109375
17.116846084594726563 16.8865509033203125 16.601776123046875 16.377344131469726563 16.179998397827148438 15.8818206787109375 15.428084373474121094 15.091778755187988281 15.086308479309082031 15.294657707214355469 15.466404914855957031 15.510666847229003906 15.506132125854492188 15.491292953491210938 15.505679130554199219 15.525726318359375 15.539592742919921875 15.549664497375488281 15.533272743225097656 15.485064506530761719 15.413922309875488281 15.325860023498535156 15.220319747924804688 15.109421730041503906 15.021060943603515625 14.992122650146484375 14.986308097839355469 14.970994949340820313 14.952246665954589844 14.950810432434082031 14.970242500305175781 15.001244544982910156 15.033680915832519531 15.095060348510742188 15.172153472900390625 15.219408988952636719 15.240955352783203125 15.320090293884277344 15.437859535217285156 15.522979736328125
17.12049102783203125 16.95960235595703125 16.739933013916015625 16.540225982666015625 16.365434646606445313 16.106065750122070313 15.651500701904296875 15.207349777221679688 15.0478057861328125 15.164708137512207031 15.368801116943359375 15.481020927429199219 15.524912834167480469 15.531270980834960938 15.517442703247070313 15.488415718078613281 15.453516006469726563 15.427883148193359375 15.401552200317382813 15.347910881042480469 15.275999069213867188 15.201838493347167969 15.116529464721679688 15.030182838439941406 14.972474098205566406 14.958094596862792969 14.949502944946289063 14.942441940307617188 14.944499015808105469 14.965931892395019531 15.011584281921386719 15.049457550048828125 15.068307876586914063 15.085570335388183594 15.096854209899902344 15.106954574584960938 15.179434776306152344 15.34293365478515625 15.492741584777832031 15.55224609375
17.192493438720703125 17.100820541381835938 16.939807891845703125 16.73583221435546875 16.541788101196289063 16.291826248168945313 15.855671882629394531 15.36414337158203125 15.076878547668457031 15.064610481262207031 15.226027488708496094 15.366777420043945313 15.420122146606445313 15.453726768493652344 15.454121589660644531 15.414511680603027344 15.364210128784179688 15.31877899169921875 15.280077934265136719 15.225803375244140625 15.159360885620117188 15.094532966613769531 15.030879020690917969 14.980329513549804688 14.952965736389160156 14.951177597045898438 14.95609283447265625 14.973657608032226563 15.003964424133300781 15.055425643920898438 15.121920585632324219 15.185761451721191406 15.212716102600097656 15.214764595031738281 15.209084510803222656 15.216796875 15.287471771240234375 15.42441558837890625 15.566884994506835938 15.628179550170898438
17.26212310791015625 17.202556610107421875 17.105794906616210938 16.95687103271484375 16.767286300659179688 16.526590347290039063 16.133892059326171875 15.617462158203125 15.217415809631347656 15.036744117736816406 15.068007469177246094 15.181481361389160156 15.239380836486816406 15.263224601745605469 15.282017707824707031 15.267580986022949219 15.231696128845214844 15.189265251159667969 15.146692276000976563 15.102343559265136719 15.058102607727050781 15.017909049987792969 14.988849639892578125 14.980197906494140625 14.9935760498046875 15.018513679504394531 15.052155494689941406 15.11279296875 15.185625076293945313 15.259085655212402344 15.342607498168945313 15.410584449768066406 15.445428848266601563 15.450522422790527344 15.460420608520507813 15.502351760864257813 15.562996864318847656 15.625255584716796875 15.706912040710449219 15.778197288513183594
17.323377609252929688 17.281286239624023438 17.220655441284179688 17.135187149047851563 17.0113372802734375 16.83719635009765625 16.541044235229492188 16.050832748413085938 15.581487655639648438 15.209500312805175781 15.054591178894042969 15.049798965454101563 15.086307525634765625 15.117147445678710938 15.132650375366210938 15.13764190673828125 15.12946319580078125 15.109501838684082031 15.08441162109375 15.05358123779296875 15.030220985412597656 15.020458221435546875 15.021779060363769531 15.055926322937011719 15.097930908203125 15.142525672912597656 15.204186439514160156 15.332777023315429688 15.460205078125 15.587300300598144531 15.743119239807128906 15.859189033508300781 15.900821685791015625 15.882345199584960938 15.828289031982421875 15.775298118591308594 15.738957405090332031 15.722516059875488281 15.7218170166015625 15.741289138793945313
17.383279800415039063 17.364734649658203125 17.33343505859375 17.287523269653320313 17.219488143920898438 17.118251800537109375 16.94838714599609375 16.634038925170898438 16.167577743530273438 15.733015060424804688 15.401156425476074219 15.202596664428710938 15.152952194213867188 15.159308433532714844 15.162470817565917969 15.149559974670410156 15.13455963134765625 15.1097564697265625 15.083060264587402344 15.062211036682128906 15.053375244140625 15.05658721923828125 15.094610214233398438 15.149306297302246094 15.196254730224609375 15.250181198120117188 15.363164901733398438 15.637448310852050781 15.894371986389160156 16.175571441650390625 16.430562973022460938 16.60463714599609375 16.677808761596679688 16.663013458251953125 16.607025146484375 16.537683486938476563 16.454126358032226563 16.350439071655273438 16.226640701293945313 16.11566925048828125
17.388614654541015625 17.385766983032226563 17.378875732421875 17.368249893188476563 17.353124618530273438 17.330230712890625 17.295604705810546875 17.224496841430664063 17.014423370361328125 16.7110137939453125 16.375825881958007813 16.048198699951171875 15.76332855224609375 15.589221954345703125 15.5417633056640625 15.550448417663574219 15.574024200439453125 15.573907852172851563 15.493549346923828125 15.351441383361816406 15.235976219177246094 15.184484481811523438 15.197173118591308594 15.235703468322753906 15.303359031677246094 15.432537078857421875 15.844616889953613281 16.351530075073242188 16.757879257202148438 16.992357254028320313 17.102199554443359375 17.13974761962890625 17.14293670654296875 17.128095626831054688 17.106494903564453125 17.079355239868164063 17.046459197998046875 16.9969482421875 16.937776565551757813 16.877161026000976563
