MapLinkProApp/griddata/temperature/ASCII/cmems_mod_glo_phy-thetao_anfc_0,083deg_P1D-m_1702458667101_541,1.asc
ncols        121
nrows        120
xllcorner    -30.041666666667
yllcorner    40.041666655981
cellsize     0.083333333333
NODATA_value  9.9692099683868690468e+36
[rows 54 to 71 of 120, columns 40 to 79 of 121]
10.114538192749023438 10.061635971069335938 9.953662872314453125 9.7737760543823242188 9.6407299041748046875 9.6188907623291015625 9.60931396484375 9.5522851943969726563 9.5003004074096679688 9.4838590621948242188 9.4795360565185546875 9.5093250274658203125 9.5965967178344726563 9.69612884521484375 9.7761993408203125 9.8529567718505859375 9.9515438079833984375 10.072468757629394531 10.274777412414550781 10.484215736389160156 10.663957595825195313 10.843825340270996094 11.043402671813964844 11.216602325439453125 11.285482406616210938 11.297027587890625 11.382363319396972656 11.545666694641113281 11.670413970947265625 11.717831611633300781 11.710752487182617188 11.682423591613769531 11.645997047424316406 11.586676597595214844 11.534734725952148438 11.468931198120117188 11.428090095520019531 11.38812255859375 11.360438346862792969 11.353751182556152344
10.165522575378417969 10.157784461975097656 10.09348297119140625 9.9222259521484375 9.7209386825561523438 9.6226062774658203125 9.5704698562622070313 9.4965343475341796875 9.4431304931640625 9.4217252731323242188 9.428218841552734375 9.4682712554931640625 9.5269899368286132813 9.5846624374389648438 9.6356477737426757813 9.715770721435546875 9.8486528396606445313 10.02899932861328125 10.244809150695800781 10.454067230224609375 10.643718719482421875 10.855243682861328125 11.099785804748535156 11.300410270690917969 11.375092506408691406 11.385065078735351563 11.493316650390625 11.691600799560546875 11.821310043334960938 11.862727165222167969 11.843682289123535156 11.786244392395019531 11.732732772827148438 11.677900314331054688 11.619405746459960938 11.572421073913574219 11.549199104309082031 11.523143768310546875 11.512928009033203125 11.510554313659667969
10.268611907958984375 10.222355842590332031 10.170939445495605469 10.062718391418457031 9.88311767578125 9.7340345382690429688 9.6149759292602539063 9.49957275390625 9.4328784942626953125 9.40587615966796875 9.40618896484375 9.4402894973754882813 9.4984235763549804688 9.5418453216552734375 9.5523862838745117188 9.6093921661376953125 9.7510976791381835938 9.9697599411010742188 10.209399223327636719 10.418457984924316406 10.600583076477050781 10.827350616455078125 11.111188888549804688 11.347990036010742188 11.435811042785644531 11.43595123291015625 11.558232307434082031 11.731348991394042969 11.855066299438476563 11.883852958679199219 11.885821342468261719 11.816218376159667969 11.76299285888671875 11.722073554992675781 11.660418510437011719 11.608538627624511719 11.571818351745605469 11.557130813598632813 11.570516586303710938 11.575081825256347656
10.410824775695800781 10.365682601928710938 10.331501960754394531 10.247509956359863281 10.090534210205078125 9.9406404495239257813 9.7896280288696289063 9.6259469985961914063 9.4892787933349609375 9.408855438232421875 9.4010553359985351563 9.430286407470703125 9.4642534255981445313 9.4943780899047851563 9.5068407058715820313 9.5549020767211914063 9.6892185211181640625 9.9160242080688476563 10.194756507873535156 10.404696464538574219 10.559956550598144531 10.773745536804199219 11.077913284301757813 11.357155799865722656 11.465670585632324219 11.448581695556640625 11.577287673950195313 11.77190399169921875 11.881716728210449219 11.91240692138671875 11.897846221923828125 11.847278594970703125 11.773234367370605469 11.727026939392089844 11.698368072509765625 11.666541099548339844 11.651505470275878906 11.645001411437988281 11.640301704406738281 11.609835624694824219
10.538995742797851563 10.554089546203613281 10.595866203308105469 10.522527694702148438 10.359548568725585938 10.21590423583984375 10.044588088989257813 9.831035614013671875 9.624187469482421875 9.4719591140747070313 9.4245281219482421875 9.450191497802734375 9.4813547134399414063 9.497955322265625 9.5142335891723632813 9.57294464111328125 9.6935796737670898438 9.9031801223754882813 10.19609832763671875 10.418642997741699219 10.551418304443359375 10.743865966796875 11.03365325927734375 11.331032752990722656 11.462919235229492188 11.4609832763671875 11.593953132629394531 11.812799453735351563 11.946018218994140625 11.977361679077148438 11.92116546630859375 11.84842681884765625 11.762906074523925781 11.724392890930175781 11.707956314086914063 11.705389022827148438 11.702519416809082031 11.701165199279785156 11.684856414794921875 11.667865753173828125
10.527805328369140625 10.515214920043945313 10.614430427551269531 10.67604827880859375 10.628000259399414063 10.5083465576171875 10.309915542602539063 10.047899246215820313 9.7786722183227539063 9.5731487274169921875 9.4920902252197265625 9.5020093917846679688 9.523349761962890625 9.5275287628173828125 9.5425043106079101563 9.6096401214599609375 9.7443180084228515625 9.9701824188232421875 10.253625869750976563 10.465158462524414063 10.584825515747070313 10.7462310791015625 10.999156951904296875 11.290169715881347656 11.437681198120117188 11.467529296875 11.635056495666503906 11.853456497192382813 11.968432426452636719 11.947598457336425781 11.881112098693847656 11.805721282958984375 11.718133926391601563 11.687897682189941406 11.696360588073730469 11.703830718994140625 11.714011192321777344 11.712800025939941406 11.728531837463378906 11.71428680419921875
10.815385818481445313 10.762394905090332031 10.769938468933105469 10.812739372253417969 10.782030105590820313 10.660080909729003906 10.467206001281738281 10.237430572509765625 9.9755697250366210938 9.7385244369506835938 9.6158618927001953125 9.5886507034301757813 9.594913482666015625 9.6140956878662109375 9.6305685043334960938 9.696620941162109375 9.8818178176879882813 10.145872116088867188 10.419767379760742188 10.592335700988769531 10.680119514465332031 10.784756660461425781 10.991877555847167969 11.262241363525390625 11.40889739990234375 11.478982925415039063 11.667537689208984375 11.889285087585449219 11.978833198547363281 11.899834632873535156 11.781909942626953125 11.691031455993652344 11.614441871643066406 11.623012542724609375 11.660099983215332031 11.704572677612304688 11.712535858154296875 11.735539436340332031 11.745775222778320313 11.777460098266601563
11.232488632202148438 11.270936012268066406 11.2366180419921875 11.189905166625976563 11.109600067138671875 10.952142715454101563 10.689503669738769531 10.38800811767578125 10.100619316101074219 9.8893718719482421875 9.8030834197998046875 9.7976160049438476563 9.8233118057250976563 9.830230712890625 9.7961397171020507813 9.8617420196533203125 10.107976913452148438 10.40396881103515625 10.648665428161621094 10.764270782470703125 10.812508583068847656 10.86894989013671875 11.045807838439941406 11.288665771484375 11.407483100891113281 11.493224143981933594 11.685732841491699219 11.918407440185546875 11.979166030883789063 11.877303123474121094 11.752150535583496094 11.654695510864257813 11.586670875549316406 11.610316276550292969 11.667929649353027344 11.718194961547851563 11.718953132629394531 11.752027511596679688 11.841142654418945313 11.952852249145507813
11.203621864318847656 11.273336410522460938 11.324940681457519531 11.364279747009277344 11.357920646667480469 11.298471450805664063 11.148596763610839844 10.902558326721191406 10.553104400634765625 10.21240234375 10.033915519714355469 10.002360343933105469 10.006379127502441406 9.9885654449462890625 9.9906988143920898438 10.154703140258789063 10.474424362182617188 10.760416030883789063 10.940748214721679688 10.976763725280761719 10.966695785522460938 10.991571426391601563 11.148897171020507813 11.367795944213867188 11.438968658447265625 11.515857696533203125 11.700635910034179688 11.925726890563964844 11.989551544189453125 11.867165565490722656 11.766658782958984375 11.685379981994628906 11.6440582275390625 11.654509544372558594 11.683897972106933594 11.701661109924316406 11.719407081604003906 11.811526298522949219 11.981925010681152344 12.022212982177734375
11.166962623596191406 11.245068550109863281 11.277477264404296875 11.332714080810546875 11.376126289367675781 11.3873291015625 11.356230735778808594 11.264108657836914063 11.066380500793457031 10.776422500610351563 10.512058258056640625 10.346622467041015625 10.245787620544433594 10.248271942138671875 10.387167930603027344 10.647557258605957031 10.950229644775390625 11.126173973083496094 11.167817115783691406 11.11292266845703125 11.070446968078613281 11.110358238220214844 11.279867172241210938 11.463565826416015625 11.489485740661621094 11.541008949279785156 11.707322120666503906 11.920495986938476563 12.036875724792480469 11.904903411865234375 11.818044662475585938 11.733050346374511719 11.703330039978027344 11.698390007019042969 11.718145370483398438 11.747404098510742188 11.849170684814453125 11.996571540832519531 12.014033317565917969 11.979724884033203125
11.26103973388671875 11.370686531066894531 11.426388740539550781 11.46245574951171875 11.49475860595703125 11.486645698547363281 11.447519302368164063 11.383026123046875 11.269803047180175781 11.088098526000976563 10.901716232299804688 10.760317802429199219 10.681804656982421875 10.72234344482421875 10.872545242309570313 11.086282730102539063 11.266556739807128906 11.279187202453613281 11.182112693786621094 11.087121963500976563 11.072932243347167969 11.156053543090820313 11.349569320678710938 11.514496803283691406 11.520977020263671875 11.551134109497070313 11.70867919921875 11.913396835327148438 12.083429336547851563 11.999963760375976563 11.8911285400390625 11.814237594604492188 11.802689552307128906 11.757912635803222656 11.7749786376953125 11.824973106384277344 11.934326171875 11.976958274841308594 11.931125640869140625 11.873521804809570313
11.256548881530761719 11.398031234741210938 11.512892723083496094 11.58868408203125 11.58062744140625 11.521447181701660156 11.459485054016113281 11.384553909301757813 11.296114921569824219 11.211294174194335938 11.158447265625 11.112430572509765625 11.108913421630859375 11.170022010803222656 11.250937461853027344 11.317684173583984375 11.280925750732421875 11.136338233947753906 11.028042793273925781 11.014163017272949219 11.102750778198242188 11.244256973266601563 11.438733100891113281 11.563515663146972656 11.530751228332519531 11.540689468383789063 11.691904067993164063 11.916499137878417969 12.097578048706054688 12.113253593444824219 12.040760040283203125 11.939656257629394531 11.83003997802734375 11.819013595581054688 11.866281509399414063 11.918701171875 11.968896865844726563 11.947102546691894531 11.907389640808105469 11.844206809997558594
11.245397567749023438 11.342532157897949219 11.453303337097167969 11.464184761047363281 11.42145538330078125 11.328095436096191406 11.243549346923828125 11.1573333740234375 11.080258369445800781 11.069217681884765625 11.100155830383300781 11.137590408325195313 11.188894271850585938 11.219534873962402344 11.192185401916503906 11.134299278259277344 11.096749305725097656 11.097536087036132813 11.119505882263183594 11.17913055419921875 11.298885345458984375 11.437121391296386719 11.57588958740234375 11.624391555786132813 11.524691581726074219 11.500237464904785156 11.6456756591796875 11.870044708251953125 12.068737030029296875 12.137713432312011719 12.132658958435058594 12.106270790100097656 12.009070396423339844 11.957587242126464844 11.89990997314453125 11.920772552490234375 11.907802581787109375 11.863467216491699219 11.868353843688964844 11.833925247192382813
11.257714271545410156 11.316530227661132813 11.371282577514648438 11.347643852233886719 11.290958404541015625 11.206698417663574219 11.135067939758300781 11.065883636474609375 10.996006011962890625 10.964173316955566406 10.968065261840820313 10.999149322509765625 11.036028861999511719 11.056566238403320313 11.068210601806640625 11.103865623474121094 11.168071746826171875 11.235044479370117188 11.311513900756835938 11.403005599975585938 11.504052162170410156 11.611589431762695313 11.682559967041015625 11.648740768432617188 11.490265846252441406 11.449114799499511719 11.601950645446777344 11.803655624389648438 12.02721405029296875 12.181109428405761719 12.157202720642089844 12.160786628723144531 12.138946533203125 12.104740142822265625 11.98657989501953125 11.932061195373535156 11.85709381103515625 11.802038192749023438 11.780526161193847656 11.790867805480957031
11.271429061889648438 11.325783729553222656 11.353565216064453125 11.335244178771972656 11.279821395874023438 11.226906776428222656 11.187541961669921875 11.133086204528808594 11.09137725830078125 11.062326431274414063 11.030102729797363281 11.019674301147460938 11.062281608581542969 11.11916351318359375 11.182080268859863281 11.278880119323730469 11.391204833984375 11.50125885009765625 11.602175712585449219 11.68377685546875 11.731816291809082031 11.721049308776855469 11.687132835388183594 11.611726760864257813 11.424917221069335938 11.382077217102050781 11.526635169982910156 11.715301513671875 11.928009033203125 12.201711654663085938 12.265424728393554688 12.154653549194335938 12.123212814331054688 12.114745140075683594 12.073106765747070313 12.000445365905761719 11.918239593505859375 11.849073410034179688 11.794933319091796875 11.812775611877441406
11.463594436645507813 11.492397308349609375 11.521378517150878906 11.519924163818359375 11.506617546081542969 11.477020263671875 11.430203437805175781 11.388949394226074219 11.349088668823242188 11.311625480651855469 11.277177810668945313 11.273699760437011719 11.311330795288085938 11.372801780700683594 11.459067344665527344 11.555826187133789063 11.653347969055175781 11.744153976440429688 11.789553642272949219 11.765871047973632813 11.67649078369140625 11.586881637573242188 11.564237594604492188 11.510961532592773438 11.347599029541015625 11.306883811950683594 11.445497512817382813 11.633093833923339844 11.812605857849121094 12.125504493713378906 12.33190155029296875 12.245633125305175781 12.064060211181640625 11.994084358215332031 11.954646110534667969 11.906103134155273438 11.891061782836914063 11.874607086181640625 11.865480422973632813 11.788517951965332031
11.593069076538085938 11.630578994750976563 11.655889511108398438 11.667101860046386719 11.668573379516601563 11.667475700378417969 11.656222343444824219 11.65441131591796875 11.631375312805175781 11.594511985778808594 11.578248023986816406 11.577470779418945313 11.60431671142578125 11.656849861145019531 11.712237358093261719 11.749835014343261719 11.777594566345214844 11.763117790222167969 11.69134521484375 11.599286079406738281 11.489259719848632813 11.461612701416015625 11.5219268798828125 11.487720489501953125 11.341485023498535156 11.302989959716796875 11.415981292724609375 11.60454559326171875 11.760662078857421875 11.991914749145507813 12.307868003845214844 12.268900871276855469 12.088924407958984375 11.952587127685546875 11.879528999328613281 11.887187957763671875 11.880137443542480469 11.849326133728027344 11.799111366271972656 11.735424995422363281
11.438568115234375 11.482953071594238281 11.517130851745605469 11.537400245666503906 11.55352783203125 11.568981170654296875 11.584880828857421875 11.609331130981445313 11.606340408325195313 11.605561256408691406 11.60570526123046875 11.617775917053222656 11.65130615234375 11.680345535278320313 11.702229499816894531 11.696463584899902344 11.663564682006835938 11.62471771240234375 11.579015731811523438 11.517347335815429688 11.449384689331054688 11.453535079956054688 11.500559806823730469 11.463763236999511719 11.376482963562011719 11.347940444946289063 11.436066627502441406 11.589713096618652344 11.731389999389648438 11.956712722778320313 12.244582176208496094 12.254879951477050781 12.087961196899414063 11.997896194458007813 12.027683258056640625 11.955720901489257813 11.895313262939453125 11.840199470520019531 11.784224510192871094 11.742219924926757813
