MapLinkProApp/griddata/temperature/ASCII/cmems_mod_glo_phy-thetao_anfc_0,083deg_P1D-m_1702458667101_77,9.asc
ncols        121
nrows        120
xllcorner    -30.041666666667
yllcorner    40.041666655981
cellsize     0.083333333333
NODATA_value  9.9692099683868690468e+36
[rows 18 to 35 of 120, columns 80 to 119 of 121]
13.746662139892578125 13.752729415893554688 13.778119087219238281 13.837565422058105469 13.92494964599609375 14.0218658447265625 14.097637176513671875 14.140926361083984375 14.146284103393554688 14.130301475524902344 14.103175163269042969 14.072259902954101563 14.045531272888183594 14.022790908813476563 14.007237434387207031 13.996064186096191406 13.974648475646972656 13.944667816162109375 13.908441543579101563 13.859438896179199219 13.793507575988769531 13.720201492309570313 13.642573356628417969 13.571284294128417969 13.511932373046875 13.467457771301269531 13.451264381408691406 13.464842796325683594 13.473665237426757813 13.431926727294921875 13.393349647521972656 13.495496749877929688 13.652146339416503906 13.818243980407714844 14.043359756469726563 14.178464889526367188 14.143223762512207031 14.075539588928222656 14.052175521850585938 14.044025421142578125
13.730385780334472656 13.75901031494140625 13.851998329162597656 13.990945816040039063 14.127675056457519531 14.210433006286621094 14.234754562377929688 14.224916458129882813 14.1912384033203125 14.152939796447753906 14.118844985961914063 14.087205886840820313 14.060563087463378906 14.03925323486328125 14.020854949951171875 14.006744384765625 13.991703987121582031 13.96728515625 13.932651519775390625 13.891463279724121094 13.840382575988769531 13.774558067321777344 13.701422691345214844 13.62908935546875 13.563399314880371094 13.523916244506835938 13.515395164489746094 13.509243011474609375 13.472177505493164063 13.414194107055664063 13.438846588134765625 13.572110176086425781 13.714869499206542969 13.900963783264160156 14.142986297607421875 14.249190330505371094 14.201083183288574219 14.129889488220214844 14.119462013244628906 14.114878654479980469
13.757946968078613281 13.874896049499511719 14.049090385437011719 14.2148284912109375 14.298615455627441406 14.29743194580078125 14.254728317260742188 14.1905517578125 14.128687858581542969 14.078536033630371094 14.043051719665527344 14.020727157592773438 14.013411521911621094 14.011395454406738281 14.00492095947265625 13.996573448181152344 13.983382225036621094 13.958420753479003906 13.929486274719238281 13.896481513977050781 13.850497245788574219 13.785172462463378906 13.70331573486328125 13.636839866638183594 13.606100082397460938 13.581109046936035156 13.533698081970214844 13.483272552490234375 13.451282501220703125 13.452616691589355469 13.527010917663574219 13.643114089965820313 13.761237144470214844 13.953870773315429688 14.200749397277832031 14.340788841247558594 14.356190681457519531 14.3129119873046875 14.279981613159179688 14.232267379760742188
13.956219673156738281 14.139535903930664063 14.288575172424316406 14.339292526245117188 14.309853553771972656 14.2307281494140625 14.131518363952636719 14.041990280151367188 13.973096847534179688 13.929887771606445313 13.905261039733886719 13.902457237243652344 13.918034553527832031 13.938759803771972656 13.958121299743652344 13.96855926513671875 13.965577125549316406 13.939572334289550781 13.899008750915527344 13.852048873901367188 13.797303199768066406 13.738269805908203125 13.692378044128417969 13.656223297119140625 13.604830741882324219 13.535325050354003906 13.489797592163085938 13.492959976196289063 13.516504287719726563 13.551497459411621094 13.621868133544921875 13.701632499694824219 13.782288551330566406 13.936519622802734375 14.154550552368164063 14.322767257690429688 14.421122550964355469 14.448306083679199219 14.434373855590820313 14.363178253173828125
14.227150917053222656 14.34984588623046875 14.370160102844238281 14.320380210876464844 14.208718299865722656 14.068917274475097656 13.935814857482910156 13.851857185363769531 13.810815811157226563 13.801837921142578125 13.809627532958984375 13.831196784973144531 13.85742950439453125 13.885128021240234375 13.906337738037109375 13.909154891967773438 13.906136512756347656 13.883426666259765625 13.852843284606933594 13.802900314331054688 13.735674858093261719 13.6664581298828125 13.60672760009765625 13.5583953857421875 13.545984268188476563 13.588954925537109375 13.657056808471679688 13.703234672546386719 13.715353965759277344 13.725131034851074219 13.753910064697265625 13.775115966796875 13.795792579650878906 13.8885498046875 14.053065299987792969 14.202001571655273438 14.311754226684570313 14.383616447448730469 14.411953926086425781 14.410765647888183594
14.331544876098632813 14.366239547729492188 14.333510398864746094 14.226540565490722656 14.068963050842285156 13.908757209777832031 13.819867134094238281 13.802176475524902344 13.818646430969238281 13.830923080444335938 13.841195106506347656 13.857863426208496094 13.875865936279296875 13.890662193298339844 13.89044952392578125 13.878885269165039063 13.83629608154296875 13.783940315246582031 13.715513229370117188 13.648406982421875 13.5987091064453125 13.594622611999511719 13.62100982666015625 13.656599998474121094 13.767638206481933594 13.921782493591308594 14.007388114929199219 13.9954833984375 13.946875572204589844 13.908513069152832031 13.87713623046875 13.83968353271484375 13.812397956848144531 13.838368415832519531 13.935463905334472656 14.067618370056152344 14.190540313720703125 14.266026496887207031 14.300764083862304688 14.328293800354003906
14.366895675659179688 14.349358558654785156 14.244555473327636719 14.077765464782714844 13.904437065124511719 13.81929779052734375 13.822999000549316406 13.830808639526367188 13.819304466247558594 13.807801246643066406 13.794596672058105469 13.776439666748046875 13.758631706237792969 13.735882759094238281 13.708688735961914063 13.676625251770019531 13.654927253723144531 13.651066780090332031 13.681676864624023438 13.742569923400878906 13.835321426391601563 13.96887969970703125 14.070120811462402344 14.137331962585449219 14.201211929321289063 14.244134902954101563 14.257661819458007813 14.238100051879882813 14.190761566162109375 14.124007225036621094 14.042639732360839844 13.962343215942382813 13.902344703674316406 13.868546485900878906 13.869792938232421875 13.920819282531738281 14.032691001892089844 14.155015945434570313 14.229920387268066406 14.259267807006835938
14.388195037841796875 14.307452201843261719 14.164514541625976563 13.980288505554199219 13.841443061828613281 13.810375213623046875 13.822359085083007813 13.796660423278808594 13.757946968078613281 13.724840164184570313 13.693657875061035156 13.676608085632324219 13.669208526611328125 13.672460556030273438 13.698174476623535156 13.757577896118164063 13.859131813049316406 13.983556747436523438 14.090355873107910156 14.166666984558105469 14.211295127868652344 14.226846694946289063 14.24721527099609375 14.26955413818359375 14.299023628234863281 14.33599090576171875 14.376736640930175781 14.41641998291015625 14.446920394897460938 14.459699630737304688 14.444655418395996094 14.403772354125976563 14.349913597106933594 14.291189193725585938 14.225316047668457031 14.140337944030761719 14.059816360473632813 14.057497978210449219 14.118590354919433594 14.174999237060546875
14.360882759094238281 14.250066757202148438 14.097807884216308594 13.918967247009277344 13.814329147338867188 13.806300163269042969 13.798108100891113281 13.753696441650390625 13.721280097961425781 13.708097457885742188 13.708889961242675781 13.729169845581054688 13.777280807495117188 13.847437858581542969 13.944754600524902344 14.047533988952636719 14.122762680053710938 14.16391754150390625 14.181191444396972656 14.18758392333984375 14.200697898864746094 14.224043846130371094 14.263110160827636719 14.313281059265136719 14.372735977172851563 14.429112434387207031 14.472573280334472656 14.500761985778808594 14.51796722412109375 14.530648231506347656 14.548318862915039063 14.573716163635253906 14.597910881042480469 14.610783576965332031 14.601143836975097656 14.535195350646972656 14.382054328918457031 14.208910942077636719 14.128953933715820313 14.134836196899414063
14.332263946533203125 14.217520713806152344 14.073596954345703125 13.901524543762207031 13.79988861083984375 13.7890167236328125 13.780429840087890625 13.748551368713378906 13.748532295227050781 13.770931243896484375 13.801067352294921875 13.854488372802734375 13.940774917602539063 14.03516387939453125 14.11212158203125 14.15277862548828125 14.156712532043457031 14.134001731872558594 14.120087623596191406 14.161870002746582031 14.267848968505859375 14.386834144592285156 14.504944801330566406 14.597751617431640625 14.65854644775390625 14.699240684509277344 14.724132537841796875 14.739336013793945313 14.747458457946777344 14.747632026672363281 14.742886543273925781 14.736029624938964844 14.729027748107910156 14.729840278625488281 14.749334335327148438 14.755464553833007813 14.665067672729492188 14.467095375061035156 14.276475906372070313 14.175644874572753906
14.314136505126953125 14.208826065063476563 14.084761619567871094 13.916813850402832031 13.803574562072753906 13.787299156188964844 13.79164886474609375 13.779497146606445313 13.795508384704589844 13.844166755676269531 13.896467208862304688 13.94335174560546875 13.998209953308105469 14.064766883850097656 14.113523483276367188 14.122023582458496094 14.096800804138183594 14.056912422180175781 14.090023994445800781 14.276770591735839844 14.496241569519042969 14.637117385864257813 14.711104393005371094 14.736313819885253906 14.741993904113769531 14.741586685180664063 14.743157386779785156 14.748193740844726563 14.758717536926269531 14.774153709411621094 14.794720649719238281 14.8186187744140625 14.843753814697265625 14.862970352172851563 14.875057220458984375 14.881968498229980469 14.847447395324707031 14.715695381164550781 14.505007743835449219 14.301481246948242188
14.297243118286132813 14.201786041259765625 14.112943649291992188 13.969752311706542969 13.832571029663085938 13.785887718200683594 13.788814544677734375 13.789669990539550781 13.806795120239257813 13.861699104309082031 13.964915275573730469 14.074703216552734375 14.1051177978515625 14.097459793090820313 14.106836318969726563 14.093393325805664063 14.022768020629882813 13.99227142333984375 14.188324928283691406 14.498006820678710938 14.657057762145996094 14.695471763610839844 14.714907646179199219 14.73439788818359375 14.745573043823242188 14.745177268981933594 14.745752334594726563 14.744729995727539063 14.742673873901367188 14.744240760803222656 14.753096580505371094 14.771914482116699219 14.802201271057128906 14.83966064453125 14.877131462097167969 14.907135009765625 14.910495758056640625 14.851105690002441406 14.701078414916992188 14.470307350158691406
14.285792350769042969 14.188485145568847656 14.126423835754394531 14.023889541625976563 13.882842063903808594 13.808466911315917969 13.796208381652832031 13.790262222290039063 13.783773422241210938 13.799786567687988281 13.869447708129882813 13.997030258178710938 14.119380950927734375 14.157003402709960938 14.128875732421875 14.031648635864257813 13.907889366149902344 14.013100624084472656 14.34412384033203125 14.606099128723144531 14.679103851318359375 14.720395088195800781 14.781401634216308594 14.807804107666015625 14.8137969970703125 14.812402725219726563 14.805507659912109375 14.799567222595214844 14.793779373168945313 14.792592048645019531 14.793276786804199219 14.794905662536621094 14.797427177429199219 14.804502487182617188 14.821987152099609375 14.852784156799316406 14.889924049377441406 14.910567283630371094 14.88135528564453125 14.760628700256347656
14.283023834228515625 14.164703369140625 14.111508369445800781 14.065105438232421875 13.953569412231445313 13.866393089294433594 13.825204849243164063 13.803461074829101563 13.78925323486328125 13.783679962158203125 13.793201446533203125 13.839802742004394531 13.92238616943359375 13.986077308654785156 13.958605766296386719 13.858853340148925781 13.906830787658691406 14.194662094116210938 14.51325225830078125 14.666173934936523438 14.717495918273925781 14.792849540710449219 14.825208663940429688 14.826257705688476563 14.824848175048828125 14.820995330810546875 14.815953254699707031 14.811560630798339844 14.810692787170410156 14.81607818603515625 14.824595451354980469 14.833444595336914063 14.83766937255859375 14.836575508117675781 14.833895683288574219 14.832221031188964844 14.847024917602539063 14.880049705505371094 14.908300399780273438 14.903969764709472656
14.308064460754394531 14.158964157104492188 14.062605857849121094 14.053906440734863281 14.007471084594726563 13.922100067138671875 13.878304481506347656 13.853992462158203125 13.832280158996582031 13.808018684387207031 13.779822349548339844 13.767672538757324219 13.780473709106445313 13.7900238037109375 13.758454322814941406 13.828808784484863281 14.15750885009765625 14.477942466735839844 14.640842437744140625 14.708285331726074219 14.787237167358398438 14.830425262451171875 14.841391563415527344 14.850065231323242188 14.855196952819824219 14.85332489013671875 14.8454742431640625 14.835070610046386719 14.826632499694824219 14.826854705810546875 14.834981918334960938 14.844887733459472656 14.846367835998535156 14.842432022094726563 14.838765144348144531 14.837798118591308594 14.841127395629882813 14.850231170654296875 14.86853790283203125 14.890004158020019531
14.378224372863769531 14.265893936157226563 14.114854812622070313 14.01190185546875 13.977289199829101563 13.944927215576171875 13.90117645263671875 13.857151985168457031 13.819095611572265625 13.788254737854003906 13.756221771240234375 13.729302406311035156 13.715891838073730469 13.701655387878417969 13.731247901916503906 14.012294769287109375 14.392019271850585938 14.601956367492675781 14.680459976196289063 14.755786895751953125 14.821685791015625 14.839735031127929688 14.852935791015625 14.862615585327148438 14.869840621948242188 14.87174224853515625 14.865626335144042969 14.849272727966308594 14.831386566162109375 14.825432777404785156 14.833665847778320313 14.847702980041503906 14.841898918151855469 14.816650390625 14.791463851928710938 14.782365798950195313 14.7874755859375 14.802641868591308594 14.822440147399902344 14.842678070068359375
14.476232528686523438 14.416403770446777344 14.340563774108886719 14.23082733154296875 14.080595016479492188 13.928399085998535156 13.847112655639648438 13.815389633178710938 13.798432350158691406 13.755917549133300781 13.704157829284667969 13.671187400817871094 13.651426315307617188 13.663930892944335938 13.859998703002929688 14.269866943359375 14.547020912170410156 14.650574684143066406 14.710648536682128906 14.792018890380859375 14.8227386474609375 14.835750579833984375 14.848468780517578125 14.860175132751464844 14.871540069580078125 14.879354476928710938 14.883200645446777344 14.86997222900390625 14.839600563049316406 14.817023277282714844 14.822507858276367188 14.852710723876953125 14.858918190002441406 14.821424484252929688 14.765095710754394531 14.725319862365722656 14.712525367736816406 14.721985816955566406 14.745145797729492188 14.775888442993164063
14.632680892944335938 14.618718147277832031 14.588570594787597656 14.519885063171386719 14.4111328125 14.247126579284667969 14.0300140380859375 13.819067001342773438 13.710567474365234375 13.693994522094726563 13.673473358154296875 13.628017425537109375 13.608562469482421875 13.684542655944824219 14.013057708740234375 14.422623634338378906 14.608389854431152344 14.663056373596191406 14.731938362121582031 14.800248146057128906 14.810482025146484375 14.812340736389160156 14.810750007629394531 14.816041946411132813 14.828809738159179688 14.852265357971191406 14.877697944641113281 14.8804931640625 14.856180191040039063 14.807119369506835938 14.781352996826171875 14.830000877380371094 14.883852958679199219 14.875035285949707031 14.808835029602050781 14.741909027099609375 14.701451301574707031 14.6849517822265625 14.685657501220703125 14.700366020202636719
