MapLinkProApp/griddata/temperature/ASCII/cmems_mod_glo_phy-thetao_anfc_0,083deg_P1D-m_1702458667101_453,9.asc
ncols        121
nrows        120
xllcorner    -30.041666666667
yllcorner    40.041666655981
cellsize     0.083333333333
NODATA_value  9.9692099683868690468e+36
[rows 36 to 53 of 120, columns 0 to 39 of 121]
7.6896557807922363281 7.4710483551025390625 7.3144598007202148438 7.1931905746459960938 7.085010528564453125 7.0019121170043945313 6.9481415748596191406 6.9322304725646972656 6.9621281623840332031 7.0214433670043945313 7.1099772453308105469 7.2145547866821289063 7.3248476982116699219 7.4011235237121582031 7.487094879150390625 7.5721006393432617188 7.5982761383056640625 7.4278454780578613281 7.256500244140625 7.3998770713806152344 7.8089513778686523438 8.276309967041015625 8.7258710861206054688 9.1440906524658203125 9.6285104751586914063 10.071656227111816406 10.321076393127441406 10.406613349914550781 10.465115547180175781 10.561018943786621094 10.698595046997070313 10.837358474731445313 10.922977447509765625 10.968731880187988281 10.908919334411621094 10.815000534057617188 10.680964469909667969 10.521464347839355469 10.324074745178222656 10.034632682800292969
8.1819849014282226563 8.0322198867797851563 7.9502139091491699219 7.9002437591552734375 7.8526887893676757813 7.8080086708068847656 7.7806959152221679688 7.7793030738830566406 7.80437469482421875 7.8623270988464355469 7.9247908592224121094 7.9721379280090332031 8.00791168212890625 8.0216264724731445313 8.0233907699584960938 7.9559812545776367188 7.9064869880676269531 7.8044772148132324219 7.5651316642761230469 7.3540396690368652344 7.4887328147888183594 7.8989405632019042969 8.4198637008666992188 8.861881256103515625 9.2272748947143554688 9.6557626724243164063 10.055448532104492188 10.305087089538574219 10.414511680603027344 10.463147163391113281 10.499975204467773438 10.538219451904296875 10.590313911437988281 10.639862060546875 10.653475761413574219 10.637492179870605469 10.526326179504394531 10.326365470886230469 10.112418174743652344 9.8349199295043945313
8.8324804306030273438 8.7655181884765625 8.7205553054809570313 8.6920642852783203125 8.6696767807006835938 8.6619939804077148438 8.67232513427734375 8.6922969818115234375 8.7137699127197265625 8.7288084030151367188 8.7314653396606445313 8.7036676406860351563 8.669330596923828125 8.6140050888061523438 8.567905426025390625 8.4864940643310546875 8.3861103057861328125 8.2454090118408203125 8.0789976119995117188 7.7888312339782714844 7.52581787109375 7.5461854934692382813 7.8719472885131835938 8.3604364395141601563 8.815700531005859375 9.244647979736328125 9.6313123703002929688 10.037631034851074219 10.352838516235351563 10.503511428833007813 10.514127731323242188 10.491840362548828125 10.469365119934082031 10.41294097900390625 10.344493865966796875 10.295909881591796875 10.216733932495117188 10.103983879089355469 9.9581747055053710938 9.7517633438110351563
9.1615037918090820313 9.0690822601318359375 8.9875383377075195313 8.9310760498046875 8.9114770889282226563 8.9094448089599609375 8.9159479141235351563 8.9373111724853515625 8.9637126922607421875 8.98336029052734375 8.9913272857666015625 8.9766912460327148438 8.9446773529052734375 8.8963918685913085938 8.8229694366455078125 8.7731084823608398438 8.64562225341796875 8.54355621337890625 8.416484832763671875 8.2320051193237304688 7.9076700210571289063 7.6656889915466308594 7.7174358367919921875 8.0236034393310546875 8.3934907913208007813 8.8039913177490234375 9.2243795394897460938 9.5736989974975585938 9.9454975128173828125 10.367405891418457031 10.605595588684082031 10.63518524169921875 10.534000396728515625 10.430280685424804688 10.369570732116699219 10.284627914428710938 10.178531646728515625 10.075697898864746094 9.9079236984252929688 9.7659769058227539063
9.130950927734375 9.0623607635498046875 9.0257787704467773438 9.0231227874755859375 9.0518083572387695313 9.0929803848266601563 9.155582427978515625 9.2337255477905273438 9.3051357269287109375 9.3866443634033203125 9.4318208694458007813 9.4555006027221679688 9.4430589675903320313 9.3999090194702148438 9.315479278564453125 9.1977214813232421875 9.0599956512451171875 8.875843048095703125 8.7004899978637695313 8.5316028594970703125 8.2514562606811523438 7.93363189697265625 7.7961688041687011719 7.9718480110168457031 8.29248046875 8.5608930587768554688 8.82649993896484375 9.1165752410888671875 9.4640035629272460938 9.8229646682739257813 10.154493331909179688 10.45902252197265625 10.53603363037109375 10.46802520751953125 10.41042327880859375 10.372874259948730469 10.279500007629394531 10.146241188049316406 10.044930458068847656 9.905399322509765625
9.328449249267578125 9.3346958160400390625 9.3710985183715820313 9.4270639419555664063 9.5067815780639648438 9.6241216659545898438 9.7642011642456054688 9.921337127685546875 10.076099395751953125 10.208539962768554688 10.311496734619140625 10.366829872131347656 10.387192726135253906 10.340379714965820313 10.240677833557128906 10.071625709533691406 9.832752227783203125 9.5947904586791992188 9.29314422607421875 8.9874591827392578125 8.7316236495971679688 8.3520536422729492188 8.018093109130859375 7.9902834892272949219 8.2368345260620117188 8.51857757568359375 8.7202310562133789063 8.88231658935546875 9.0883388519287109375 9.349395751953125 9.6333093643188476563 9.9516344070434570313 10.277433395385742188 10.480925559997558594 10.447308540344238281 10.427808761596679688 10.42444610595703125 10.322879791259765625 10.193721771240234375 10.039463996887207031
9.5617742538452148438 9.6213474273681640625 9.6975994110107421875 9.8116102218627929688 9.9742937088012695313 10.188047409057617188 10.430339813232421875 10.655750274658203125 10.847954750061035156 10.985867500305175781 11.074658393859863281 11.109312057495117188 11.123708724975585938 11.079819679260253906 10.982338905334472656 10.833272933959960938 10.583138465881347656 10.271070480346679688 9.90157318115234375 9.5005064010620117188 9.172969818115234375 8.7944431304931640625 8.3779954910278320313 8.2244873046875 8.4255275726318359375 8.6230649948120117188 8.7236270904541015625 8.769870758056640625 8.88149261474609375 9.1718845367431640625 9.4852113723754882813 9.8079195022583007813 10.212625503540039063 10.510567665100097656 10.4981689453125 10.442312240600585938 10.474202156066894531 10.495722770690917969 10.34786224365234375 10.153016090393066406
9.8730955123901367188 10.001232147216796875 10.189662933349609375 10.440018653869628906 10.717779159545898438 10.975179672241210938 11.167139053344726563 11.280370712280273438 11.335583686828613281 11.342673301696777344 11.32605743408203125 11.3101806640625 11.294880867004394531 11.286990165710449219 11.271946907043457031 11.249657630920410156 11.177664756774902344 11.035515785217285156 10.733298301696777344 10.26247406005859375 9.810150146484375 9.4102916717529296875 9.05341339111328125 8.8444499969482421875 8.847217559814453125 8.8870019912719726563 8.8168725967407226563 8.777912139892578125 8.795345306396484375 8.9727964401245117188 9.2907695770263671875 9.641559600830078125 10.09311676025390625 10.427576065063476563 10.487595558166503906 10.476149559020996094 10.5393524169921875 10.647406578063964844 10.621374130249023438 10.457972526550292969
10.296817779541015625 10.567061424255371094 10.860335350036621094 11.107333183288574219 11.276044845581054688 11.362323760986328125 11.37574005126953125 11.359552383422851563 11.341578483581542969 11.318175315856933594 11.292703628540039063 11.281628608703613281 11.268628120422363281 11.260771751403808594 11.260844230651855469 11.261022567749023438 11.29268646240234375 11.355342864990234375 11.343277931213378906 11.09111785888671875 10.606652259826660156 10.081426620483398438 9.64946746826171875 9.39028167724609375 9.2446203231811523438 9.1269435882568359375 8.9605436325073242188 8.8723421096801757813 8.8508710861206054688 8.9222726821899414063 9.1845836639404296875 9.5321683883666992188 10.005661964416503906 10.350690841674804688 10.442505836486816406 10.542965888977050781 10.644135475158691406 10.763033866882324219 10.789942741394042969 10.691685676574707031
10.822941780090332031 11.047062873840332031 11.207726478576660156 11.299880027770996094 11.346289634704589844 11.37548828125 11.40335845947265625 11.441258430480957031 11.47133636474609375 11.480871200561523438 11.476408958435058594 11.472705841064453125 11.464632034301757813 11.459305763244628906 11.432826042175292969 11.396101951599121094 11.345815658569335938 11.409534454345703125 11.494336128234863281 11.493632316589355469 11.279527664184570313 10.793889999389648438 10.239390373229980469 9.808349609375 9.516231536865234375 9.2924327850341796875 9.096813201904296875 8.9755725860595703125 8.9628190994262695313 9.0098896026611328125 9.2186765670776367188 9.5148420333862304688 9.9773578643798828125 10.381436347961425781 10.606525421142578125 10.784450531005859375 10.852484703063964844 10.901808738708496094 10.918932914733886719 10.804544448852539063
11.091152191162109375 11.16318511962890625 11.245814323425292969 11.334273338317871094 11.432315826416015625 11.522011756896972656 11.586771011352539063 11.618794441223144531 11.622849464416503906 11.620339393615722656 11.619347572326660156 11.63529205322265625 11.665162086486816406 11.69766998291015625 11.720865249633789063 11.734682083129882813 11.666446685791015625 11.596301078796386719 11.599350929260253906 11.677553176879882813 11.7354583740234375 11.58124542236328125 11.154751777648925781 10.618211746215820313 10.143190383911132813 9.7581090927124023438 9.4875059127807617188 9.2934007644653320313 9.244518280029296875 9.2664813995361328125 9.4417600631713867188 9.6691732406616210938 10.031949996948242188 10.459723472595214844 10.748820304870605469 10.932558059692382813 10.996102333068847656 10.987520217895507813 10.937580108642578125 10.85048675537109375
11.148823738098144531 11.25029754638671875 11.338499069213867188 11.4130859375 11.482667922973632813 11.536623954772949219 11.592505455017089844 11.638762474060058594 11.679441452026367188 11.744806289672851563 11.813235282897949219 11.887148857116699219 11.984422683715820313 12.032176017761230469 12.031998634338378906 12.048029899597167969 12.010132789611816406 11.889792442321777344 11.805364608764648438 11.79103851318359375 11.863953590393066406 11.910849571228027344 11.745645523071289063 11.363547325134277344 10.883200645446777344 10.429883956909179688 10.063992500305175781 9.8165645599365234375 9.6801385879516601563 9.6621580123901367188 9.769519805908203125 9.9482202529907226563 10.208590507507324219 10.587633132934570313 10.8674163818359375 11.061403274536132813 11.13104248046875 11.05461883544921875 10.966704368591308594 10.856859207153320313
11.21337890625 11.269955635070800781 11.321305274963378906 11.39449310302734375 11.490859031677246094 11.609873771667480469 11.744664192199707031 11.865478515625 11.993960380554199219 12.134634017944335938 12.262359619140625 12.350842475891113281 12.452035903930664063 12.496082305908203125 12.452884674072265625 12.418419837951660156 12.372179031372070313 12.240358352661132813 12.080412864685058594 11.988485336303710938 11.973954200744628906 12.0310211181640625 11.997014045715332031 11.831537246704101563 11.509759902954101563 11.138592720031738281 10.749390602111816406 10.47339630126953125 10.271870613098144531 10.205549240112304688 10.249438285827636719 10.347991943359375 10.529499053955078125 10.789859771728515625 11.066172599792480469 11.243497848510742188 11.24868011474609375 11.143720626831054688 11.057728767395019531 10.932073593139648438
11.178803443908691406 11.246457099914550781 11.38813018798828125 11.609771728515625 11.858575820922851563 12.098269462585449219 12.294916152954101563 12.435364723205566406 12.564137458801269531 12.666288375854492188 12.73846435546875 12.752569198608398438 12.774521827697753906 12.747930526733398438 12.678995132446289063 12.646877288818359375 12.632765769958496094 12.538373947143554688 12.360431671142578125 12.195222854614257813 12.122081756591796875 12.125713348388671875 12.123279571533203125 12.075572967529296875 11.923821449279785156 11.707877159118652344 11.427401542663574219 11.166230201721191406 10.980910301208496094 10.838997840881347656 10.847178459167480469 10.848362922668457031 10.932320594787597656 11.074724197387695313 11.293227195739746094 11.443389892578125 11.426148414611816406 11.315115928649902344 11.224272727966308594 11.104659080505371094
11.202897071838378906 11.406268119812011719 11.720458984375 12.069632530212402344 12.334630012512207031 12.498104095458984375 12.590918540954589844 12.639193534851074219 12.706439971923828125 12.782281875610351563 12.824608802795410156 12.817673683166503906 12.794272422790527344 12.739383697509765625 12.694696426391601563 12.700525283813476563 12.756978034973144531 12.677289009094238281 12.510049819946289063 12.330804824829101563 12.251644134521484375 12.216976165771484375 12.21435546875 12.219994544982910156 12.107320785522460938 11.952826499938964844 11.789080619812011719 11.585429191589355469 11.419401168823242188 11.303148269653320313 11.269846916198730469 11.203871726989746094 11.166414260864257813 11.325160026550292969 11.479735374450683594 11.641985893249511719 11.607810020446777344 11.451479911804199219 11.347208976745605469 11.247161865234375
11.348183631896972656 11.61405181884765625 11.979680061340332031 12.323121070861816406 12.506581306457519531 12.582842826843261719 12.622157096862792969 12.619032859802246094 12.678042411804199219 12.758013725280761719 12.769373893737792969 12.81426239013671875 12.730303764343261719 12.677263259887695313 12.718797683715820313 12.779144287109375 12.825753211975097656 12.771976470947265625 12.595852851867675781 12.447675704956054688 12.377547264099121094 12.33679962158203125 12.348100662231445313 12.313470840454101563 12.249550819396972656 12.143744468688964844 12.048887252807617188 11.909479141235351563 11.786713600158691406 11.671992301940917969 11.613245964050292969 11.499266624450683594 11.408527374267578125 11.539572715759277344 11.727519989013671875 11.760148048400878906 11.587207794189453125 11.471659660339355469 11.449894905090332031 11.382864952087402344
11.372747421264648438 11.654129981994628906 12.066264152526855469 12.4572296142578125 12.628636360168457031 12.647800445556640625 12.640482902526855469 12.589892387390136719 12.569853782653808594 12.607769966125488281 12.579148292541503906 12.707979202270507813 12.643584251403808594 12.599627494812011719 12.809831619262695313 13.013220787048339844 12.935848236083984375 12.83039093017578125 12.650270462036132813 12.490285873413085938 12.432454109191894531 12.445340156555175781 12.450016975402832031 12.424138069152832031 12.369263648986816406 12.280922889709472656 12.174107551574707031 12.087453842163085938 11.973149299621582031 11.888607978820800781 11.813472747802734375 11.634663581848144531 11.616283416748046875 11.768194198608398438 11.864019393920898438 11.7626190185546875 11.583662033081054688 11.55666351318359375 11.578489303588867188 11.471735954284667969
11.374790191650390625 11.627087593078613281 12.042695999145507813 12.473352432250976563 12.665090560913085938 12.662776947021484375 12.632869720458984375 12.549267768859863281 12.493685722351074219 12.570338249206542969 12.661793708801269531 12.670800209045410156 12.606306076049804688 12.596729278564453125 12.732370376586914063 12.927127838134765625 12.936029434204101563 12.793843269348144531 12.602489471435546875 12.467930793762207031 12.467844963073730469 12.515481948852539063 12.557322502136230469 12.538351058959960938 12.490559577941894531 12.366662979125976563 12.237043380737304688 12.142496109008789063 12.019320487976074219 11.972951889038085938 11.863290786743164063 11.6996002197265625 11.730373382568359375 11.887360572814941406 11.933962821960449219 11.8927001953125 11.728801727294921875 11.654478073120117188 11.654302597045898438 11.516737937927246094
