MapLinkProApp/griddata/temperature/ASCII/cmems_mod_glo_phy-thetao_anfc_0,083deg_P1D-m_1702458667101_13,5.asc
ncols        121
nrows        120
xllcorner    -30.041666666667
yllcorner    40.041666655981
cellsize     0.083333333333
NODATA_value  9.9692099683868690468e+36
[rows 54 to 71 of 120, columns 0 to 39 of 121]
16.167911529541015625 16.167280197143554688 15.889029502868652344 15.468764305114746094 15.124224662780761719 15.036370277404785156 15.135823249816894531 15.195961952209472656 15.179095268249511719 15.150806427001953125 15.134325981140136719 15.147202491760253906 15.193551063537597656 15.238405227661132813 15.249513626098632813 15.250700950622558594 15.298489570617675781 15.36730194091796875 15.39923858642578125 15.387124061584472656 15.360849380493164063 15.353331565856933594 15.372523307800292969 15.358536720275878906 15.3154296875 15.252691268920898438 15.19461822509765625 15.123113632202148438 15.059903144836425781 15.084461212158203125 15.162710189819335938 15.11551666259765625 14.98165130615234375 14.954245567321777344 15.038969993591308594 15.105173110961914063 15.139794349670410156 15.097266197204589844 14.942318916320800781 14.751245498657226563
16.1791534423828125 16.271432876586914063 16.037744522094726563 15.584749221801757813 15.178396224975585938 15.046957969665527344 15.16021728515625 15.236379623413085938 15.205381393432617188 15.175716400146484375 15.1511077880859375 15.128274917602539063 15.141626358032226563 15.193238258361816406 15.202282905578613281 15.165900230407714844 15.192661285400390625 15.284090995788574219 15.349132537841796875 15.345273971557617188 15.337903976440429688 15.395045280456542969 15.438788414001464844 15.435503959655761719 15.394520759582519531 15.351719856262207031 15.283225059509277344 15.2328033447265625 15.255690574645996094 15.312397003173828125 15.255824089050292969 15.054775238037109375 14.979412078857421875 15.017579078674316406 15.083591461181640625 15.118177413940429688 15.145386695861816406 15.141727447509765625 15.049719810485839844 14.887620925903320313
16.174566268920898438 16.342782974243164063 16.164548873901367188 15.696419715881347656 15.238698005676269531 15.054360389709472656 15.165999412536621094 15.263173103332519531 15.229635238647460938 15.21111297607421875 15.206883430480957031 15.174405097961425781 15.136552810668945313 15.139234542846679688 15.140260696411132813 15.122466087341308594 15.159020423889160156 15.243377685546875 15.298786163330078125 15.325616836547851563 15.405157089233398438 15.495746612548828125 15.531563758850097656 15.515289306640625 15.475515365600585938 15.439405441284179688 15.416913986206054688 15.422275543212890625 15.433523178100585938 15.344022750854492188 15.136030197143554688 15.013879776000976563 15.033404350280761719 15.087949752807617188 15.117564201354980469 15.110997200012207031 15.1129150390625 15.129583358764648438 15.098978042602539063 14.980107307434082031
16.16266632080078125 16.410594940185546875 16.310688018798828125 15.843048095703125 15.328192710876464844 15.073436737060546875 15.1629180908203125 15.283228874206542969 15.245203018188476563 15.227713584899902344 15.245444297790527344 15.201437950134277344 15.138846397399902344 15.115254402160644531 15.113124847412109375 15.130814552307128906 15.193703651428222656 15.270152091979980469 15.361613273620605469 15.477133750915527344 15.594587326049804688 15.660036087036132813 15.671828269958496094 15.654122352600097656 15.633203506469726563 15.615948677062988281 15.585671424865722656 15.501300811767578125 15.342748641967773438 15.145226478576660156 15.051533699035644531 15.088673591613769531 15.123155593872070313 15.113267898559570313 15.08795928955078125 15.059781074523925781 15.051817893981933594 15.075855255126953125 15.078472137451171875 15.020890235900878906
16.164247512817382813 16.4634246826171875 16.435842514038085938 15.997129440307617188 15.433767318725585938 15.095965385437011719 15.145771026611328125 15.298560142517089844 15.281029701232910156 15.249128341674804688 15.281796455383300781 15.227596282958984375 15.13585662841796875 15.127242088317871094 15.170232772827148438 15.2253265380859375 15.312314987182617188 15.419307708740234375 15.547858238220214844 15.661958694458007813 15.737332344055175781 15.771078109741210938 15.773912429809570313 15.752473831176757813 15.718020439147949219 15.651134490966796875 15.527712821960449219 15.349282264709472656 15.160079002380371094 15.070288658142089844 15.128549575805664063 15.15276336669921875 15.103429794311523438 15.040925025939941406 15.003742218017578125 14.981302261352539063 14.991132736206054688 15.026822090148925781 15.022533416748046875 14.967071533203125
16.201364517211914063 16.517427444458007813 16.531518936157226563 16.130754470825195313 15.546689987182617188 15.129982948303222656 15.111006736755371094 15.29291534423828125 15.313055038452148438 15.269504547119140625 15.325815200805664063 15.330159187316894531 15.234841346740722656 15.204559326171875 15.290210723876953125 15.392690658569335938 15.496015548706054688 15.60663604736328125 15.700373649597167969 15.753971099853515625 15.779371261596679688 15.771948814392089844 15.728555679321289063 15.667791366577148438 15.583159446716308594 15.46311187744140625 15.317358970642089844 15.185199737548828125 15.11092376708984375 15.128824234008789063 15.157069206237792969 15.113354682922363281 15.058186531066894531 15.090662956237792969 15.117194175720214844 15.034288406372070313 14.964509963989257813 14.968021392822265625 14.966574668884277344 14.961170196533203125
16.313318252563476563 16.611515045166015625 16.632734298706054688 16.2664337158203125 15.6710968017578125 15.189423561096191406 15.076312065124511719 15.243213653564453125 15.346102714538574219 15.290108680725097656 15.332490921020507813 15.425772666931152344 15.426481246948242188 15.387828826904296875 15.424424171447753906 15.537488937377929688 15.642241477966308594 15.717434883117675781 15.758202552795410156 15.754253387451171875 15.716664314270019531 15.637648582458496094 15.531992912292480469 15.4343109130859375 15.333338737487792969 15.231738090515136719 15.15364837646484375 15.118371963500976563 15.133914947509765625 15.138193130493164063 15.115294456481933594 15.092987060546875 15.148099899291992188 15.290204048156738281 15.3244476318359375 15.208249092102050781 15.070696830749511719 15.007837295532226563 15.012797355651855469 15.072241783142089844
16.475214004516601563 16.71883392333984375 16.704677581787109375 16.362737655639648438 15.788193702697753906 15.271298408508300781 15.059983253479003906 15.180222511291503906 15.3585052490234375 15.329014778137207031 15.310597419738769531 15.420941352844238281 15.511739730834960938 15.539795875549316406 15.56148529052734375 15.632218360900878906 15.700266838073730469 15.741361618041992188 15.755392074584960938 15.723764419555664063 15.64081573486328125 15.512972831726074219 15.382325172424316406 15.2803192138671875 15.198576927185058594 15.139570236206054688 15.109142303466796875 15.111607551574707031 15.10750579833984375 15.074861526489257813 15.083709716796875 15.120114326477050781 15.233060836791992188 15.383038520812988281 15.390339851379394531 15.343518257141113281 15.286963462829589844 15.242390632629394531 15.250905990600585938 15.292849540710449219
16.71155548095703125 16.844861984252929688 16.740819931030273438 16.397167205810546875 15.887248992919921875 15.390013694763183594 15.077118873596191406 15.098290443420410156 15.329288482666015625 15.391358375549316406 15.3272705078125 15.361719131469726563 15.4739837646484375 15.570937156677246094 15.624922752380371094 15.677889823913574219 15.717760086059570313 15.740971565246582031 15.737221717834472656 15.696758270263671875 15.592755317687988281 15.4454498291015625 15.305295944213867188 15.199921607971191406 15.127592086791992188 15.087231636047363281 15.074960708618164063 15.073266029357910156 15.040629386901855469 15.036645889282226563 15.068974494934082031 15.141620635986328125 15.27750396728515625 15.401790618896484375 15.410512924194335938 15.398755073547363281 15.395015716552734375 15.386698722839355469 15.386621475219726563 15.396061897277832031
16.9813690185546875 16.939817428588867188 16.71192169189453125 16.380659103393554688 15.975035667419433594 15.539273262023925781 15.155385971069335938 15.044301986694335938 15.229512214660644531 15.427952766418457031 15.415716171264648438 15.365279197692871094 15.390407562255859375 15.486823081970214844 15.582867622375488281 15.652688980102539063 15.695993423461914063 15.71263885498046875 15.698599815368652344 15.655959129333496094 15.560227394104003906 15.424149513244628906 15.285984992980957031 15.170804977416992188 15.087903022766113281 15.047791481018066406 15.04410552978515625 15.023964881896972656 15.006800651550292969 15.015322685241699219 15.04538726806640625 15.097832679748535156 15.206589698791503906 15.330365180969238281 15.396334648132324219 15.418749809265136719 15.4196624755859375 15.414649009704589844 15.420754432678222656 15.443825721740722656
17.10913848876953125 16.932285308837890625 16.63642120361328125 16.347032546997070313 16.0543060302734375 15.685837745666503906 15.257756233215332031 15.040746688842773438 15.155449867248535156 15.388691902160644531 15.47136688232421875 15.447046279907226563 15.415890693664550781 15.44371795654296875 15.518579483032226563 15.584805488586425781 15.634970664978027344 15.657863616943359375 15.639847755432128906 15.594792366027832031 15.51461029052734375 15.401427268981933594 15.274789810180664063 15.155368804931640625 15.0631561279296875 15.022547721862792969 15.022272109985351563 15.003083229064941406 14.9854583740234375 14.984368324279785156 15.002537727355957031 15.047719001770019531 15.123363494873046875 15.221026420593261719 15.308376312255859375 15.360056877136230469 15.366418838500976563 15.374920845031738281 15.421553611755371094 15.482453346252441406
17.116085052490234375 16.885911941528320313 16.601270675659179688 16.376935958862304688 16.179693222045898438 15.881686210632324219 15.428055763244628906 15.091628074645996094 15.085895538330078125 15.2940521240234375 15.465838432312011719 15.510190010070800781 15.505706787109375 15.490843772888183594 15.505122184753417969 15.525044441223144531 15.538816452026367188 15.548868179321289063 15.532477378845214844 15.484274864196777344 15.413170814514160156 15.325197219848632813 15.219701766967773438 15.108898162841796875 15.020589828491210938 14.9916839599609375 14.985889434814453125 14.970580101013183594 14.951845169067382813 14.950456619262695313 14.969966888427734375 15.000958442687988281 15.033369064331054688 15.094676017761230469 15.171654701232910156 15.218857765197753906 15.240454673767089844 15.319703102111816406 15.437520027160644531 15.522592544555664063
17.119810104370117188 16.959119796752929688 16.73966217041015625 16.540019989013671875 16.365240097045898438 16.105970382690429688 15.651528358459472656 15.2073211669921875 15.047542572021484375 15.164159774780273438 15.368150711059570313 15.480398178100585938 15.5243377685546875 15.530704498291015625 15.516849517822265625 15.487740516662597656 15.452752113342285156 15.427048683166503906 15.400730133056640625 15.347103118896484375 15.275219917297363281 15.201134681701660156 15.115916252136230469 15.029658317565917969 14.972033500671386719 14.957684516906738281 14.94911956787109375 14.942121505737304688 14.944257736206054688 14.965755462646484375 15.011446952819824219 15.0493621826171875 15.068197250366210938 15.085482597351074219 15.096655845642089844 15.106721878051757813 15.179281234741210938 15.342764854431152344 15.49251556396484375 15.551939010620117188
17.191799163818359375 17.10022735595703125 16.939441680908203125 16.735616683959960938 16.541608810424804688 16.291746139526367188 15.855750083923339844 15.364235877990722656 15.076766014099121094 15.0641937255859375 15.225412368774414063 15.36612701416015625 15.419420242309570313 15.453007698059082031 15.4534149169921875 15.413782119750976563 15.363452911376953125 15.31798553466796875 15.279308319091796875 15.225058555603027344 15.158672332763671875 15.093913078308105469 15.030343055725097656 14.979875564575195313 14.952599525451660156 14.95086669921875 14.955850601196289063 14.973501205444335938 15.003893852233886719 15.055432319641113281 15.121990203857421875 15.185823440551757813 15.212787628173828125 15.214872360229492188 15.209201812744140625 15.216979026794433594 15.287720680236816406 15.424548149108886719 15.566798210144042969 15.627984046936035156
17.261392593383789063 17.201883316040039063 17.10523223876953125 16.956487655639648438 16.767061233520507813 16.526563644409179688 16.134098052978515625 15.617724418640136719 15.217569351196289063 15.036640167236328125 15.067620277404785156 15.180929183959960938 15.238757133483886719 15.262541770935058594 15.281304359436035156 15.266880035400390625 15.231028556823730469 15.188615798950195313 15.146081924438476563 15.101785659790039063 15.057604789733886719 15.017476081848144531 14.988476753234863281 14.9799041748046875 14.993355751037597656 15.018362045288085938 15.052093505859375 15.112889289855957031 15.185854911804199219 15.259440422058105469 15.343106269836425781 15.411119461059570313 15.445934295654296875 15.450978279113769531 15.460826873779296875 15.502692222595214844 15.563192367553710938 15.625262260437011719 15.706717491149902344 15.777852058410644531
17.32269287109375 17.280635833740234375 17.220090866088867188 17.134767532348632813 17.011091232299804688 16.83721160888671875 16.541534423828125 16.0516815185546875 15.582352638244628906 15.210119247436523438 15.054780006408691406 15.049640655517578125 15.086022377014160156 15.116774559020996094 15.1322021484375 15.137151718139648438 15.128966331481933594 15.109015464782714844 15.083952903747558594 15.053183555603027344 15.029882431030273438 15.020142555236816406 15.02154541015625 15.055741310119628906 15.09781646728515625 15.142498970031738281 15.20424652099609375 15.333291053771972656 15.46100616455078125 15.588631629943847656 15.744821548461914063 15.860949516296386719 15.902521133422851563 15.883931159973144531 15.829764366149902344 15.776581764221191406 15.739981651306152344 15.723246574401855469 15.722210884094238281 15.741352081298828125
17.3825531005859375 17.364057540893554688 17.332822799682617188 17.28701019287109375 17.219106674194335938 17.118116378784179688 16.948900222778320313 16.635469436645507813 16.169393539428710938 15.734495162963867188 15.402148246765136719 15.203107833862304688 15.153278350830078125 15.159518241882324219 15.162629127502441406 15.149702072143554688 15.134662628173828125 15.109786033630371094 15.082972526550292969 15.062040328979492188 15.053181648254394531 15.056415557861328125 15.094483375549316406 15.149172782897949219 15.1961822509765625 15.250173568725585938 15.363742828369140625 15.639867782592773438 15.8970489501953125 16.178552627563476563 16.433376312255859375 16.606853485107421875 16.679521560668945313 16.664541244506835938 16.608592987060546875 16.539325714111328125 16.455799102783203125 16.35207366943359375 16.2281036376953125 16.116888046264648438
17.387849807739257813 17.385007858276367188 17.37813568115234375 17.367544174194335938 17.352474212646484375 17.329662322998046875 17.295515060424804688 17.226373672485351563 17.017581939697265625 16.7158966064453125 16.384492874145507813 16.05450439453125 15.765193939208984375 15.59023284912109375 15.542257308959960938 15.550820350646972656 15.574420928955078125 15.574416160583496094 15.494165420532226563 15.351999282836914063 15.236303329467773438 15.184589385986328125 15.197093963623046875 15.235637664794921875 15.303449630737304688 15.433391571044921875 15.855298995971679688 16.363462448120117188 16.764562606811523438 16.99405670166015625 17.102544784545898438 17.139486312866210938 17.142486572265625 17.127630233764648438 17.106069564819335938 17.079021453857421875 17.046213150024414063 16.996822357177734375 16.937795639038085938 16.877323150634765625
