MapLinkProApp/griddata/temperature/ASCII/cmems_mod_glo_phy-thetao_anfc_0,083deg_P1D-m_1702458667101_1062,4.asc
ncols        121
nrows        120
xllcorner    -30.041666666667
yllcorner    40.041666655981
cellsize     0.083333333333
NODATA_value  9.9692099683868690468e+36
[rows 18 to 35 of 120, columns 40 to 79 of 121]
3.9624645709991455078 3.9666991233825683594 3.9732954502105712891 3.9629037380218505859 3.9907860755920410156 4.0708527565002441406 4.1523499488830566406 4.2414941787719726563 4.2180066108703613281 4.2701921463012695313 4.4137759208679199219 4.55133819580078125 4.5894207954406738281 4.679637908935546875 4.8410482406616210938 4.9538936614990234375 4.9531369209289550781 4.8842010498046875 4.9315361976623535156 5.0276722908020019531 5.0503239631652832031 5.0938725471496582031 5.0802836418151855469 4.9830498695373535156 4.9140634536743164063 4.8585119247436523438 4.7858028411865234375 4.7115983963012695313 4.6298427581787109375 4.5653710365295410156 4.5341930389404296875 4.5356464385986328125 4.5716824531555175781 4.5597333908081054688 4.4404873847961425781 4.2829537391662597656 4.187320709228515625 4.1689581871032714844 4.1627635955810546875 4.1707553863525390625
4.0354046821594238281 4.0323472023010253906 4.0317130088806152344 4.0357608795166015625 4.0755052566528320313 4.1344804763793945313 4.2021274566650390625 4.24602508544921875 4.19293975830078125 4.2651395797729492188 4.3739271163940429688 4.4808406829833984375 4.5030336380004882813 4.6205716133117675781 4.8069286346435546875 4.9573092460632324219 5.0534772872924804688 5.0230884552001953125 5.0128512382507324219 5.0722060203552246094 5.0848040580749511719 5.0224771499633789063 4.9208941459655761719 4.8940639495849609375 4.9085416793823242188 4.8700957298278808594 4.8200306892395019531 4.7727007865905761719 4.7280783653259277344 4.6769556999206542969 4.6405329704284667969 4.6283812522888183594 4.6089167594909667969 4.5395154953002929688 4.427181243896484375 4.3184423446655273438 4.2359681129455566406 4.1774530410766601563 4.1524987220764160156 4.1858196258544921875
4.1211490631103515625 4.108642578125 4.0896501541137695313 4.0837459564208984375 4.1085824966430664063 4.1468100547790527344 4.1845517158508300781 4.1862344741821289063 4.1584491729736328125 4.2638378143310546875 4.3723130226135253906 4.4469027519226074219 4.4596190452575683594 4.5536479949951171875 4.6869196891784667969 4.8011922836303710938 4.9136986732482910156 4.9492950439453125 4.9761171340942382813 4.9873685836791992188 4.9323306083679199219 4.8773407936096191406 4.9193811416625976563 4.9834756851196289063 4.9820313453674316406 4.938976287841796875 4.9131178855895996094 4.8642053604125976563 4.7848825454711914063 4.7188425064086914063 4.6696619987487792969 4.6375474929809570313 4.5995984077453613281 4.5296115875244140625 4.427745819091796875 4.3216090202331542969 4.2367482185363769531 4.2136688232421875 4.247394561767578125 4.2768874168395996094
4.2513804435729980469 4.2276124954223632813 4.197479248046875 4.1937336921691894531 4.1884174346923828125 4.1794629096984863281 4.1685547828674316406 4.1098036766052246094 4.1194100379943847656 4.2361087799072265625 4.322887420654296875 4.4205341339111328125 4.4562892913818359375 4.5325417518615722656 4.6158680915832519531 4.6637272834777832031 4.7168831825256347656 4.7544894218444824219 4.8031225204467773438 4.8390870094299316406 4.8401436805725097656 4.8969836235046386719 5.0025911331176757813 5.0464315414428710938 5.0331621170043945313 4.9555497169494628906 4.9320206642150878906 4.94408416748046875 4.8811373710632324219 4.7726140022277832031 4.6725029945373535156 4.6084609031677246094 4.5714168548583984375 4.5158891677856445313 4.43544769287109375 4.3903980255126953125 4.3808684349060058594 4.3732500076293945313 4.3859043121337890625 4.4302411079406738281
4.2334604263305664063 4.2321925163269042969 4.1838016510009765625 4.1902914047241210938 4.2235746383666992188 4.2135896682739257813 4.137973785400390625 4.0296425819396972656 4.0766882896423339844 4.1873173713684082031 4.2650041580200195313 4.37100982666015625 4.4445300102233886719 4.5153727531433105469 4.5915312767028808594 4.6299481391906738281 4.6469674110412597656 4.7033457756042480469 4.7652721405029296875 4.8350567817687988281 4.8586316108703613281 4.9033565521240234375 5.0146484375 5.0759387016296386719 5.075328826904296875 5.049083709716796875 4.9953446388244628906 4.9702095985412597656 4.9629073143005371094 4.9238791465759277344 4.8278002738952636719 4.7186155319213867188 4.6274170875549316406 4.552547454833984375 4.5051546096801757813 4.4691152572631835938 4.4660673141479492188 4.4828581809997558594 4.5038294792175292969 4.5978784561157226563
4.1006999015808105469 4.103450775146484375 4.1182012557983398438 4.162166595458984375 4.2104787826538085938 4.1785283088684082031 4.0381178855895996094 3.9391243457794189453 4.0449934005737304688 4.1389169692993164063 4.1962308883666992188 4.2933745384216308594 4.4083933830261230469 4.4893121719360351563 4.5583128929138183594 4.6338663101196289063 4.6514339447021484375 4.7356209754943847656 4.8481130599975585938 4.9136171340942382813 4.9145221710205078125 4.9293832778930664063 4.9732213020324707031 4.99094390869140625 4.9917750358581542969 5.0074863433837890625 5.013988494873046875 4.9812154769897460938 4.9400038719177246094 4.9035992622375488281 4.8500075340270996094 4.8106455802917480469 4.7532334327697753906 4.6758799552917480469 4.5876736640930175781 4.5365166664123535156 4.5398678779602050781 4.5497674942016601563 4.5858645439147949219 4.7330527305603027344
4.1924538612365722656 4.0676221847534179688 4.0396327972412109375 4.1256909370422363281 4.1921911239624023438 4.1348071098327636719 3.9607114791870117188 3.8780767917633056641 3.9800400733947753906 4.068004608154296875 4.1072368621826171875 4.1600298881530761719 4.2903275489807128906 4.4197292327880859375 4.5173602104187011719 4.6366200447082519531 4.6918749809265136719 4.7167816162109375 4.7789850234985351563 4.8714823722839355469 4.9208970069885253906 4.9358987808227539063 4.9446096420288085938 4.9178786277770996094 4.8714208602905273438 4.8782091140747070313 4.8772997856140136719 4.8662467002868652344 4.8186821937561035156 4.7687897682189941406 4.7328143119812011719 4.6831326484680175781 4.63077545166015625 4.6121821403503417969 4.5776014328002929688 4.5150804519653320313 4.4922699928283691406 4.5530171394348144531 4.6988353729248046875 4.9775342941284179688
4.2126660346984863281 4.1060056686401367188 4.0437946319580078125 4.1079883575439453125 4.171558380126953125 4.0802135467529296875 3.8918206691741943359 3.8205485343933105469 3.8770127296447753906 3.9471445083618164063 4.0279054641723632813 4.0643115043640136719 4.1387362480163574219 4.2371244430541992188 4.3422379493713378906 4.44944000244140625 4.570980072021484375 4.6482524871826171875 4.7037973403930664063 4.7497653961181640625 4.8053035736083984375 4.8565268516540527344 4.9205350875854492188 4.9245324134826660156 4.8574705123901367188 4.7911410331726074219 4.749553680419921875 4.7130904197692871094 4.6690630912780761719 4.6132335662841796875 4.5740137100219726563 4.5209779739379882813 4.5295081138610839844 4.5119471549987792969 4.4328799247741699219 4.392230987548828125 4.50334930419921875 4.7107291221618652344 5.0317511558532714844 5.3506155014038085938
4.1160287857055664063 4.0639405250549316406 4.0520763397216796875 4.1149086952209472656 4.1419777870178222656 4.0258822441101074219 3.8584387302398681641 3.8108494281768798828 3.8384776115417480469 3.8384764194488525391 3.9030668735504150391 3.9764800071716308594 4.0438294410705566406 4.0912065505981445313 4.1579403877258300781 4.2204265594482421875 4.2949490547180175781 4.3772463798522949219 4.4600338935852050781 4.5526685714721679688 4.6535353660583496094 4.7551469802856445313 4.8473372459411621094 4.8415894508361816406 4.8885173797607421875 4.8640604019165039063 4.8089733123779296875 4.7269473075866699219 4.635547637939453125 4.5249581336975097656 4.4524736404418945313 4.3961973190307617188 4.3583841323852539063 4.3226294517517089844 4.2918839454650878906 4.4150028228759765625 4.7009406089782714844 5.081249237060546875 5.4158086776733398438 5.4174971580505371094
4.0732164382934570313 4.040897369384765625 4.05893707275390625 4.1162171363830566406 4.1057629585266113281 3.9646372795104980469 3.8379552364349365234 3.8733122348785400391 3.9103205204010009766 3.8612787723541259766 3.8961436748504638672 3.9902811050415039063 4.0727181434631347656 4.1478133201599121094 4.212066650390625 4.2682952880859375 4.3136682510375976563 4.3624367713928222656 4.4064936637878417969 4.4261059761047363281 4.4779791831970214844 4.572544097900390625 4.6624798774719238281 4.7050681114196777344 4.8323388099670410156 4.852336883544921875 4.8169808387756347656 4.7696871757507324219 4.6713314056396484375 4.5668611526489257813 4.4693751335144042969 4.3650650978088378906 4.2802882194519042969 4.267974853515625 4.3620815277099609375 4.5983462333679199219 4.9314713478088378906 5.3377971649169921875 5.5486001968383789063 5.4218258857727050781
4.0947179794311523438 4.0682835578918457031 4.0846071243286132813 4.1090564727783203125 4.0354771614074707031 3.8954627513885498047 3.8568475246429443359 3.9265584945678710938 3.9637722969055175781 3.9943494796752929688 4.0739040374755859375 4.1586918830871582031 4.1853799819946289063 4.2030992507934570313 4.2281475067138671875 4.3542084693908691406 4.4898762702941894531 4.5784320831298828125 4.62638092041015625 4.58449554443359375 4.5731253623962402344 4.5397667884826660156 4.5588479042053222656 4.532230377197265625 4.5418772697448730469 4.6152477264404296875 4.6873316764831542969 4.7200560569763183594 4.6503849029541015625 4.5378184318542480469 4.4587588310241699219 4.398784637451171875 4.3462457656860351563 4.3416833877563476563 4.4708337783813476563 4.723590850830078125 5.0800147056579589844 5.4651937484741210938 5.6219053268432617188 5.4961748123168945313
4.1217041015625 4.1168622970581054688 4.1155152320861816406 4.07753753662109375 3.9374532699584960938 3.8017916679382324219 3.8442251682281494141 3.9643800258636474609 4.0001854896545410156 4.0247869491577148438 4.0921015739440917969 4.2043995857238769531 4.3048195838928222656 4.336273193359375 4.2889857292175292969 4.31079864501953125 4.4410262107849121094 4.616832733154296875 4.7700223922729492188 4.8007249832153320313 4.8116769790649414063 4.717571258544921875 4.7333464622497558594 4.6766786575317382813 4.5415720939636230469 4.4203615188598632813 4.4661417007446289063 4.4824895858764648438 4.53256988525390625 4.52837371826171875 4.4820003509521484375 4.4491090774536132813 4.4284281730651855469 4.3846197128295898438 4.449993133544921875 4.70444488525390625 5.0615239143371582031 5.4262156486511230469 5.5580868721008300781 5.4914159774780273438
4.1465048789978027344 4.139232635498046875 4.112903594970703125 4.001644134521484375 3.8395586013793945313 3.7651522159576416016 3.8238396644592285156 3.9129281044006347656 3.9624512195587158203 3.956058502197265625 3.9607203006744384766 4.0693378448486328125 4.23223876953125 4.3700032234191894531 4.3817110061645507813 4.3691310882568359375 4.4991440773010253906 4.6921000480651855469 4.9049663543701171875 5.0193381309509277344 4.9390053749084472656 4.8523879051208496094 4.8752584457397460938 4.8380079269409179688 4.7089824676513671875 4.5691981315612792969 4.5937089920043945313 4.4969577789306640625 4.4316258430480957031 4.4385933876037597656 4.4258317947387695313 4.4518084526062011719 4.4919533729553222656 4.4841241836547851563 4.4721980094909667969 4.6503119468688964844 5.0330362319946289063 5.3986268043518066406 5.5230283737182617188 5.4693756103515625
4.1537270545959472656 4.1317391395568847656 4.0698719024658203125 3.9175992012023925781 3.7703442573547363281 3.7070815563201904297 3.7204966545104980469 3.7758944034576416016 3.8115611076354980469 3.8234770298004150391 3.8536005020141601563 3.9721305370330810547 4.1815638542175292969 4.3784856796264648438 4.4136514663696289063 4.4537882804870605469 4.5845484733581542969 4.820804595947265625 5.0596170425415039063 5.2537622451782226563 5.3220529556274414063 5.1801695823669433594 5.0832819938659667969 4.9728713035583496094 4.8213715553283691406 4.6443238258361816406 4.6255087852478027344 4.7038283348083496094 4.5997152328491210938 4.51445770263671875 4.4296278953552246094 4.4190282821655273438 4.4625306129455566406 4.5464086532592773438 4.5901627540588378906 4.6421236991882324219 4.8953914642333984375 5.2732777595520019531 5.5036630630493164063 5.4708094596862792969
4.1780114173889160156 4.1537628173828125 4.0812082290649414063 3.9127488136291503906 3.7594954967498779297 3.7149257659912109375 3.7302849292755126953 3.7643172740936279297 3.7833392620086669922 3.7872095108032226563 3.8807070255279541016 4.0282082557678222656 4.2702159881591796875 4.4168682098388671875 4.4480357170104980469 4.5360960960388183594 4.7293095588684082031 4.9619107246398925781 5.2176370620727539063 5.3637342453002929688 5.5280404090881347656 5.5034208297729492188 5.3200216293334960938 5.17501068115234375 5.0536637306213378906 4.789394378662109375 4.5988612174987792969 4.8090372085571289063 4.823474884033203125 4.7358336448669433594 4.6302700042724609375 4.602874755859375 4.6075592041015625 4.6395010948181152344 4.6580982208251953125 4.72261810302734375 4.8902583122253417969 5.2132253646850585938 5.4447827339172363281 5.4127435684204101563
4.1742877960205078125 4.1435360908508300781 4.0900640487670898438 3.9899311065673828125 3.8893492221832275391 3.8776767253875732422 3.9330396652221679688 3.9861981868743896484 3.9972548484802246094 3.9840154647827148438 4.0901627540588378906 4.2649531364440917969 4.4163732528686523438 4.4570660591125488281 4.5244402885437011719 4.7217888832092285156 4.9390354156494140625 5.1532311439514160156 5.42458343505859375 5.5711050033569335938 5.6708912849426269531 5.766735076904296875 5.62469482421875 5.414096832275390625 5.1977334022521972656 4.8871674537658691406 4.7208089828491210938 4.8373203277587890625 4.8580546379089355469 4.7640466690063476563 4.736980438232421875 4.8276438713073730469 4.8807063102722167969 4.8725461959838867188 4.8162312507629394531 4.7502608299255371094 4.8359813690185546875 5.1340584754943847656 5.4041767120361328125 5.4766201972961425781
4.1947855949401855469 4.1715350151062011719 4.1378760337829589844 4.0719084739685058594 4.0346980094909667969 4.0571737289428710938 4.0922002792358398438 4.1253085136413574219 4.1604661941528320313 4.2192964553833007813 4.3315410614013671875 4.4377045631408691406 4.4652681350708007813 4.4972052574157714844 4.6905183792114257813 4.9090662002563476563 5.0868101119995117188 5.2972903251647949219 5.6139612197875976563 5.8081116676330566406 5.8462185859680175781 5.9266858100891113281 5.8537440299987792969 5.6284761428833007813 5.3507466316223144531 5.0492382049560546875 4.7940545082092285156 4.8068346977233886719 4.8382358551025390625 4.7259454727172851563 4.688594818115234375 4.7969865798950195313 4.8294663429260253906 4.9219236373901367188 4.9703550338745117188 4.8438897132873535156 4.8558850288391113281 5.1240391731262207031 5.4426598548889160156 5.6505556106567382813
4.1355824470520019531 4.1089000701904296875 4.1128683090209960938 4.1038928031921386719 4.1230916976928710938 4.1480207443237304688 4.1880497932434082031 4.2535486221313476563 4.327213287353515625 4.4307699203491210938 4.469043731689453125 4.5152769088745117188 4.5304665565490722656 4.6266903877258300781 4.8171181678771972656 4.9813446998596191406 5.1529207229614257813 5.4555907249450683594 5.8181934356689453125 5.9863801002502441406 5.9890985488891601563 6.0208292007446289063 5.9691233634948730469 5.7223248481750488281 5.4337244033813476563 5.2223668098449707031 4.9087696075439453125 4.891529083251953125 4.9932618141174316406 4.8175601959228515625 4.6952576637268066406 4.7836289405822753906 4.8249411582946777344 4.853321075439453125 4.8960714340209960938 4.823642730712890625 4.8841280937194824219 5.1274237632751464844 5.4057445526123046875 5.5891399383544921875
