MapLinkProApp/griddata/temperature/ASCII/cmems_mod_glo_phy-thetao_anfc_0,083deg_P1D-m_1702458667101_2225,1.asc
ncols        121
nrows        120
xllcorner    -30.041666666667
yllcorner    40.041666655981
cellsize     0.083333333333
NODATA_value  9.9692099683868690468e+36
[rows 0 to 17 of 120, columns 40 to 79 of 121]
3.2756519317626953125 3.2695827484130859375 3.2668015956878662109 3.2742018699645996094 3.2848186492919921875 3.2886598110198974609 3.2861189842224121094 3.2785410881042480469 3.2705883979797363281 3.2748494148254394531 3.2830801010131835938 3.2878737449645996094 3.2833421230316162109 3.2744925022125244141 3.2626445293426513672 3.2526648044586181641 3.2458071708679199219 3.2422854900360107422 3.2294583320617675781 3.2083144187927246094 3.1820991039276123047 3.1562373638153076172 3.1378595829010009766 3.1298356056213378906 3.1316237449645996094 3.1381053924560546875 3.1415383815765380859 3.1378245353698730469 3.1336040496826171875 3.1399590969085693359 3.15484619140625 3.1677088737487792969 3.1743907928466796875 3.1776731014251708984 3.1685481071472167969 3.1607875823974609375 3.1854319572448730469 3.2186074256896972656 3.2424826622009277344 3.2621257305145263672
3.2660930156707763672 3.2574646472930908203 3.2550590038299560547 3.2669951915740966797 3.2806501388549804688 3.2850186824798583984 3.2828228473663330078 3.2753021717071533203 3.2669684886932373047 3.2634596824645996094 3.2634959220886230469 3.2711055278778076172 3.2759878635406494141 3.2810347080230712891 3.2725863456726074219 3.2690403461456298828 3.2649075984954833984 3.2578501701354980469 3.2482275962829589844 3.2361726760864257813 3.2151887416839599609 3.1942415237426757813 3.1760842800140380859 3.1662688255310058594 3.1633868217468261719 3.1584782600402832031 3.1432714462280273438 3.1244938373565673828 3.1220228672027587891 3.1397562026977539063 3.1570312976837158203 3.1693398952484130859 3.1747491359710693359 3.1611659526824951172 3.1378810405731201172 3.1532917022705078125 3.2110538482666015625 3.2544083595275878906 3.27764129638671875 3.2902586460113525391
3.2538075447082519531 3.2478952407836914063 3.2489445209503173828 3.258243560791015625 3.2640843391418457031 3.2650148868560791016 3.2651116847991943359 3.2625155448913574219 3.2591989040374755859 3.2551858425140380859 3.2399702072143554688 3.2384984493255615234 3.2391786575317382813 3.256534576416015625 3.2654986381530761719 3.2763886451721191406 3.2737376689910888672 3.2754156589508056641 3.2650876045227050781 3.2558183670043945313 3.2386980056762695313 3.2199137210845947266 3.2033224105834960938 3.1897592544555664063 3.1714451313018798828 3.1458811759948730469 3.1213037967681884766 3.1121630668640136719 3.1236636638641357422 3.144092559814453125 3.1593661308288574219 3.1630423069000244141 3.1541056632995605469 3.1385893821716308594 3.1369440555572509766 3.1752791404724121094 3.2328443527221679688 3.2770352363586425781 3.3004109859466552734 3.3088583946228027344
3.2488696575164794922 3.2424020767211914063 3.2408802509307861328 3.2492897510528564453 3.2569539546966552734 3.2571070194244384766 3.2531766891479492188 3.2541813850402832031 3.2450876235961914063 3.2442450523376464844 3.2366352081298828125 3.22505950927734375 3.2143888473510742188 3.2187378406524658203 3.2288591861724853516 3.2394073009490966797 3.2437202930450439453 3.2492172718048095703 3.2386868000030517578 3.2364368438720703125 3.2154324054718017578 3.2055368423461914063 3.1914184093475341797 3.1750543117523193359 3.1560976505279541016 3.1375448703765869141 3.1235892772674560547 3.118682861328125 3.1261222362518310547 3.1396815776824951172 3.1466128826141357422 3.1454424858093261719 3.1451506614685058594 3.1515967845916748047 3.1521129608154296875 3.1761171817779541016 3.2332818508148193359 3.28382110595703125 3.3066675662994384766 3.3177039623260498047
3.2422909736633300781 3.2339630126953125 3.2368304729461669922 3.2512998580932617188 3.2597184181213378906 3.2593350410461425781 3.2503674030303955078 3.2383396625518798828 3.2271654605865478516 3.2236418724060058594 3.2190673351287841797 3.2142269611358642578 3.2047715187072753906 3.2041609287261962891 3.2065613269805908203 3.2119708061218261719 3.2134387493133544922 3.2137637138366699219 3.2098469734191894531 3.2075617313385009766 3.200801849365234375 3.1970765590667724609 3.1926500797271728516 3.1858305931091308594 3.1775171756744384766 3.1672875881195068359 3.1585385799407958984 3.1550981998443603516 3.1562442779541015625 3.1583390235900878906 3.1588613986968994141 3.1592366695404052734 3.1642100811004638672 3.1711184978485107422 3.1639120578765869141 3.1766102313995361328 3.2282745838165283203 3.2821686267852783203 3.3069217205047607422 3.3172018527984619141
3.2276048660278320313 3.2140119075775146484 3.2259590625762939453 3.2466490268707275391 3.2615427970886230469 3.2636713981628417969 3.2503206729888916016 3.237827301025390625 3.219738006591796875 3.1961588859558105469 3.1804234981536865234 3.1617903709411621094 3.1619379520416259766 3.1624112129211425781 3.1693017482757568359 3.1796898841857910156 3.1879281997680664063 3.1936311721801757813 3.1929764747619628906 3.1931905746459960938 3.1967413425445556641 3.1982114315032958984 3.2043216228485107422 3.2044324874877929688 3.2027814388275146484 3.1973745822906494141 3.1910419464111328125 3.1869637966156005859 3.1851325035095214844 3.1849105358123779297 3.1831629276275634766 3.1795945167541503906 3.1832270622253417969 3.1883518695831298828 3.17829132080078125 3.1821296215057373047 3.2236044406890869141 3.2762541770935058594 3.3042101860046386719 3.3101127147674560547
3.1790959835052490234 3.1663405895233154297 3.1685986518859863281 3.1837689876556396484 3.2006847858428955078 3.2072331905364990234 3.1958432197570800781 3.1734061241149902344 3.1533217430114746094 3.1428861618041992188 3.140483856201171875 3.1375703811645507813 3.1449713706970214844 3.1499440670013427734 3.1551244258880615234 3.1651964187622070313 3.1778080463409423828 3.1910655498504638672 3.1964924335479736328 3.2034282684326171875 3.2048106193542480469 3.2056303024291992188 3.2075283527374267578 3.2084484100341796875 3.2098362445831298828 3.2069401741027832031 3.2053956985473632813 3.2036752700805664063 3.2002491950988769531 3.1988537311553955078 3.1980326175689697266 3.1954166889190673828 3.1958472728729248047 3.1957063674926757813 3.1835010051727294922 3.1863749027252197266 3.2267081737518310547 3.2774693965911865234 3.3059265613555908203 3.3068537712097167969
3.1280405521392822266 3.1101317405700683594 3.1076989173889160156 3.1050906181335449219 3.1134207248687744141 3.1211707592010498047 3.1273939609527587891 3.1246182918548583984 3.1313695907592773438 3.1365997791290283203 3.1494798660278320313 3.1671454906463623047 3.1803233623504638672 3.184436798095703125 3.1884467601776123047 3.1915431022644042969 3.1972775459289550781 3.2087500095367431641 3.2240989208221435547 3.236064910888671875 3.2416813373565673828 3.2413377761840820313 3.2370178699493408203 3.2322118282318115234 3.2291767597198486328 3.2297024726867675781 3.2318129539489746094 3.2302606105804443359 3.2261960506439208984 3.2211480140686035156 3.21326446533203125 3.2050702571868896484 3.2014150619506835938 3.1987657546997070313 3.1890985965728759766 3.1961624622344970703 3.2400405406951904297 3.2874715328216552734 3.3131017684936523438 3.3145036697387695313
3.1005816459655761719 3.0754148960113525391 3.069683074951171875 3.0696566104888916016 3.0767676830291748047 3.0876572132110595703 3.0981316566467285156 3.1016094684600830078 3.1126668453216552734 3.1263577938079833984 3.1372475624084472656 3.1449420452117919922 3.1546425819396972656 3.1656856536865234375 3.1796481609344482422 3.1825950145721435547 3.1991322040557861328 3.2207317352294921875 3.2520706653594970703 3.2735428810119628906 3.2864828109741210938 3.2932183742523193359 3.28495025634765625 3.2692193984985351563 3.2564158439636230469 3.2491908073425292969 3.2434554100036621094 3.2380316257476806641 3.2313470840454101563 3.2232754230499267578 3.2131395339965820313 3.2023119926452636719 3.1978483200073242188 3.1969723701477050781 3.1934731006622314453 3.2083618640899658203 3.2547094821929931641 3.2988297939300537109 3.3193647861480712891 3.3170318603515625
3.0967144966125488281 3.0613429546356201172 3.0466811656951904297 3.0503957271575927734 3.0622966289520263672 3.0749337673187255859 3.0883853435516357422 3.1035056114196777344 3.1153240203857421875 3.1282243728637695313 3.1432645320892333984 3.1567749977111816406 3.1706745624542236328 3.1805613040924072266 3.1961987018585205078 3.217868804931640625 3.2382636070251464844 3.2611794471740722656 3.2846803665161132813 3.3017001152038574219 3.3176267147064208984 3.3170170783996582031 3.2980942726135253906 3.2756772041320800781 3.2606465816497802734 3.2502748966217041016 3.2397849559783935547 3.2320332527160644531 3.2249100208282470703 3.2146940231323242188 3.204315185546875 3.1992781162261962891 3.1999890804290771484 3.2012045383453369141 3.2043819427490234375 3.2311077117919921875 3.2783732414245605469 3.3126273155212402344 3.3275167942047119141 3.3219444751739501953
3.1149816513061523438 3.0784010887145996094 3.0538604259490966797 3.0441594123840332031 3.0517671108245849609 3.0716755390167236328 3.0940792560577392578 3.1164929866790771484 3.1283209323883056641 3.1379342079162597656 3.1561067104339599609 3.1796858310699462891 3.19438934326171875 3.2080817222595214844 3.2251448631286621094 3.2457380294799804688 3.2681047916412353516 3.3032345771789550781 3.3256101608276367188 3.3424925804138183594 3.346546173095703125 3.3231921195983886719 3.2856276035308837891 3.2625219821929931641 3.2568650245666503906 3.2503290176391601563 3.2386045455932617188 3.2299468517303466797 3.2209782600402832031 3.2132182121276855469 3.2123386859893798828 3.2157301902770996094 3.2166600227355957031 3.2139446735382080078 3.2227571010589599609 3.2644755840301513672 3.3082699775695800781 3.3262460231781005859 3.32541656494140625 3.3123176097869873047
3.1412158012390136719 3.1202759742736816406 3.0976965427398681641 3.0768485069274902344 3.0711929798126220703 3.0774800777435302734 3.09613037109375 3.1262063980102539063 3.1376943588256835938 3.14076995849609375 3.1493563652038574219 3.1810486316680908203 3.1989779472351074219 3.2238566875457763672 3.2423865795135498047 3.2708628177642822266 3.3010237216949462891 3.3414690494537353516 3.3667042255401611328 3.3811523914337158203 3.3675515651702880859 3.3218801021575927734 3.2836267948150634766 3.273204803466796875 3.2744786739349365234 3.2758393287658691406 3.2666895389556884766 3.2581746578216552734 3.2477319240570068359 3.2397301197052001953 3.2413897514343261719 3.2463574409484863281 3.2419879436492919922 3.2345278263092041016 3.2533299922943115234 3.2972226142883300781 3.3251976966857910156 3.3306665420532226563 3.3199553489685058594 3.3076663017272949219
3.1538100242614746094 3.1418335437774658203 3.1232850551605224609 3.104381561279296875 3.0940318107604980469 3.1018769741058349609 3.121074676513671875 3.1487987041473388672 3.1508548259735107422 3.1513524055480957031 3.1561667919158935547 3.1898126602172851563 3.2145655155181884766 3.2382788658142089844 3.2630131244659423828 3.2950577735900878906 3.3322970867156982422 3.3804216384887695313 3.3989310264587402344 3.4027307033538818359 3.3759560585021972656 3.3241207599639892578 3.2830152511596679688 3.2716553211212158203 3.2812983989715576172 3.2901628017425537109 3.2921199798583984375 3.2949330806732177734 3.2934691905975341797 3.2888543605804443359 3.2849361896514892578 3.2767035961151123047 3.2622323036193847656 3.2623448371887207031 3.2931296825408935547 3.3243434429168701172 3.3357882499694824219 3.3297770023345947266 3.3086721897125244141 3.2752749919891357422
3.179347991943359375 3.1716525554656982422 3.1584100723266601563 3.138057708740234375 3.1192004680633544922 3.1186881065368652344 3.1429238319396972656 3.1563355922698974609 3.1490225791931152344 3.1411163806915283203 3.1640419960021972656 3.2029030323028564453 3.2306389808654785156 3.2669551372528076172 3.3008720874786376953 3.3355629444122314453 3.3747093677520751953 3.4112040996551513672 3.4188513755798339844 3.4064409732818603516 3.3652555942535400391 3.3154466152191162109 3.2836720943450927734 3.2815766334533691406 3.2951650619506835938 3.3025493621826171875 3.3030557632446289063 3.3044159412384033203 3.3053216934204101563 3.3004660606384277344 3.2930927276611328125 3.2833952903747558594 3.2763743400573730469 3.2902829647064208984 3.3194139003753662109 3.3299009799957275391 3.3231942653656005859 3.3016359806060791016 3.2632107734680175781 3.2191972732543945313
3.21321868896484375 3.1952588558197021484 3.1772785186767578125 3.1572649478912353516 3.1422083377838134766 3.1507565975189208984 3.163181304931640625 3.1523358821868896484 3.1377706527709960938 3.1484463214874267578 3.1923422813415527344 3.2399356365203857422 3.2753069400787353516 3.3052361011505126953 3.3362014293670654297 3.3781669139862060547 3.41640472412109375 3.4439022541046142578 3.4259617328643798828 3.3873639106750488281 3.3341183662414550781 3.2949223518371582031 3.2936985492706298828 3.30396270751953125 3.3126690387725830078 3.3222053050994873047 3.3197817802429199219 3.3140058517456054688 3.3059914112091064453 3.2994768619537353516 3.2906258106231689453 3.2863345146179199219 3.2953963279724121094 3.310024261474609375 3.3131060600280761719 3.2970032691955566406 3.2699744701385498047 3.2331326007843017578 3.1987092494964599609 3.1749825477600097656
3.2242364883422851563 3.2125568389892578125 3.1938810348510742188 3.1719923019409179688 3.1604154109954833984 3.1667714118957519531 3.1722095012664794922 3.1521170139312744141 3.1505956649780273438 3.1772911548614501953 3.2302567958831787109 3.2725508213043212891 3.2995254993438720703 3.3262090682983398438 3.3625321388244628906 3.4079144001007080078 3.453746795654296875 3.4427661895751953125 3.4222371578216552734 3.3779382705688476563 3.3264005184173583984 3.3012850284576416016 3.3019132614135742188 3.3021268844604492188 3.3180501461029052734 3.3309295177459716797 3.3308858871459960938 3.3222362995147705078 3.3136608600616455078 3.3029813766479492188 3.291362762451171875 3.2887358665466308594 3.2981214523315429688 3.3026905059814453125 3.2850127220153808594 3.2502498626708984375 3.212413787841796875 3.1811587810516357422 3.1691837310791015625 3.1627168655395507813
3.2074613571166992188 3.2229549884796142578 3.2218112945556640625 3.2023150920867919922 3.1906647682189941406 3.1963939666748046875 3.1921887397766113281 3.1773912906646728516 3.1833639144897460938 3.2255392074584960938 3.2624564170837402344 3.2875223159790039063 3.3101246356964111328 3.3393583297729492188 3.3788964748382568359 3.4319665431976318359 3.4682202339172363281 3.4458215236663818359 3.4089479446411132813 3.3703775405883789063 3.3304200172424316406 3.3033223152160644531 3.2875411510467529297 3.3127117156982421875 3.3369393348693847656 3.3449680805206298828 3.3317513465881347656 3.3177058696746826172 3.3066639900207519531 3.2950932979583740234 3.2866253852844238281 3.2870478630065917969 3.2928447723388671875 3.2828423976898193359 3.2493882179260253906 3.2102150917053222656 3.1777606010437011719 3.1610693931579589844 3.1566333770751953125 3.1541371345520019531
3.2051067352294921875 3.2192401885986328125 3.2243185043334960938 3.2167289257049560547 3.2046179771423339844 3.2017257213592529297 3.1976802349090576172 3.1933622360229492188 3.212978363037109375 3.24535369873046875 3.26318359375 3.2869489192962646484 3.3151094913482666016 3.3423504829406738281 3.3896653652191162109 3.4365930557250976563 3.4643158912658691406 3.4501755237579345703 3.4221744537353515625 3.3867955207824707031 3.3570406436920166016 3.31578826904296875 3.3133165836334228516 3.3424551486968994141 3.3565459251403808594 3.3470907211303710938 3.3266038894653320313 3.3165261745452880859 3.3079874515533447266 3.3034758567810058594 3.3018927574157714844 3.3033733367919921875 3.2955479621887207031 3.2651131153106689453 3.2197327613830566406 3.17752838134765625 3.1528463363647460938 3.1481752395629882813 3.1398949623107910156 3.1264619827270507813
