MapLinkProApp/griddata/temperature/ASCII/cmems_mod_glo_phy-thetao_anfc_0,083deg_P1D-m_1702458667101_92,3.asc
ncols        121
nrows        120
xllcorner    -30.041666666667
yllcorner    40.041666655981
cellsize     0.083333333333
NODATA_value  9.9692099683868690468e+36
[rows 90 to 107 of 120, columns 40 to 79 of 121]
16.958963394165039063 16.946056365966796875 16.859952926635742188 16.762372970581054688 16.74994659423828125 16.670747756958007813 16.527881622314453125 16.559926986694335938 16.523311614990234375 16.473934173583984375 16.479610443115234375 16.516447067260742188 16.531070709228515625 16.529176712036132813 16.530445098876953125 16.53350067138671875 16.53862762451171875 16.53499603271484375 16.503625869750976563 16.418701171875 16.315259933471679688 16.26262664794921875 16.256153106689453125 16.202320098876953125 16.102228164672851563 16.097843170166015625 16.22399139404296875 16.330888748168945313 16.400785446166992188 16.552490234375 16.604267120361328125 16.294744491577148438 15.974483489990234375 16.062770843505859375 16.207225799560546875 16.137395858764648438 15.91027069091796875 15.607807159423828125 15.469262123107910156 15.414992332458496094
16.993022918701171875 16.889265060424804688 16.792684555053710938 16.639249801635742188 16.534517288208007813 16.669317245483398438 16.693950653076171875 16.573186874389648438 16.590877532958984375 16.574924468994140625 16.513319015502929688 16.486721038818359375 16.488386154174804688 16.505687713623046875 16.533710479736328125 16.5511627197265625 16.538599014282226563 16.509977340698242188 16.45705413818359375 16.402904510498046875 16.343942642211914063 16.256679534912109375 16.212696075439453125 16.222423553466796875 16.170827865600585938 16.029176712036132813 16.06238555908203125 16.297025680541992188 16.377454757690429688 16.340662002563476563 16.4619293212890625 16.54024505615234375 16.24683380126953125 15.997256278991699219 16.178937911987304688 16.2764129638671875 16.196950912475585938 15.978869438171386719 15.772934913635253906 15.731204032897949219
16.833650588989257813 16.637828826904296875 16.596210479736328125 16.554845809936523438 16.412977218627929688 16.439119338989257813 16.662689208984375 16.753728866577148438 16.651483535766601563 16.568456649780273438 16.5325927734375 16.494907379150390625 16.452318191528320313 16.420190811157226563 16.386621475219726563 16.348606109619140625 16.315946578979492188 16.29332733154296875 16.299737930297851563 16.280286788940429688 16.289394378662109375 16.350339889526367188 16.347986221313476563 16.337316513061523438 16.420366287231445313 16.39752197265625 16.23970794677734375 16.284162521362304688 16.46933746337890625 16.452945709228515625 16.37876129150390625 16.4796600341796875 16.470188140869140625 16.200330734252929688 16.106882095336914063 16.256246566772460938 16.323957443237304688 16.265043258666992188 16.0849761962890625 15.917196273803710938
16.59061431884765625 16.428924560546875 16.460378646850585938 16.478147506713867188 16.355686187744140625 16.296207427978515625 16.51239013671875 16.77423858642578125 16.892560958862304688 16.833158493041992188 16.682559967041015625 16.527683258056640625 16.419488906860351563 16.3399810791015625 16.235956192016601563 16.129795074462890625 16.050165176391601563 15.999539375305175781 16.006036758422851563 16.018833160400390625 16.019769668579101563 16.105396270751953125 16.277395248413085938 16.395111083984375 16.529705047607421875 16.681018829345703125 16.6246490478515625 16.512983322143554688 16.596082687377929688 16.631769180297851563 16.473745346069335938 16.375995635986328125 16.3863067626953125 16.290081024169921875 16.1194000244140625 16.072481155395507813 16.1243438720703125 16.235639572143554688 16.257984161376953125 16.111898422241210938
16.656513214111328125 16.4571380615234375 16.45616912841796875 16.450225830078125 16.34085845947265625 16.292219161987304688 16.39698028564453125 16.526988983154296875 16.575483322143554688 16.625608444213867188 16.72145843505859375 16.811170578002929688 16.84407806396484375 16.820619583129882813 16.710163116455078125 16.497583389282226563 16.275800704956054688 16.135095596313476563 16.06275177001953125 15.979099273681640625 15.902215003967285156 15.908885955810546875 15.988689422607421875 16.052076339721679688 16.159879684448242188 16.349645614624023438 16.418947219848632813 16.4079132080078125 16.538623809814453125 16.640985488891601563 16.528810501098632813 16.390537261962890625 16.318559646606445313 16.207406997680664063 16.082855224609375 15.966183662414550781 15.872744560241699219 15.923768997192382813 16.028997421264648438 16.066576004028320313
17.002832412719726563 16.652349472045898438 16.501558303833007813 16.398052215576171875 16.314718246459960938 16.2354888916015625 16.309823989868164063 16.498201370239257813 16.81737518310546875 17.165830612182617188 17.35756683349609375 17.309656143188476563 17.130373001098632813 16.992124557495117188 16.843858718872070313 16.525829315185546875 16.155948638916015625 15.932734489440917969 15.819613456726074219 15.73729705810546875 15.706637382507324219 15.745600700378417969 15.816533088684082031 15.910434722900390625 16.0662078857421875 16.226287841796875 16.230459213256835938 16.201822280883789063 16.369859695434570313 16.551073074340820313 16.530347824096679688 16.416059494018554688 16.272958755493164063 16.101621627807617188 16.019174575805664063 15.994069099426269531 15.949373245239257813 15.964909553527832031 15.936106681823730469 15.894215583801269531
17.750284194946289063 17.5257720947265625 17.317235946655273438 17.11583709716796875 17.0471343994140625 17.078054428100585938 17.250162124633789063 17.500904083251953125 17.78981781005859375 17.987001419067382813 17.847536087036132813 17.342611312866210938 16.825906753540039063 16.75513458251953125 16.873294830322265625 16.455202102661132813 15.804551124572753906 15.478397369384765625 15.371088027954101563 15.154819488525390625 14.910792350769042969 14.804741859436035156 14.930012702941894531 15.273761749267578125 15.6827392578125 15.953596115112304688 16.02327728271484375 16.052431106567382813 16.237949371337890625 16.439868927001953125 16.45168304443359375 16.418212890625 16.366994857788085938 16.11356353759765625 15.878359794616699219 15.87567138671875 15.940103530883789063 16.010595321655273438 15.9627532958984375 15.817227363586425781
17.726879119873046875 17.849994659423828125 17.946798324584960938 18.01300811767578125 17.989887237548828125 17.98625946044921875 17.995603561401367188 18.003078460693359375 17.902256011962890625 17.72219085693359375 17.4148101806640625 16.899854660034179688 16.562330245971679688 16.98557281494140625 17.443630218505859375 16.712968826293945313 15.840134620666503906 15.478900909423828125 15.513074874877929688 15.367148399353027344 14.882576942443847656 14.368322372436523438 14.094888687133789063 14.041166305541992188 14.351563453674316406 14.986707687377929688 15.551037788391113281 15.909587860107421875 16.19405364990234375 16.354074478149414063 16.366521835327148438 16.403390884399414063 16.342700958251953125 16.02448272705078125 15.768949508666992188 15.829432487487792969 15.999657630920410156 16.076482772827148438 16.063343048095703125 15.887311935424804688
17.259752273559570313 17.268829345703125 17.443395614624023438 17.668508529663085938 17.753927230834960938 17.748613357543945313 17.628833770751953125 17.502004623413085938 17.425271987915039063 17.277881622314453125 17.089599609375 16.657321929931640625 16.588563919067382813 17.274143218994140625 17.485700607299804688 16.808990478515625 15.944067001342773438 15.5082550048828125 15.631529808044433594 15.870502471923828125 15.585706710815429688 14.823691368103027344 14.202428817749023438 13.849210739135742188 13.718580245971679688 14.107767105102539063 14.864786148071289063 15.544453620910644531 15.973679542541503906 16.176177978515625 16.251150131225585938 16.25022125244140625 16.16075897216796875 15.997673988342285156 15.858829498291015625 15.925961494445800781 16.103227615356445313 16.16417694091796875 16.2252960205078125 16.098615646362304688
17.675197601318359375 17.400625228881835938 17.212779998779296875 17.322484970092773438 17.479654312133789063 17.45903778076171875 17.373521804809570313 17.35930633544921875 17.461950302124023438 17.36795806884765625 17.008375167846679688 16.450777053833007813 16.580463409423828125 17.265226364135742188 17.409906387329101563 16.822107315063476563 16.065156936645507813 15.58632659912109375 15.561845779418945313 15.719399452209472656 15.445059776306152344 14.804975509643554688 14.178647041320800781 13.852799415588378906 13.844048500061035156 14.195695877075195313 14.758616447448730469 15.268124580383300781 15.642329216003417969 15.871560096740722656 15.95705413818359375 15.964071273803710938 15.9534912109375 15.931031227111816406 15.908163070678710938 15.930784225463867188 15.938467979431152344 15.907111167907714844 16.033191680908203125 16.188840866088867188
17.6191864013671875 17.637739181518554688 17.62674713134765625 17.702142715454101563 17.825281143188476563 17.765201568603515625 17.574609756469726563 17.502685546875 17.56497955322265625 17.480838775634765625 16.872602462768554688 16.365194320678710938 16.666303634643554688 17.3143310546875 17.308317184448242188 16.6165924072265625 16.017358779907226563 15.707705497741699219 15.640960693359375 15.28012847900390625 14.601962089538574219 14.127654075622558594 13.932297706604003906 14.074064254760742188 14.520502090454101563 14.956800460815429688 15.2614593505859375 15.460002899169921875 15.582761764526367188 15.677544593811035156 15.791176795959472656 15.80611419677734375 15.66534423828125 15.506833076477050781 15.408320426940917969 15.388075828552246094 15.422518730163574219 15.399404525756835938 15.397977828979492188 15.644293785095214844
17.581279754638671875 17.540325164794921875 17.631891250610351563 17.857057571411132813 18.028024673461914063 18.084436416625976563 17.833528518676757813 17.625158309936523438 17.619123458862304688 17.3938140869140625 16.720233917236328125 16.338809967041015625 16.756135940551757813 17.309814453125 17.1234893798828125 16.400402069091796875 15.935435295104980469 15.825021743774414063 15.821621894836425781 15.064518928527832031 14.342721939086914063 14.075097084045410156 14.113254547119140625 14.580807685852050781 15.1052703857421875 15.421889305114746094 15.556813240051269531 15.609719276428222656 15.669872283935546875 15.705615997314453125 15.590593338012695313 15.369086265563964844 15.163555145263671875 15.064111709594726563 15.106842994689941406 15.174337387084960938 15.235948562622070313 15.251816749572753906 15.151571273803710938 15.186659812927246094
17.587594985961914063 17.564077377319335938 17.629083633422851563 17.78719329833984375 17.981838226318359375 18.089080810546875 17.905313491821289063 17.5334014892578125 17.38204193115234375 17.15126800537109375 16.73407745361328125 16.583629608154296875 17.003831863403320313 17.333238601684570313 16.88120269775390625 16.150266647338867188 15.860104560852050781 15.888112068176269531 15.819696426391601563 15.0731658935546875 14.347014427185058594 14.159992218017578125 14.393273353576660156 14.938258171081542969 15.348424911499023438 15.515074729919433594 15.611655235290527344 15.624035835266113281 15.526011466979980469 15.341655731201171875 15.132333755493164063 15.039285659790039063 15.130028724670410156 15.29454803466796875 15.395763397216796875 15.392749786376953125 15.268128395080566406 15.060954093933105469 14.950410842895507813 15.017849922180175781
17.3141021728515625 17.29131317138671875 17.377283096313476563 17.603740692138671875 18.020978927612304688 18.20032501220703125 17.901121139526367188 17.388452529907226563 17.25614166259765625 17.167913436889648438 16.88260650634765625 16.882390975952148438 17.093271255493164063 17.107662200927734375 16.569814682006835938 15.982834815979003906 15.893801689147949219 15.899834632873535156 15.772302627563476563 15.24657440185546875 14.436077117919921875 14.166608810424804688 14.525014877319335938 15.145430564880371094 15.376400947570800781 15.463777542114257813 15.453289031982421875 15.282514572143554688 15.109475135803222656 15.025702476501464844 15.0586090087890625 15.171257972717285156 15.290559768676757813 15.397709846496582031 15.43900299072265625 15.393019676208496094 15.292889595031738281 15.183058738708496094 15.180414199829101563 15.289803504943847656
17.097417831420898438 17.067892074584960938 17.294612884521484375 17.80800628662109375 18.206972122192382813 18.091985702514648438 17.493532180786132813 17.01183319091796875 16.96636199951171875 17.023284912109375 16.944658279418945313 16.964406967163085938 17.03249359130859375 16.88411712646484375 16.39296722412109375 15.875247955322265625 15.888406753540039063 15.919772148132324219 15.727691650390625 15.349707603454589844 14.819066047668457031 14.600163459777832031 14.940892219543457031 15.272119522094726563 15.289392471313476563 15.348619461059570313 15.246995925903320313 15.12360382080078125 15.097447395324707031 15.0948944091796875 15.146500587463378906 15.222861289978027344 15.251437187194824219 15.220567703247070313 15.183032989501953125 15.188466072082519531 15.139262199401855469 15.08176422119140625 15.161978721618652344 15.276785850524902344
17.351840972900390625 17.410024642944335938 17.789215087890625 18.167963027954101563 18.200105667114257813 17.712284088134765625 17.080303192138671875 16.751047134399414063 16.907339096069335938 17.089597702026367188 17.065973281860351563 16.986011505126953125 16.866130828857421875 16.693822860717773438 16.3152008056640625 15.866520881652832031 15.926630020141601563 15.953795433044433594 15.757435798645019531 15.499625205993652344 15.197352409362792969 15.050775527954101563 15.22845458984375 15.414362907409667969 15.397722244262695313 15.349605560302734375 15.28964996337890625 15.294407844543457031 15.342434883117675781 15.383973121643066406 15.373445510864257813 15.376198768615722656 15.341533660888671875 15.274319648742675781 15.242918014526367188 15.214753150939941406 15.181078910827636719 15.167506217956542969 15.147891998291015625 15.132368087768554688
17.84942626953125 18.034759521484375 18.206859588623046875 18.180561065673828125 17.782369613647460938 17.163763046264648438 16.6977996826171875 16.6428070068359375 17.038238525390625 17.296367645263671875 17.192720413208007813 16.874849319458007813 16.556222915649414063 16.4201812744140625 16.161340713500976563 15.765901565551757813 15.875287055969238281 16.021312713623046875 15.899249076843261719 15.732065200805664063 15.5457611083984375 15.455755233764648438 15.510298728942871094 15.526092529296875 15.515282630920410156 15.573080062866210938 15.648340225219726563 15.671223640441894531 15.651803970336914063 15.577877998352050781 15.464609146118164063 15.430529594421386719 15.406813621520996094 15.332577705383300781 15.269383430480957031 15.252008438110351563 15.279718399047851563 15.318026542663574219 15.330536842346191406 15.307329177856445313
17.6594696044921875 17.913623809814453125 17.99930572509765625 17.731342315673828125 17.244554519653320313 16.6990203857421875 16.4833526611328125 16.800876617431640625 17.30743408203125 17.511083602905273438 17.217479705810546875 16.663213729858398438 16.27007293701171875 16.170379638671875 16.01171875 15.740952491760253906 15.9251251220703125 16.171155929565429688 16.109498977661132813 15.962064743041992188 15.800811767578125 15.745570182800292969 15.757899284362792969 15.757735252380371094 15.754908561706542969 15.805585861206054688 15.906983375549316406 15.989414215087890625 15.977426528930664063 15.83989715576171875 15.72910308837890625 15.734412193298339844 15.759504318237304688 15.707902908325195313 15.549904823303222656 15.340353012084960938 15.19222259521484375 15.098337173461914063 15.101006507873535156 15.174468040466308594
