MapLinkProApp/griddata/temperature/ASCII/cmems_mod_glo_phy-thetao_anfc_0,083deg_P1D-m_1702458667101_6,4.asc
ncols        121
nrows        120
xllcorner    -30.041666666667
yllcorner    40.041666655981
cellsize     0.083333333333
NODATA_value  9.9692099683868690468e+36
[rows 18 to 35 of 120, columns 0 to 39 of 121]
13.992578506469726563 13.863149642944335938 13.716856956481933594 13.579413414001464844 13.577654838562011719 13.779881477355957031 13.962477684020996094 13.842873573303222656 13.475790977478027344 13.091427803039550781 12.816288948059082031 12.6619720458984375 12.603690147399902344 12.597925186157226563 12.606775283813476563 12.624223709106445313 12.630482673645019531 12.60155487060546875 12.627490043640136719 12.743838310241699219 12.961400985717773438 13.167379379272460938 13.338864326477050781 13.37253570556640625 13.333384513854980469 13.281494140625 13.172844886779785156 13.170975685119628906 12.950119972229003906 12.519248008728027344 12.272641181945800781 12.259057998657226563 12.332370758056640625 12.406002998352050781 12.371806144714355469 12.251285552978515625 12.1543426513671875 12.088107109069824219 12.163522720336914063 12.3618316650390625
13.993992805480957031 13.827704429626464844 13.68381500244140625 13.610683441162109375 13.65871429443359375 13.846466064453125 14.030853271484375 13.993004798889160156 13.685347557067871094 13.285416603088378906 12.962048530578613281 12.750578880310058594 12.629045486450195313 12.587549209594726563 12.59991455078125 12.602223396301269531 12.591685295104980469 12.678821563720703125 12.892086029052734375 13.143108367919921875 13.403147697448730469 13.592042922973632813 13.701044082641601563 13.651575088500976563 13.525040626525878906 13.429017066955566406 13.318032264709472656 13.218268394470214844 13.209245681762695313 12.988775253295898438 12.580430030822753906 12.285082817077636719 12.212713241577148438 12.263551712036132813 12.292295455932617188 12.254994392395019531 12.188982009887695313 12.121157646179199219 12.198153495788574219 12.392577171325683594
13.918741226196289063 13.753802299499511719 13.668641090393066406 13.679311752319335938 13.77640533447265625 13.941445350646972656 14.090310096740722656 14.056851387023925781 13.776349067687988281 13.377388954162597656 13.023877143859863281 12.777318954467773438 12.635608673095703125 12.584650039672851563 12.587759971618652344 12.6290130615234375 12.750783920288085938 12.996451377868652344 13.299407005310058594 13.583398818969726563 13.816408157348632813 13.952996253967285156 13.972430229187011719 13.838468551635742188 13.660802841186523438 13.526894569396972656 13.42826080322265625 13.317622184753417969 13.23938751220703125 13.182346343994140625 13.004711151123046875 12.716274261474609375 12.439540863037109375 12.279405593872070313 12.240633010864257813 12.222951889038085938 12.17859649658203125 12.148900985717773438 12.237383842468261719 12.394255638122558594
13.788423538208007813 13.731487274169921875 13.780862808227539063 13.873923301696777344 13.98077392578125 14.085165977478027344 14.146963119506835938 14.073650360107421875 13.778531074523925781 13.359253883361816406 12.976490020751953125 12.711355209350585938 12.598492622375488281 12.612061500549316406 12.665217399597167969 12.767317771911621094 13.04384613037109375 13.45598602294921875 13.799533843994140625 14.041318893432617188 14.193259239196777344 14.240078926086425781 14.151488304138183594 13.980078697204589844 13.76671600341796875 13.643782615661621094 13.556553840637207031 13.475605964660644531 13.354034423828125 13.221859931945800781 13.12560272216796875 13.015828132629394531 12.823665618896484375 12.562833786010742188 12.360224723815917969 12.25405120849609375 12.184983253479003906 12.185579299926757813 12.270630836486816406 12.354870796203613281
13.833761215209960938 13.897311210632324219 13.988942146301269531 14.059774398803710938 14.114359855651855469 14.158922195434570313 14.163053512573242188 14.018396377563476563 13.668024063110351563 13.230688095092773438 12.855467796325683594 12.645522117614746094 12.608522415161132813 12.633074760437011719 12.709665298461914063 12.98357391357421875 13.466688156127929688 13.848931312561035156 14.091591835021972656 14.225667953491210938 14.307568550109863281 14.316852569580078125 14.210569381713867188 14.042943954467773438 13.827196121215820313 13.712863922119140625 13.647809982299804688 13.591418266296386719 13.519129753112792969 13.381830215454101563 13.225810050964355469 13.080145835876464844 12.929559707641601563 12.750618934631347656 12.529110908508300781 12.3564605712890625 12.245458602905273438 12.223296165466308594 12.279896736145019531 12.325964927673339844
14.039335250854492188 14.078869819641113281 14.092624664306640625 14.1018524169921875 14.135501861572265625 14.167258262634277344 14.106701850891113281 13.90065765380859375 13.517050743103027344 13.068422317504882813 12.736581802368164063 12.608880043029785156 12.629302978515625 12.756656646728515625 13.118601799011230469 13.633325576782226563 13.986464500427246094 14.183379173278808594 14.299937248229980469 14.357572555541992188 14.407917976379394531 14.420461654663085938 14.357071876525878906 14.192846298217773438 13.950123786926269531 13.760103225708007813 13.695784568786621094 13.652792930603027344 13.62909698486328125 13.567811012268066406 13.457925796508789063 13.345857620239257813 13.081624031066894531 12.82776641845703125 12.6453704833984375 12.484459877014160156 12.349987983703613281 12.2779388427734375 12.272934913635253906 12.288966178894042969
14.114688873291015625 14.094616889953613281 14.064711570739746094 14.038886070251464844 14.061556816101074219 14.135918617248535156 14.092691421508789063 13.830211639404296875 13.410907745361328125 12.985265731811523438 12.7409820556640625 12.716759681701660156 12.860609054565429688 13.271304130554199219 13.829961776733398438 14.128030776977539063 14.275906562805175781 14.353903770446777344 14.378373146057128906 14.3869781494140625 14.411752700805664063 14.423903465270996094 14.417073249816894531 14.333759307861328125 14.10613250732421875 13.845368385314941406 13.72760772705078125 13.686723709106445313 13.669602394104003906 13.689103126525878906 13.641696929931640625 13.60604095458984375 13.448823928833007813 13.059386253356933594 12.709826469421386719 12.514261245727539063 12.394236564636230469 12.304857254028320313 12.253256797790527344 12.250645637512207031
14.060460090637207031 14.022461891174316406 13.989291191101074219 13.967232704162597656 13.980788230895996094 14.057953834533691406 14.076155662536621094 13.871822357177734375 13.483570098876953125 13.131096839904785156 12.979866981506347656 13.11708831787109375 13.550233840942382813 14.021509170532226563 14.251817703247070313 14.333116531372070313 14.366469383239746094 14.385334014892578125 14.40533447265625 14.434435844421386719 14.454877853393554688 14.438767433166503906 14.401304244995117188 14.380672454833984375 14.192198753356933594 13.918375015258789063 13.77021026611328125 13.736638069152832031 13.749960899353027344 13.806671142578125 13.8249053955078125 13.784822463989257813 13.779470443725585938 13.576807022094726563 13.108283042907714844 12.698996543884277344 12.458158493041992188 12.338454246520996094 12.267642021179199219 12.243474006652832031
13.879982948303222656 13.871409416198730469 13.932778358459472656 14.023416519165039063 14.068086624145507813 14.0852508544921875 14.084076881408691406 13.930581092834472656 13.624420166015625 13.389314651489257813 13.490832328796386719 13.902609825134277344 14.252166748046875 14.355301856994628906 14.360098838806152344 14.363941192626953125 14.415734291076660156 14.494692802429199219 14.57442474365234375 14.642243385314941406 14.662500381469726563 14.621856689453125 14.523938179016113281 14.47852325439453125 14.265994071960449219 13.997187614440917969 13.83837127685546875 13.810261726379394531 13.833451271057128906 13.82921600341796875 13.819317817687988281 13.776043891906738281 13.797449111938476563 13.820483207702636719 13.538039207458496094 13.053328514099121094 12.651538848876953125 12.430040359497070313 12.301891326904296875 12.272997856140136719
13.634852409362792969 13.690894126892089844 13.813107490539550781 13.883466720581054688 13.902990341186523438 13.90561676025390625 13.846026420593261719 13.7162628173828125 13.598246574401855469 13.722805976867675781 14.038197517395019531 14.248944282531738281 14.328255653381347656 14.309548377990722656 14.333562850952148438 14.408746719360351563 14.509894371032714844 14.623952865600585938 14.730708122253417969 14.822634696960449219 14.856240272521972656 14.820751190185546875 14.729259490966796875 14.616949081420898438 14.440705299377441406 14.114214897155761719 13.943571090698242188 13.887874603271484375 13.858950614929199219 13.739415168762207031 13.693190574645996094 13.716936111450195313 13.756268501281738281 13.839798927307128906 13.721674919128417969 13.335652351379394531 12.873720169067382813 12.589402198791503906 12.408611297607421875 12.3819427490234375
13.516962051391601563 13.607138633728027344 13.695407867431640625 13.746396064758300781 13.783753395080566406 13.835200309753417969 13.904750823974609375 13.986876487731933594 14.092676162719726563 14.228989601135253906 14.316288948059082031 14.30905914306640625 14.292675971984863281 14.291621208190917969 14.320796966552734375 14.379800796508789063 14.489706993103027344 14.621397018432617188 14.760323524475097656 14.866525650024414063 14.909499168395996094 14.884963035583496094 14.819835662841796875 14.728333473205566406 14.598019599914550781 14.338701248168945313 14.116304397583007813 14.021237373352050781 13.9088287353515625 13.707612991333007813 13.626034736633300781 13.805341720581054688 13.886637687683105469 13.935526847839355469 13.877795219421386719 13.610620498657226563 13.182650566101074219 12.857842445373535156 12.620086669921875 12.615153312683105469
13.717464447021484375 13.852660179138183594 13.942247390747070313 14.008467674255371094 14.059656143188476563 14.11675262451171875 14.178758621215820313 14.242860794067382813 14.298699378967285156 14.312067031860351563 14.271855354309082031 14.215665817260742188 14.188160896301269531 14.198821067810058594 14.237734794616699219 14.315407752990722656 14.412837028503417969 14.524462699890136719 14.657450675964355469 14.780923843383789063 14.854725837707519531 14.842496871948242188 14.777743339538574219 14.702408790588378906 14.609515190124511719 14.475099563598632813 14.270827293395996094 14.166527748107910156 14.002351760864257813 13.749913215637207031 13.644551277160644531 13.855661392211914063 14.069012641906738281 14.090703010559082031 14.018790245056152344 13.765444755554199219 13.382575035095214844 13.047075271606445313 12.845422744750976563 12.833844184875488281
13.953668594360351563 14.0189208984375 14.05139923095703125 14.083535194396972656 14.123341560363769531 14.176839828491210938 14.237772941589355469 14.26720428466796875 14.237822532653808594 14.164845466613769531 14.086100578308105469 14.036864280700683594 14.024211883544921875 14.044470787048339844 14.114553451538085938 14.233155250549316406 14.346515655517578125 14.437245368957519531 14.525330543518066406 14.636801719665527344 14.742094993591308594 14.795179367065429688 14.767931938171386719 14.692688941955566406 14.583193778991699219 14.479149818420410156 14.362827301025390625 14.284473419189453125 14.136198997497558594 13.834898948669433594 13.672038078308105469 13.778630256652832031 14.037160873413085938 14.112833023071289063 14.04727935791015625 13.805914878845214844 13.470503807067871094 13.177567481994628906 13.029386520385742188 12.967410087585449219
14.031704902648925781 13.997073173522949219 13.9625701904296875 13.956191062927246094 13.980898857116699219 14.022935867309570313 14.02622222900390625 13.967610359191894531 13.87662506103515625 13.794996261596679688 13.748521804809570313 13.731542587280273438 13.747638702392578125 13.807817459106445313 13.919773101806640625 14.068025588989257813 14.222537994384765625 14.329113960266113281 14.386763572692871094 14.442852020263671875 14.541460990905761719 14.649721145629882813 14.716471672058105469 14.713451385498046875 14.6484527587890625 14.536011695861816406 14.42435455322265625 14.330515861511230469 14.206686019897460938 13.9460601806640625 13.725129127502441406 13.6778564453125 13.7526702880859375 13.835601806640625 13.783472061157226563 13.619480133056640625 13.384892463684082031 13.204343795776367188 13.170865058898925781 13.131475448608398438
13.971140861511230469 13.883091926574707031 13.816083908081054688 13.786260604858398438 13.791577339172363281 13.78003692626953125 13.721927642822265625 13.640377998352050781 13.572294235229492188 13.53598785400390625 13.524380683898925781 13.531128883361816406 13.559603691101074219 13.618364334106445313 13.721444129943847656 13.873234748840332031 14.058277130126953125 14.222851753234863281 14.313263893127441406 14.34637451171875 14.387545585632324219 14.474832534790039063 14.581055641174316406 14.658267974853515625 14.674550056457519531 14.624184608459472656 14.518695831298828125 14.406797409057617188 14.265661239624023438 14.049512863159179688 13.822447776794433594 13.68426513671875 13.637056350708007813 13.631927490234375 13.587900161743164063 13.499180793762207031 13.391224861145019531 13.308609962463378906 13.365166664123535156 13.384717941284179688
13.859354972839355469 13.758046150207519531 13.694989204406738281 13.669423103332519531 13.650554656982421875 13.612446784973144531 13.555379867553710938 13.505141258239746094 13.485518455505371094 13.488897323608398438 13.495029449462890625 13.500881195068359375 13.504023551940917969 13.510357856750488281 13.537891387939453125 13.60543060302734375 13.735524177551269531 13.918453216552734375 14.105460166931152344 14.235029220581054688 14.297774314880371094 14.342500686645507813 14.406577110290527344 14.490124702453613281 14.575991630554199219 14.630339622497558594 14.620488166809082031 14.563342094421386719 14.490449905395507813 14.378915786743164063 14.207625389099121094 14.034911155700683594 13.912894248962402344 13.837129592895507813 13.756752967834472656 13.66425323486328125 13.632793426513671875 13.61578369140625 13.689122200012207031 13.6876373291015625
13.804937362670898438 13.724626541137695313 13.669359207153320313 13.639833450317382813 13.611544609069824219 13.579548835754394531 13.552501678466796875 13.537189483642578125 13.535396575927734375 13.535966873168945313 13.538365364074707031 13.549928665161132813 13.551053047180175781 13.54222869873046875 13.528008460998535156 13.521945953369140625 13.54982757568359375 13.634012222290039063 13.783738136291503906 13.969120979309082031 14.139126777648925781 14.26422119140625 14.354108810424804688 14.412087440490722656 14.454195976257324219 14.526587486267089844 14.606291770935058594 14.613850593566894531 14.583432197570800781 14.559514045715332031 14.530515670776367188 14.45226287841796875 14.359637260437011719 14.261203765869140625 14.156344413757324219 14.0617218017578125 14.008726119995117188 13.977886199951171875 14.011749267578125 13.963200569152832031
13.786281585693359375 13.726598739624023438 13.698154449462890625 13.676020622253417969 13.645974159240722656 13.616383552551269531 13.594779014587402344 13.583628654479980469 13.582375526428222656 13.589138031005859375 13.598728179931640625 13.60694122314453125 13.611722946166992188 13.608815193176269531 13.595081329345703125 13.569942474365234375 13.543631553649902344 13.546582221984863281 13.595834732055664063 13.689388275146484375 13.820460319519042969 13.984347343444824219 14.169440269470214844 14.340851783752441406 14.434588432312011719 14.437298774719238281 14.457078933715820313 14.534007072448730469 14.574530601501464844 14.564769744873046875 14.561647415161132813 14.570817947387695313 14.568993568420410156 14.545200347900390625 14.506877899169921875 14.447504997253417969 14.360028266906738281 14.270401954650878906 14.183766365051269531 14.028200149536132813
