MapLinkProApp/griddata/temperature/ASCII/cmems_mod_glo_phy-thetao_anfc_0,083deg_P1D-m_1702458667101_453,9.asc
ncols        121
nrows        120
xllcorner    -30.041666666667
yllcorner    40.041666655981
cellsize     0.083333333333
NODATA_value  9.9692099683868690468e+36
[rows 54 to 71 of 120, columns 0 to 39 of 121]
11.331682205200195313 11.549022674560546875 11.936489105224609375 12.410684585571289063 12.682279586791992188 12.694536209106445313 12.659021377563476563 12.601735115051269531 12.589329719543457031 12.715941429138183594 12.816706657409667969 12.734446525573730469 12.719125747680664063 12.580730438232421875 12.391056060791015625 12.418021202087402344 12.594259262084960938 12.678205490112304688 12.588387489318847656 12.481913566589355469 12.525361061096191406 12.605340003967285156 12.666448593139648438 12.661629676818847656 12.546716690063476563 12.424922943115234375 12.281064987182617188 12.169155120849609375 12.044580459594726563 11.965631484985351563 11.82183074951171875 11.752367973327636719 11.925194740295410156 11.971876144409179688 12.060545921325683594 12.180791854858398438 12.13636016845703125 11.950273513793945313 11.788038253784179688 11.623172760009765625
11.272105216979980469 11.471796035766601563 11.826681137084960938 12.321977615356445313 12.660691261291503906 12.693119049072265625 12.641375541687011719 12.566156387329101563 12.47900390625 12.573415756225585938 12.6950531005859375 12.585926055908203125 12.594044685363769531 12.442763328552246094 12.279287338256835938 12.290682792663574219 12.575952529907226563 12.732579231262207031 12.630970001220703125 12.557618141174316406 12.644247055053710938 12.765805244445800781 12.734349250793457031 12.64543914794921875 12.516023635864257813 12.40583038330078125 12.274048805236816406 12.159453392028808594 12.014079093933105469 11.904849052429199219 11.830683708190917969 11.951558113098144531 12.045987129211425781 12.035384178161621094 12.1660003662109375 12.264544486999511719 12.3653106689453125 12.264188766479492188 12.047388076782226563 11.855615615844726563
11.203827857971191406 11.396630287170410156 11.734926223754882813 12.229554176330566406 12.617413520812988281 12.698168754577636719 12.637869834899902344 12.563632011413574219 12.455808639526367188 12.476433753967285156 12.586846351623535156 12.629502296447753906 12.619729042053222656 12.559348106384277344 12.467778205871582031 12.594247817993164063 12.784580230712890625 12.773108482360839844 12.698908805847167969 12.695959091186523438 12.768630027770996094 12.756035804748535156 12.684124946594238281 12.5836944580078125 12.470335960388183594 12.33417510986328125 12.193335533142089844 12.060136795043945313 11.948673248291015625 11.907662391662597656 11.990180015563964844 12.113363265991210938 12.245789527893066406 12.41133880615234375 12.491024017333984375 12.481838226318359375 12.544811248779296875 12.501282691955566406 12.254711151123046875 12.0158538818359375
11.162461280822753906 11.32451629638671875 11.629908561706542969 12.107588768005371094 12.545571327209472656 12.684855461120605469 12.621456146240234375 12.543381690979003906 12.4550933837890625 12.397705078125 12.511092185974121094 12.593597412109375 12.705198287963867188 12.787916183471679688 12.742257118225097656 12.817114830017089844 12.85744476318359375 12.802420616149902344 12.818843841552734375 12.805738449096679688 12.767984390258789063 12.676083564758300781 12.603108406066894531 12.457416534423828125 12.301217079162597656 12.150921821594238281 12.069514274597167969 12.030764579772949219 12.042132377624511719 12.137551307678222656 12.291257858276367188 12.49442291259765625 12.580774307250976563 12.591539382934570313 12.604052543640136719 12.50116729736328125 12.497744560241699219 12.510107994079589844 12.349616050720214844 12.140493392944335938
11.140095710754394531 11.293931961059570313 11.559778213500976563 12.003328323364257813 12.470003128051757813 12.680560111999511719 12.647749900817871094 12.571440696716308594 12.473532676696777344 12.392497062683105469 12.477583885192871094 12.59008026123046875 12.675332069396972656 12.78557586669921875 12.833829879760742188 12.868129730224609375 12.901338577270507813 12.849542617797851563 12.844506263732910156 12.759480476379394531 12.692374229431152344 12.598527908325195313 12.477814674377441406 12.311017036437988281 12.172041893005371094 12.126896858215332031 12.131922721862792969 12.132506370544433594 12.22048187255859375 12.359568595886230469 12.568389892578125 12.703207015991210938 12.533567428588867188 12.476695060729980469 12.690961837768554688 12.581109046936035156 12.382425308227539063 12.307198524475097656 12.257421493530273438 12.189846992492675781
11.144710540771484375 11.289666175842285156 11.525869369506835938 11.918299674987792969 12.379181861877441406 12.649277687072753906 12.649081230163574219 12.587504386901855469 12.513016700744628906 12.388408660888671875 12.410121917724609375 12.584047317504882813 12.661908149719238281 12.730031013488769531 12.812311172485351563 12.831088066101074219 12.860894203186035156 12.816821098327636719 12.797119140625 12.688122749328613281 12.594289779663085938 12.466562271118164063 12.3188018798828125 12.226228713989257813 12.21617889404296875 12.212908744812011719 12.243864059448242188 12.323973655700683594 12.492620468139648438 12.616171836853027344 12.792123794555664063 12.626842498779296875 12.341732025146484375 12.416011810302734375 12.68054962158203125 12.666080474853515625 12.395792961120605469 12.247838973999023438 12.204117774963378906 12.123714447021484375
11.19974517822265625 11.333718299865722656 11.504985809326171875 11.815855026245117188 12.251610755920410156 12.591522216796875 12.654064178466796875 12.610083580017089844 12.555875778198242188 12.396565437316894531 12.30800628662109375 12.473048210144042969 12.647326469421386719 12.657612800598144531 12.735531806945800781 12.811713218688964844 12.8131561279296875 12.727375984191894531 12.66185760498046875 12.562036514282226563 12.456531524658203125 12.364870071411132813 12.305394172668457031 12.311345100402832031 12.340837478637695313 12.375062942504882813 12.452414512634277344 12.588337898254394531 12.687442779541015625 12.755448341369628906 12.800875663757324219 12.358857154846191406 12.081432342529296875 12.095035552978515625 12.256811141967773438 12.38242340087890625 12.206950187683105469 12.112708091735839844 12.168531417846679688 12.181997299194335938
11.304331779479980469 11.425861358642578125 11.537290573120117188 11.758902549743652344 12.129164695739746094 12.499058723449707031 12.624578475952148438 12.592770576477050781 12.595964431762695313 12.513823509216308594 12.225231170654296875 12.32293701171875 12.561405181884765625 12.647547721862792969 12.64609527587890625 12.729528427124023438 12.702358245849609375 12.649733543395996094 12.544263839721679688 12.498862266540527344 12.429053306579589844 12.354719161987304688 12.305941581726074219 12.3599090576171875 12.413487434387207031 12.46120452880859375 12.586038589477539063 12.7347869873046875 12.71132659912109375 12.691735267639160156 12.58190155029296875 12.182068824768066406 11.939904212951660156 12.001668930053710938 12.091098785400390625 12.14051055908203125 12.031454086303710938 12.008919715881347656 12.101354598999023438 12.159687042236328125
11.447340011596679688 11.551178932189941406 11.61093902587890625 11.741634368896484375 12.015165328979492188 12.376049995422363281 12.589541435241699219 12.58441925048828125 12.568952560424804688 12.588151931762695313 12.404985427856445313 12.213730812072753906 12.372525215148925781 12.560708999633789063 12.593993186950683594 12.635035514831542969 12.622026443481445313 12.574893951416015625 12.473097801208496094 12.415404319763183594 12.390109062194824219 12.3319854736328125 12.335187911987304688 12.412868499755859375 12.467310905456542969 12.494250297546386719 12.634281158447265625 12.701410293579101563 12.758030891418457031 12.677934646606445313 12.434505462646484375 12.172077178955078125 12.042005538940429688 12.114076614379882813 12.117190361022949219 12.044317245483398438 12.011422157287597656 12.054646492004394531 12.096978187561035156 12.12607574462890625
11.618602752685546875 11.689129829406738281 11.701070785522460938 11.746258735656738281 11.911364555358886719 12.226670265197753906 12.519596099853515625 12.570418357849121094 12.538067817687988281 12.554635047912597656 12.538033485412597656 12.351270675659179688 12.273702621459960938 12.448451042175292969 12.557043075561523438 12.542310714721679688 12.545079231262207031 12.465429306030273438 12.392228126525878906 12.340785980224609375 12.321837425231933594 12.289755821228027344 12.318635940551757813 12.408006668090820313 12.457579612731933594 12.457355499267578125 12.529433250427246094 12.485911369323730469 12.606320381164550781 12.673673629760742188 12.4449615478515625 12.177962303161621094 12.069253921508789063 12.140432357788085938 12.13962554931640625 12.056156158447265625 12.008958816528320313 12.057847976684570313 12.126346588134765625 12.183605194091796875
11.714585304260253906 11.764840126037597656 11.763460159301757813 11.771969795227050781 11.846829414367675781 12.096103668212890625 12.422998428344726563 12.551936149597167969 12.531877517700195313 12.537566184997558594 12.562644004821777344 12.497121810913085938 12.34333038330078125 12.376063346862792969 12.538997650146484375 12.516719818115234375 12.504057884216308594 12.419696807861328125 12.330175399780273438 12.292720794677734375 12.274863243103027344 12.275992393493652344 12.28771209716796875 12.383676528930664063 12.422455787658691406 12.382070541381835938 12.422345161437988281 12.3764801025390625 12.356116294860839844 12.5714111328125 12.655488014221191406 12.551286697387695313 12.343506813049316406 12.147599220275878906 12.015201568603515625 11.96096038818359375 11.992180824279785156 12.066196441650390625 12.129166603088378906 12.129335403442382813
11.762140274047851563 11.807419776916503906 11.809845924377441406 11.782196044921875 11.799271583557128906 11.966705322265625 12.296285629272460938 12.52752685546875 12.529376983642578125 12.517253875732421875 12.550241470336914063 12.562436103820800781 12.524599075317382813 12.441310882568359375 12.494537353515625 12.4767303466796875 12.441335678100585938 12.366236686706542969 12.291737556457519531 12.235261917114257813 12.223986625671386719 12.23934173583984375 12.257548332214355469 12.36266326904296875 12.316144943237304688 12.304248809814453125 12.325619697570800781 12.24712371826171875 12.179731369018554688 12.223683357238769531 12.424684524536132813 12.594275474548339844 12.645109176635742188 12.549631118774414063 12.366271018981933594 12.223459243774414063 12.156817436218261719 12.146771430969238281 12.139629364013671875 12.077337265014648438
11.755663871765136719 11.804528236389160156 11.825399398803710938 11.803815841674804688 11.792835235595703125 11.883845329284667969 12.178328514099121094 12.490427017211914063 12.524566650390625 12.530360221862792969 12.578295707702636719 12.554556846618652344 12.573511123657226563 12.573831558227539063 12.546137809753417969 12.533459663391113281 12.4687652587890625 12.392547607421875 12.305846214294433594 12.204943656921386719 12.184872627258300781 12.215093612670898438 12.315366744995117188 12.366417884826660156 12.316916465759277344 12.225996017456054688 12.2042236328125 12.119894027709960938 12.087205886840820313 12.11849212646484375 12.163522720336914063 12.321717262268066406 12.479526519775390625 12.508307456970214844 12.476462364196777344 12.391317367553710938 12.31024932861328125 12.244408607482910156 12.1415863037109375 12.048017501831054688
11.739996910095214844 11.799469947814941406 11.83203125 11.815539360046386719 11.795910835266113281 11.842885017395019531 12.1026153564453125 12.474791526794433594 12.554615974426269531 12.517660140991210938 12.557475090026855469 12.539491653442382813 12.516106605529785156 12.5601959228515625 12.539400100708007813 12.487691879272460938 12.451745033264160156 12.36309814453125 12.285308837890625 12.2263946533203125 12.205790519714355469 12.284940719604492188 12.387324333190917969 12.379192352294921875 12.28397369384765625 12.202443122863769531 12.11467742919921875 12.131938934326171875 12.1338653564453125 12.144086837768554688 12.200043678283691406 12.194391250610351563 12.232036590576171875 12.304833412170410156 12.320217132568359375 12.352876663208007813 12.375310897827148438 12.359891891479492188 12.243076324462890625 12.115626335144042969
11.687921524047851563 11.765072822570800781 11.815159797668457031 11.829725265502929688 11.824026107788085938 11.841749191284179688 12.027943611145019531 12.40889739990234375 12.6157379150390625 12.551774978637695313 12.507224082946777344 12.544650077819824219 12.529300689697265625 12.551045417785644531 12.545515060424804688 12.515648841857910156 12.466227531433105469 12.408751487731933594 12.360880851745605469 12.327445030212402344 12.326178550720214844 12.380605697631835938 12.390886306762695313 12.376271247863769531 12.339061737060546875 12.277570724487304688 12.247470855712890625 12.223480224609375 12.210802078247070313 12.205142974853515625 12.183003425598144531 12.202048301696777344 12.213308334350585938 12.226110458374023438 12.243512153625488281 12.290118217468261719 12.346162796020507813 12.374109268188476563 12.357700347900390625 12.345807075500488281
11.526409149169921875 11.619814872741699219 11.720170021057128906 11.793430328369140625 11.833782196044921875 11.842661857604980469 11.949936866760253906 12.242540359497070313 12.540034294128417969 12.583861351013183594 12.498548507690429688 12.514141082763671875 12.558630943298339844 12.56076812744140625 12.530817031860351563 12.5008087158203125 12.474579811096191406 12.44795989990234375 12.449794769287109375 12.411618232727050781 12.396931648254394531 12.412039756774902344 12.448437690734863281 12.452951431274414063 12.422364234924316406 12.429245948791503906 12.370021820068359375 12.285344123840332031 12.169056892395019531 12.086190223693847656 12.044045448303222656 12.039936065673828125 12.067308425903320313 12.12005615234375 12.176839828491210938 12.264822006225585938 12.358242988586425781 12.435519218444824219 12.477846145629882813 12.525843620300292969
11.334662437438964844 11.426661491394042969 11.552977561950683594 11.685452461242675781 11.789251327514648438 11.839611053466796875 11.87461090087890625 12.015543937683105469 12.255921363830566406 12.407953262329101563 12.439676284790039063 12.443353652954101563 12.467237472534179688 12.456690788269042969 12.427010536193847656 12.4268341064453125 12.451386451721191406 12.443465232849121094 12.449808120727539063 12.42081451416015625 12.429137229919433594 12.467104911804199219 12.470103263854980469 12.470448493957519531 12.500977516174316406 12.4866180419921875 12.322432518005371094 12.163621902465820313 11.9771575927734375 11.885573387145996094 11.866815567016601563 11.86822509765625 11.905432701110839844 11.966118812561035156 12.034820556640625 12.112734794616699219 12.201366424560546875 12.295018196105957031 12.377048492431640625 12.419147491455078125
11.087162971496582031 11.158558845520019531 11.279811859130859375 11.441713333129882813 11.624216079711914063 11.77362823486328125 11.861796379089355469 11.875383377075195313 11.919389724731445313 12.021121025085449219 12.105711936950683594 12.146167755126953125 12.111781120300292969 12.106112480163574219 12.155088424682617188 12.187885284423828125 12.247758865356445313 12.35297393798828125 12.447216033935546875 12.511818885803222656 12.52051544189453125 12.517793655395507813 12.490450859069824219 12.515184402465820313 12.530545234680175781 12.378545761108398438 12.114600181579589844 11.945076942443847656 11.840417861938476563 11.834954261779785156 11.86920166015625 11.935946464538574219 11.994846343994140625 12.043519020080566406 12.079809188842773438 12.121150016784667969 12.167637825012207031 12.218875885009765625 12.277321815490722656 12.319522857666015625
