MapLinkProApp/griddata/temperature/ASCII/cmems_mod_glo_phy-thetao_anfc_0,083deg_P1D-m_1702458667101_2225,1.asc
ncols        121
nrows        120
xllcorner    -30.041666666667
yllcorner    40.041666655981
cellsize     0.083333333333
NODATA_value  9.9692099683868690468e+36
[rows 0 to 17 of 120, columns 80 to 119 of 121]
3.2736852169036865234 3.2834856510162353516 3.2916016578674316406 3.2955770492553710938 3.2856383323669433594 3.2882359027862548828 3.3225297927856445313 3.3554446697235107422 3.3770966529846191406 3.3953201770782470703 3.4132306575775146484 3.4271693229675292969 3.4368932247161865234 3.4420363903045654297 3.4365918636322021484 3.4299020767211914063 3.4327630996704101563 3.421108245849609375 3.4053621292114257813 3.4029958248138427734 3.3915607929229736328 3.3867237567901611328 3.3875610828399658203 3.3857624530792236328 3.3734631538391113281 3.3486895561218261719 3.3054757118225097656 3.2795805931091308594 3.2576537132263183594 3.2429585456848144531 3.2366452217102050781 3.2277657985687255859 3.2201330661773681641 3.2061586380004882813 3.1942412853240966797 3.1928775310516357422 3.1918332576751708984 3.1807129383087158203 3.1685376167297363281 3.1716682910919189453
3.2978692054748535156 3.3043804168701171875 3.3075060844421386719 3.3037471771240234375 3.2916655540466308594 3.3168101310729980469 3.3540368080139160156 3.3746628761291503906 3.3928482532501220703 3.4113965034484863281 3.4274077415466308594 3.4358122348785400391 3.4360063076019287109 3.4318146705627441406 3.4246373176574707031 3.4202032089233398438 3.4139182567596435547 3.3969731330871582031 3.3950045108795166016 3.3997330665588378906 3.3900928497314453125 3.3802874088287353516 3.3785278797149658203 3.383197784423828125 3.3712928295135498047 3.3391788005828857422 3.2987546920776367188 3.2664203643798828125 3.2453219890594482422 3.2326676845550537109 3.2217833995819091797 3.2199883460998535156 3.2127060890197753906 3.2015228271484375 3.1896584033966064453 3.1835987567901611328 3.1830985546112060547 3.1780183315277099609 3.1639075279235839844 3.1521565914154052734
3.3099207878112792969 3.3103206157684326172 3.3120007514953613281 3.3048965930938720703 3.3015189170837402344 3.3376193046569824219 3.3687045574188232422 3.3889400959014892578 3.4018001556396484375 3.410839080810546875 3.4182953834533691406 3.4209156036376953125 3.4185292720794677734 3.4126610755920410156 3.406391143798828125 3.4043021202087402344 3.3961942195892333984 3.3868429660797119141 3.3890259265899658203 3.3868229389190673828 3.3747222423553466797 3.3709232807159423828 3.3682334423065185547 3.3592476844787597656 3.3280065059661865234 3.2931618690490722656 3.2687647342681884766 3.2475991249084472656 3.2220315933227539063 3.2045423984527587891 3.1874792575836181641 3.1710081100463867188 3.1611108779907226563 3.1621541976928710938 3.1620702743530273438 3.1587586402893066406 3.1555898189544677734 3.1564755439758300781 3.1571419239044189453 3.1514139175415039063
3.3150851726531982422 3.3152561187744140625 3.3107979297637939453 3.2956337928771972656 3.2997560501098632813 3.3470613956451416016 3.3730421066284179688 3.3878893852233886719 3.3914544582366943359 3.3920154571533203125 3.3932754993438720703 3.3930692672729492188 3.3874750137329101563 3.3794841766357421875 3.3771872520446777344 3.3796508312225341797 3.3769922256469726563 3.3716351985931396484 3.3724672794342041016 3.3683631420135498047 3.3618602752685546875 3.3532238006591796875 3.3322722911834716797 3.3067193031311035156 3.2745499610900878906 3.2482101917266845703 3.2186388969421386719 3.1925473213195800781 3.1755263805389404297 3.1618363857269287109 3.1529037952423095703 3.1534380912780761719 3.1617367267608642578 3.1717658042907714844 3.1801848411560058594 3.1853055953979492188 3.1879303455352783203 3.1904637813568115234 3.1941771507263183594 3.1991600990295410156
3.3169486522674560547 3.3080623149871826172 3.2961041927337646484 3.2777795791625976563 3.2931702136993408203 3.3398284912109375 3.3604533672332763672 3.3717982769012451172 3.3726627826690673828 3.3704855442047119141 3.3700008392333984375 3.3702530860900878906 3.3670022487640380859 3.3623182773590087891 3.3632619380950927734 3.3669214248657226563 3.3657217025756835938 3.3655610084533691406 3.3648099899291992188 3.3556497097015380859 3.3340816497802734375 3.297039031982421875 3.2563617229461669922 3.2153174877166748047 3.1865546703338623047 3.1726253032684326172 3.1654400825500488281 3.1599669456481933594 3.1433794498443603516 3.1342306137084960938 3.1361689567565917969 3.1458070278167724609 3.1630046367645263672 3.1824166774749755859 3.1982064247131347656 3.2084932327270507813 3.2114715576171875 3.2153499126434326172 3.2228717803955078125 3.22675323486328125
3.3043603897094726563 3.2877368927001953125 3.2628104686737060547 3.2509801387786865234 3.2759954929351806641 3.3056268692016601563 3.3314597606658935547 3.3478703498840332031 3.3474330902099609375 3.3445353507995605469 3.3463885784149169922 3.3516852855682373047 3.3539097309112548828 3.3539557456970214844 3.3549604415893554688 3.3531122207641601563 3.3459634780883789063 3.3347864151000976563 3.3129096031188964844 3.2825789451599121094 3.2488160133361816406 3.2175049781799316406 3.1925518512725830078 3.1711025238037109375 3.1557207107543945313 3.1439242362976074219 3.1369009017944335938 3.1237149238586425781 3.1137499809265136719 3.1188004016876220703 3.1280870437622070313 3.1430430412292480469 3.1659970283508300781 3.1889820098876953125 3.209049224853515625 3.2228107452392578125 3.2274897098541259766 3.2360785007476806641 3.2493567466735839844 3.2519385814666748047
3.2933986186981201172 3.2739796638488769531 3.2443432807922363281 3.2345039844512939453 3.2580173015594482422 3.2798473834991455078 3.3049376010894775391 3.3270318508148193359 3.3263700008392333984 3.3252618312835693359 3.329769134521484375 3.33422088623046875 3.3359193801879882813 3.3332569599151611328 3.3262979984283447266 3.3107280731201171875 3.2863917350769042969 3.2569775581359863281 3.2191681861877441406 3.1836369037628173828 3.1598622798919677734 3.1495580673217773438 3.1371603012084960938 3.1191728115081787109 3.1000211238861083984 3.0958397388458251953 3.1116220951080322266 3.1210379600524902344 3.1199910640716552734 3.1068811416625976563 3.1124553680419921875 3.1406526565551757813 3.1688160896301269531 3.1981592178344726563 3.2202908992767333984 3.2313406467437744141 3.2386858463287353516 3.2515437602996826172 3.2647380828857421875 3.2645695209503173828
3.2985196113586425781 3.2726738452911376953 3.2395091056823730469 3.22595977783203125 3.2367961406707763672 3.2446296215057373047 3.2716670036315917969 3.2991604804992675781 3.2977614402770996094 3.2951252460479736328 3.3011760711669921875 3.3037574291229248047 3.3007857799530029297 3.2910776138305664063 3.2754650115966796875 3.2516052722930908203 3.2197651863098144531 3.1827318668365478516 3.1424181461334228516 3.1102530956268310547 3.0911555290222167969 3.0820858478546142578 3.0718214511871337891 3.0629847049713134766 3.0615286827087402344 3.0724482536315917969 3.0969007015228271484 3.1186320781707763672 3.1231813430786132813 3.1068058013916015625 3.1132662296295166016 3.1403751373291015625 3.1721348762512207031 3.2056307792663574219 3.2286310195922851563 3.2367331981658935547 3.2486672401428222656 3.2637574672698974609 3.2715919017791748047 3.2661609649658203125
3.2996542453765869141 3.2720365524291992188 3.2374560832977294922 3.2285959720611572266 3.2217226028442382813 3.2227399349212646484 3.2491319179534912109 3.2823913097381591797 3.2847313880920410156 3.2711956501007080078 3.2627973556518554688 3.2559669017791748047 3.2475340366363525391 3.2325141429901123047 3.2104144096374511719 3.182140350341796875 3.1459920406341552734 3.1064379215240478516 3.0708456039428710938 3.0401248931884765625 3.0174329280853271484 3.0064289569854736328 3.007221221923828125 3.0178751945495605469 3.0318131446838378906 3.0476486682891845703 3.0647051334381103516 3.0976164340972900391 3.1247375011444091797 3.1252713203430175781 3.1242876052856445313 3.1483073234558105469 3.1773259639739990234 3.2068476676940917969 3.2313160896301269531 3.2387106418609619141 3.2477943897247314453 3.2643675804138183594 3.2708065509796142578 3.2671883106231689453
3.295558929443359375 3.2667105197906494141 3.2355964183807373047 3.2277235984802246094 3.2129776477813720703 3.2152554988861083984 3.2314040660858154297 3.2645969390869140625 3.2774713039398193359 3.2609906196594238281 3.2471277713775634766 3.2364127635955810547 3.2212069034576416016 3.2010147571563720703 3.1751291751861572266 3.1455676555633544922 3.1081926822662353516 3.0682573318481445313 3.0346910953521728516 3.0066781044006347656 2.9884040355682373047 2.9842369556427001953 2.9907641410827636719 3.0038552284240722656 3.0227108001708984375 3.0496358871459960938 3.0658507347106933594 3.0965671539306640625 3.1279070377349853516 3.1323199272155761719 3.1281304359436035156 3.1478779315948486328 3.1767301559448242188 3.2036874294281005859 3.2268652915954589844 3.2298517227172851563 3.2340791225433349609 3.2476766109466552734 3.2542657852172851563 3.2487163543701171875
3.2861371040344238281 3.2606973648071289063 3.2456996440887451172 3.2143678665161132813 3.2026293277740478516 3.21079254150390625 3.2181961536407470703 3.2350516319274902344 3.2507364749908447266 3.2483301162719726563 3.2405505180358886719 3.2244043350219726563 3.1994149684906005859 3.1751234531402587891 3.1503713130950927734 3.1222553253173828125 3.0884852409362792969 3.0539228916168212891 3.0272719860076904297 3.0079641342163085938 2.9967284202575683594 3.003704071044921875 3.0192470550537109375 3.0288650989532470703 3.0398046970367431641 3.060756683349609375 3.0776615142822265625 3.0862822532653808594 3.1083707809448242188 3.1230473518371582031 3.1246387958526611328 3.1447188854217529297 3.1729772090911865234 3.19974517822265625 3.2219824790954589844 3.2288136482238769531 3.2281866073608398438 3.2387118339538574219 3.2415533065795898438 3.2350909709930419922
3.2837719917297363281 3.2557773590087890625 3.216526031494140625 3.1940846443176269531 3.1928706169128417969 3.2037787437438964844 3.2059080600738525391 3.2049572467803955078 3.2107930183410644531 3.2185323238372802734 3.2258696556091308594 3.2230474948883056641 3.2009143829345703125 3.1826848983764648438 3.1590259075164794922 3.1292614936828613281 3.0985703468322753906 3.0703799724578857422 3.051731109619140625 3.0402848720550537109 3.0352575778961181641 3.045253753662109375 3.0567121505737304688 3.0552420616149902344 3.0570936203002929688 3.0726499557495117188 3.0946474075317382813 3.1106281280517578125 3.1287999153137207031 3.1338014602661132813 3.1286070346832275391 3.1491982936859130859 3.1765296459197998047 3.2010672092437744141 3.2184436321258544922 3.2311239242553710938 3.2303295135498046875 3.2365629673004150391 3.2382416725158691406 3.2340433597564697266
3.2308952808380126953 3.1935224533081054688 3.1716780662536621094 3.1615116596221923828 3.1570315361022949219 3.1750965118408203125 3.1891725063323974609 3.1909091472625732422 3.1906564235687255859 3.1845254898071289063 3.1819109916687011719 3.1761083602905273438 3.1711204051971435547 3.1634325981140136719 3.1556265354156494141 3.142024993896484375 3.1212432384490966797 3.1031477451324462891 3.0918204784393310547 3.0826809406280517578 3.0789294242858886719 3.0825302600860595703 3.0819554328918457031 3.0775835514068603516 3.0776410102844238281 3.091922760009765625 3.1203989982604980469 3.1436846256256103516 3.1585733890533447266 3.1475646495819091797 3.1444690227508544922 3.1566121578216552734 3.1849896907806396484 3.2086825370788574219 3.2199144363403320313 3.2433443069458007813 3.2418863773345947266 3.2316529750823974609 3.2342798709869384766 3.2219693660736083984
3.1803882122039794922 3.1580080986022949219 3.1435973644256591797 3.1311872005462646484 3.1295003890991210938 3.1471958160400390625 3.1629769802093505859 3.1720831394195556641 3.1810014247894287109 3.1774501800537109375 3.1669628620147705078 3.158023834228515625 3.1504359245300292969 3.1507475376129150391 3.1506633758544921875 3.1444616317749023438 3.1355063915252685547 3.1311573982238769531 3.1212630271911621094 3.1088380813598632813 3.106658935546875 3.1127595901489257813 3.1153118610382080078 3.1085135936737060547 3.099727630615234375 3.1057016849517822266 3.1268162727355957031 3.1477711200714111328 3.1598556041717529297 3.1523597240447998047 3.1488730907440185547 3.1650180816650390625 3.1956400871276855469 3.2208988666534423828 3.2247045040130615234 3.2426171302795410156 3.256374359130859375 3.2523353099822998047 3.2506353855133056641 3.2396168708801269531
3.1529576778411865234 3.1349430084228515625 3.1256575584411621094 3.1227626800537109375 3.1122875213623046875 3.1187462806701660156 3.1278746128082275391 3.1340670585632324219 3.1395046710968017578 3.1443951129913330078 3.1532883644104003906 3.1537613868713378906 3.1559414863586425781 3.1612362861633300781 3.1614787578582763672 3.1583673954010009766 3.1667966842651367188 3.1723718643188476563 3.1619579792022705078 3.1528913974761962891 3.1539149284362792969 3.1542003154754638672 3.1456141471862792969 3.1301908493041992188 3.1179196834564208984 3.1174252033233642578 3.1237287521362304688 3.1393990516662597656 3.1475229263305664063 3.1438632011413574219 3.1496133804321289063 3.1737287044525146484 3.2094573974609375 3.2311539649963378906 3.2308304309844970703 3.2364902496337890625 3.2542059421539306641 3.267490386962890625 3.2583346366882324219 3.2455840110778808594
3.1492922306060791016 3.1335158348083496094 3.1229259967803955078 3.1134698390960693359 3.1023280620574951172 3.1134650707244873047 3.1294574737548828125 3.1318342685699462891 3.1280398368835449219 3.1267306804656982422 3.1274080276489257813 3.1291992664337158203 3.1328301429748535156 3.1404500007629394531 3.1494405269622802734 3.1581101417541503906 3.1720497608184814453 3.1883826255798339844 3.1954312324523925781 3.2011418342590332031 3.1999542713165283203 3.1847856044769287109 3.1653652191162109375 3.1518721580505371094 3.1447710990905761719 3.1410837173461914063 3.1391592025756835938 3.1451990604400634766 3.1532015800476074219 3.1615931987762451172 3.17580413818359375 3.2025389671325683594 3.2295398712158203125 3.2351477146148681641 3.2299869060516357422 3.2362461090087890625 3.2537126541137695313 3.2668211460113525391 3.2614719867706298828 3.2561259269714355469
3.1472818851470947266 3.1346876621246337891 3.1276571750640869141 3.1211578845977783203 3.1192822456359863281 3.1284742355346679688 3.1421809196472167969 3.1501474380493164063 3.1549062728881835938 3.1506078243255615234 3.1481015682220458984 3.1484284400939941406 3.1532607078552246094 3.1555254459381103516 3.1539146900177001953 3.1528880596160888672 3.1557114124298095703 3.1630825996398925781 3.1736893653869628906 3.1885378360748291016 3.1930577754974365234 3.1828579902648925781 3.1626424789428710938 3.1466052532196044922 3.1433720588684082031 3.1439566612243652344 3.1463212966918945313 3.1533291339874267578 3.1694011688232421875 3.1857075691223144531 3.2081081867218017578 3.2315082550048828125 3.2376956939697265625 3.2303664684295654297 3.2251298427581787109 3.2384188175201416016 3.2559008598327636719 3.2593963146209716797 3.2474009990692138672 3.2354035377502441406
3.1326611042022705078 3.1377956867218017578 3.1440951824188232422 3.1533410549163818359 3.1623685359954833984 3.1714489459991455078 3.1778085231781005859 3.1861348152160644531 3.1931822299957275391 3.2012057304382324219 3.1991789340972900391 3.1905450820922851563 3.1906948089599609375 3.1961319446563720703 3.1955587863922119141 3.1903107166290283203 3.1808004379272460938 3.1762871742248535156 3.1727437973022460938 3.1779634952545166016 3.1816704273223876953 3.1752936840057373047 3.1545042991638183594 3.1360707283020019531 3.1339182853698730469 3.1422297954559326172 3.1572482585906982422 3.1727111339569091797 3.190570831298828125 3.209369659423828125 3.2278101444244384766 3.2366466522216796875 3.2331032752990722656 3.2302608489990234375 3.2403333187103271484 3.2530236244201660156 3.2625470161437988281 3.2539653778076171875 3.2282149791717529297 3.2098586559295654297
