MapLinkProApp/griddata/temperature/ASCII/cmems_mod_glo_phy-thetao_anfc_0,083deg_P1D-m_1702458667101_25,2.asc
ncols        121
nrows        120
xllcorner    -30.041666666667
yllcorner    40.041666655981
cellsize     0.083333333333
NODATA_value  9.9692099683868690468e+36
[rows 90 to 107 of 120, columns 40 to 79 of 121]
18.18778228759765625 18.25133514404296875 18.2660369873046875 18.196516036987304688 18.055047988891601563 17.986478805541992188 17.8736572265625 17.536508560180664063 17.081350326538085938 16.747114181518554688 16.635334014892578125 16.624347686767578125 16.624368667602539063 16.612306594848632813 16.594182968139648438 16.5802001953125 16.572689056396484375 16.56696319580078125 16.560779571533203125 16.55025482177734375 16.520490646362304688 16.468084335327148438 16.42482757568359375 16.420743942260742188 16.438482284545898438 16.447360992431640625 16.481021881103515625 16.609905242919921875 16.829889297485351563 17.038776397705078125 17.112070083618164063 16.995557785034179688 16.78209686279296875 16.622043609619140625 16.4835662841796875 16.319295883178710938 16.284944534301757813 16.361967086791992188 16.31634521484375 16.124088287353515625
18.385589599609375 18.333166122436523438 18.302249908447265625 18.326391220092773438 18.278097152709960938 18.15930938720703125 18.08506011962890625 17.949991226196289063 17.68726348876953125 17.366052627563476563 17.061033248901367188 16.874807357788085938 16.786199569702148438 16.748537063598632813 16.73143768310546875 16.724212646484375 16.722833633422851563 16.718927383422851563 16.702251434326171875 16.666698455810546875 16.607608795166015625 16.534769058227539063 16.474567413330078125 16.468662261962890625 16.531435012817382813 16.605234146118164063 16.6136474609375 16.570337295532226563 16.602697372436523438 16.79209136962890625 17.046253204345703125 17.164119720458984375 17.02579498291015625 16.769735336303710938 16.557641983032226563 16.383358001708984375 16.327688217163085938 16.37969207763671875 16.31632232666015625 16.102754592895507813
18.2298583984375 18.155796051025390625 18.136789321899414063 18.209127426147460938 18.271406173706054688 18.247905731201171875 18.192564010620117188 18.133939743041992188 18.071687698364257813 17.93209075927734375 17.770061492919921875 17.66527557373046875 17.600667953491210938 17.549968719482421875 17.509708404541015625 17.483503341674804688 17.460493087768554688 17.426076889038085938 17.363977432250976563 17.281251907348632813 17.17779541015625 17.055652618408203125 16.953824996948242188 16.902471542358398438 16.897409439086914063 16.914056777954101563 16.9003753662109375 16.818691253662109375 16.729196548461914063 16.747064590454101563 16.916006088256835938 17.126100540161132813 17.163660049438476563 16.972402572631835938 16.714569091796875 16.50638580322265625 16.397647857666015625 16.41844940185546875 16.423246383666992188 16.237508773803710938
18.225635528564453125 18.145868301391601563 18.122760772705078125 18.16943359375 18.231536865234375 18.254306793212890625 18.239871978759765625 18.237379074096679688 18.236989974975585938 18.198934555053710938 18.1811981201171875 18.183965682983398438 18.183877944946289063 18.178930282592773438 18.172206878662109375 18.16306304931640625 18.147649765014648438 18.123443603515625 18.075017929077148438 18.020238876342773438 17.974018096923828125 17.909389495849609375 17.8147125244140625 17.737884521484375 17.6802215576171875 17.611448287963867188 17.512720108032226563 17.344675064086914063 17.1177978515625 16.942058563232421875 16.929815292358398438 17.07201385498046875 17.202016830444335938 17.160350799560546875 16.976312637329101563 16.760229110717773438 16.581966400146484375 16.491621017456054688 16.509077072143554688 16.470447540283203125
18.27567291259765625 18.193113327026367188 18.187107086181640625 18.2279205322265625 18.246950149536132813 18.255313873291015625 18.257808685302734375 18.271490097045898438 18.28734588623046875 18.308961868286132813 18.331310272216796875 18.344221115112304688 18.34526824951171875 18.339445114135742188 18.323642730712890625 18.2937774658203125 18.251527786254882813 18.203733444213867188 18.156940460205078125 18.11957550048828125 18.085552215576171875 18.046747207641601563 18.012498855590820313 17.9947357177734375 17.961828231811523438 17.891145706176757813 17.796052932739257813 17.645666122436523438 17.404186248779296875 17.153001785278320313 17.032194137573242188 17.084333419799804688 17.207128524780273438 17.25748443603515625 17.194278717041015625 17.06058502197265625 16.896207809448242188 16.7221221923828125 16.615753173828125 16.597951889038085938
18.328241348266601563 18.278753280639648438 18.271551132202148438 18.299535751342773438 18.29555511474609375 18.298879623413085938 18.306238174438476563 18.325672149658203125 18.349554061889648438 18.375085830688476563 18.393388748168945313 18.395416259765625 18.379701614379882813 18.353305816650390625 18.318338394165039063 18.2694854736328125 18.206132888793945313 18.136606216430664063 18.066236495971679688 18.004451751708984375 17.95708465576171875 17.926649093627929688 17.904241561889648438 17.880519866943359375 17.841962814331054688 17.797445297241210938 17.759794235229492188 17.67578887939453125 17.482969284057617188 17.24633026123046875 17.10691070556640625 17.121826171875 17.2223358154296875 17.301797866821289063 17.314319610595703125 17.257024765014648438 17.14852142333984375 16.982227325439453125 16.794813156127929688 16.719694137573242188
18.4643402099609375 18.423061370849609375 18.3784942626953125 18.378742218017578125 18.372629165649414063 18.369977951049804688 18.384490966796875 18.40948486328125 18.441986083984375 18.481845855712890625 18.505924224853515625 18.498849868774414063 18.485944747924804688 18.468219757080078125 18.43881988525390625 18.38349151611328125 18.305940628051757813 18.22283172607421875 18.1356048583984375 18.043193817138671875 17.95534515380859375 17.8795166015625 17.811412811279296875 17.747903823852539063 17.696743011474609375 17.667474746704101563 17.64318084716796875 17.573179244995117188 17.421674728393554688 17.244289398193359375 17.147609710693359375 17.166591644287109375 17.254236221313476563 17.34474945068359375 17.395498275756835938 17.385885238647460938 17.322553634643554688 17.189849853515625 16.98040771484375 16.854257583618164063
18.527194976806640625 18.54051971435546875 18.523221969604492188 18.490003585815429688 18.4863739013671875 18.494321823120117188 18.513242721557617188 18.548671722412109375 18.612852096557617188 18.689329147338867188 18.716672897338867188 18.68721771240234375 18.66605377197265625 18.660345077514648438 18.609020233154296875 18.485515594482421875 18.346387863159179688 18.252130508422851563 18.190694808959960938 18.126279830932617188 18.055700302124023438 17.98538970947265625 17.912273406982421875 17.826330184936523438 17.722805023193359375 17.609790802001953125 17.495218276977539063 17.375730514526367188 17.261196136474609375 17.1833038330078125 17.169359207153320313 17.221775054931640625 17.318302154541015625 17.41391754150390625 17.466722488403320313 17.44457244873046875 17.359172821044921875 17.245096206665039063 17.066661834716796875 16.920801162719726563
18.41402435302734375 18.538248062133789063 18.588214874267578125 18.592443466186523438 18.599576950073242188 18.63103485107421875 18.675685882568359375 18.739782333374023438 18.836772918701171875 18.9227447509765625 18.920175552368164063 18.847530364990234375 18.786588668823242188 18.736444473266601563 18.601202011108398438 18.380571365356445313 18.199464797973632813 18.112945556640625 18.0749359130859375 18.036615371704101563 17.995578765869140625 17.965250015258789063 17.941440582275390625 17.905603408813476563 17.83220672607421875 17.704570770263671875 17.537111282348632813 17.364961624145507813 17.240278244018554688 17.19378662109375 17.21991729736328125 17.302417755126953125 17.413782119750976563 17.487674713134765625 17.467853546142578125 17.360668182373046875 17.2184906005859375 17.121082305908203125 17.025037765502929688 16.906496047973632813
18.13623809814453125 18.317111968994140625 18.529180526733398438 18.653377532958984375 18.740184783935546875 18.82929229736328125 18.908855438232421875 18.982137680053710938 19.052061080932617188 19.08358001708984375 19.051204681396484375 18.958118438720703125 18.86133575439453125 18.72980499267578125 18.50464630126953125 18.269073486328125 18.121637344360351563 18.057302474975585938 18.021329879760742188 17.969913482666015625 17.91576385498046875 17.888422012329101563 17.885145187377929688 17.890687942504882813 17.880748748779296875 17.80960845947265625 17.656757354736328125 17.466457366943359375 17.32448577880859375 17.286577224731445313 17.343244552612304688 17.449304580688476563 17.51397705078125 17.456079483032226563 17.307218551635742188 17.146976470947265625 17.016559600830078125 16.959096908569335938 16.937467575073242188 16.8752288818359375
18.042074203491210938 18.091596603393554688 18.296377182006835938 18.58086395263671875 18.822902679443359375 18.981683731079101563 19.048162460327148438 19.055027008056640625 19.044546127319335938 19.039642333984375 19.013458251953125 18.944856643676757813 18.850677490234375 18.689420700073242188 18.424404144287109375 18.205804824829101563 18.08712005615234375 18.038051605224609375 18.012432098388671875 17.968761444091796875 17.917758941650390625 17.885898590087890625 17.885629653930664063 17.893068313598632813 17.8677825927734375 17.776464462280273438 17.632795333862304688 17.489431381225585938 17.422054290771484375 17.46669769287109375 17.562593460083007813 17.579942703247070313 17.445018768310546875 17.232339859008789063 17.054574966430664063 16.949895858764648438 16.8914794921875 16.853467941284179688 16.84203338623046875 16.829942703247070313
18.038492202758789063 18.102457046508789063 18.22901153564453125 18.488397598266601563 18.790737152099609375 18.961664199829101563 18.978929519653320313 18.93724822998046875 18.925031661987304688 18.915117263793945313 18.895341873168945313 18.844682693481445313 18.773113250732421875 18.57901763916015625 18.2896575927734375 18.114475250244140625 18.044206619262695313 18.013553619384765625 17.994724273681640625 17.970338821411132813 17.946561813354492188 17.931798934936523438 17.924623489379882813 17.890264511108398438 17.799200057983398438 17.678777694702148438 17.580507278442382813 17.556646347045898438 17.62070465087890625 17.689973831176757813 17.620670318603515625 17.386157989501953125 17.129123687744140625 16.969554901123046875 16.896806716918945313 16.86638641357421875 16.859220504760742188 16.848726272583007813 16.830430984497070313 16.81597137451171875
18.500553131103515625 18.43915557861328125 18.4418792724609375 18.607273101806640625 18.83309173583984375 18.925411224365234375 18.903242111206054688 18.875379562377929688 18.863058090209960938 18.842363357543945313 18.787321090698242188 18.72246551513671875 18.609218597412109375 18.352130889892578125 18.165845870971679688 18.075542449951171875 18.038675308227539063 18.0220184326171875 18.007991790771484375 17.990406036376953125 17.982570648193359375 17.969987869262695313 17.930683135986328125 17.854978561401367188 17.761968612670898438 17.699247360229492188 17.690582275390625 17.703571319580078125 17.653375625610351563 17.462297439575195313 17.20147705078125 17.006256103515625 16.907100677490234375 16.858407974243164063 16.82183837890625 16.797863006591796875 16.79518890380859375 16.796268463134765625 16.798521041870117188 16.805040359497070313
18.830797195434570313 18.805833816528320313 18.794431686401367188 18.867776870727539063 18.937961578369140625 18.94007110595703125 18.900669097900390625 18.86676788330078125 18.851856231689453125 18.799764633178710938 18.697587966918945313 18.5858917236328125 18.3848114013671875 18.221708297729492188 18.132295608520507813 18.05635833740234375 18.022247314453125 18.019613265991210938 18.01904296875 18.018421173095703125 18.012857437133789063 17.983440399169921875 17.922319412231445313 17.8405914306640625 17.77162933349609375 17.727338790893554688 17.653371810913085938 17.470592498779296875 17.201948165893554688 17.00049591064453125 16.90716552734375 16.850088119506835938 16.806941986083984375 16.769680023193359375 16.737945556640625 16.730424880981445313 16.741056442260742188 16.752349853515625 16.76187896728515625 16.7683258056640625
18.860380172729492188 18.85663604736328125 18.883356094360351563 18.938318252563476563 18.961589813232421875 18.953088760375976563 18.9038543701171875 18.853107452392578125 18.826005935668945313 18.7620849609375 18.637838363647460938 18.488689422607421875 18.296476364135742188 18.201128005981445313 18.120206832885742188 18.04128265380859375 18.018629074096679688 18.027963638305664063 18.036945343017578125 18.043268203735351563 18.033304214477539063 17.99578094482421875 17.932415008544921875 17.854566574096679688 17.769649505615234375 17.634344100952148438 17.376466751098632813 17.046209335327148438 16.8679351806640625 16.842624664306640625 16.810398101806640625 16.783067703247070313 16.774015426635742188 16.756954193115234375 16.749540328979492188 16.75714874267578125 16.766286849975585938 16.777135848999023438 16.798614501953125 16.821985244750976563
18.878290176391601563 18.89478302001953125 18.930080413818359375 18.956562042236328125 18.970796585083007813 18.944530487060546875 18.867908477783203125 18.812025070190429688 18.78435516357421875 18.718753814697265625 18.583993911743164063 18.405443191528320313 18.257741928100585938 18.196775436401367188 18.106166839599609375 18.016836166381835938 18.006931304931640625 18.030168533325195313 18.049943923950195313 18.0589447021484375 18.045106887817382813 17.999750137329101563 17.926923751831054688 17.827512741088867188 17.669086456298828125 17.39255523681640625 17.02198028564453125 16.755313873291015625 16.715984344482421875 16.7558135986328125 16.77019500732421875 16.793241500854492188 16.815692901611328125 16.815153121948242188 16.790973663330078125 16.735919952392578125 16.667154312133789063 16.633792877197265625 16.659410476684570313 16.721437454223632813
18.878774642944335938 18.908512115478515625 18.928598403930664063 18.937952041625976563 18.937170028686523438 18.878038406372070313 18.80200958251953125 18.766635894775390625 18.73345947265625 18.648786544799804688 18.509054183959960938 18.33850860595703125 18.237682342529296875 18.192365646362304688 18.082681655883789063 17.980733871459960938 17.988435745239257813 18.030712127685546875 18.061540603637695313 18.073667526245117188 18.060840606689453125 18.010572433471679688 17.913885116577148438 17.75559234619140625 17.500034332275390625 17.141475677490234375 16.808462142944335938 16.740541458129882813 16.883289337158203125 17.0389251708984375 17.143321990966796875 17.223482131958007813 17.282896041870117188 17.316587448120117188 17.322656631469726563 17.2845458984375 17.183931350708007813 17.026968002319335938 16.84720611572265625 16.6854095458984375
18.849451065063476563 18.870420455932617188 18.878454208374023438 18.883026123046875 18.878198623657226563 18.819234848022460938 18.760480880737304688 18.729795455932617188 18.6680145263671875 18.549673080444335938 18.400266647338867188 18.268102645874023438 18.226558685302734375 18.173032760620117188 18.03110504150390625 17.9251251220703125 17.958530426025390625 18.0213470458984375 18.065607070922851563 18.080057144165039063 18.070367813110351563 18.023172378540039063 17.912900924682617188 17.742839813232421875 17.477807998657226563 17.127840042114257813 16.865390777587890625 16.898029327392578125 17.103364944458007813 17.233510971069335938 17.266916275024414063 17.279415130615234375 17.310091018676757813 17.355825424194335938 17.399927139282226563 17.43930816650390625 17.469945907592773438 17.477605819702148438 17.449113845825195313 17.365215301513671875
