MapLinkProApp/griddata/temperature/ASCII/cmems_mod_glo_phy-thetao_anfc_0,083deg_P1D-m_1702458667101_7,9.asc
ncols        121
nrows        120
xllcorner    -30.041666666667
yllcorner    40.041666655981
cellsize     0.083333333333
NODATA_value  9.9692099683868690468e+36
[rows 36 to 53 of 120, columns 40 to 79 of 121]
13.715609550476074219 13.521960258483886719 13.461269378662109375 13.492112159729003906 13.463430404663085938 13.427682876586914063 13.423308372497558594 13.550030708312988281 13.893893241882324219 14.225519180297851563 14.444893836975097656 14.649644851684570313 14.783159255981445313 14.706158638000488281 14.515366554260253906 14.489260673522949219 14.648756027221679688 14.878999710083007813 15.037019729614257813 15.116868019104003906 15.166040420532226563 15.174570083618164063 15.145224571228027344 15.086945533752441406 14.913915634155273438 14.743808746337890625 14.652216911315917969 14.574113845825195313 14.450407981872558594 14.33946990966796875 14.271945953369140625 14.219343185424804688 14.183705329895019531 14.205077171325683594 14.33702850341796875 14.651362419128417969 14.915431022644042969 14.955076217651367188 14.884248733520507813 14.860222816467285156
13.553717613220214844 13.424512863159179688 13.376551628112792969 13.403055191040039063 13.444523811340332031 13.500333786010742188 13.589089393615722656 13.821214675903320313 14.149654388427734375 14.331187248229980469 14.49151611328125 14.746831893920898438 14.856814384460449219 14.685413360595703125 14.462635993957519531 14.479673385620117188 14.668397903442382813 14.892788887023925781 15.039979934692382813 15.119015693664550781 15.176242828369140625 15.186497688293457031 15.147077560424804688 15.077246665954589844 14.915497779846191406 14.765797615051269531 14.689009666442871094 14.608240127563476563 14.498663902282714844 14.399554252624511719 14.314516067504882813 14.240472793579101563 14.213747978210449219 14.250128746032714844 14.415330886840820313 14.747714996337890625 14.989254951477050781 15.010046958923339844 14.970891952514648438 15.021886825561523438
13.966455459594726563 13.865491867065429688 13.832529067993164063 13.789926528930664063 13.761513710021972656 13.725764274597167969 13.821703910827636719 14.117834091186523438 14.261069297790527344 14.28957366943359375 14.607408523559570313 14.921015739440917969 14.917737960815429688 14.61632537841796875 14.399788856506347656 14.456717491149902344 14.639023780822753906 14.851649284362792969 14.988908767700195313 15.0637969970703125 15.125363349914550781 15.144993782043457031 15.085526466369628906 15.002017974853515625 14.8688812255859375 14.761480331420898438 14.709186553955078125 14.635461807250976563 14.511112213134765625 14.386240959167480469 14.291424751281738281 14.240571022033691406 14.239319801330566406 14.275830268859863281 14.470560073852539063 14.796176910400390625 15.027220726013183594 15.058001518249511719 15.045874595642089844 15.101953506469726563
14.2460479736328125 14.197812080383300781 14.074396133422851563 13.970696449279785156 13.824273109436035156 13.7855377197265625 14.007294654846191406 14.151419639587402344 14.088509559631347656 14.297039031982421875 14.824688911437988281 15.076104164123535156 14.908565521240234375 14.525211334228515625 14.361237525939941406 14.423665046691894531 14.571399688720703125 14.760837554931640625 14.8893585205078125 14.958627700805664063 15.015208244323730469 15.050603866577148438 15.015223503112792969 14.953372955322265625 14.848776817321777344 14.7915496826171875 14.734560012817382813 14.588824272155761719 14.417323112487792969 14.304734230041503906 14.260840415954589844 14.246570587158203125 14.241753578186035156 14.341295242309570313 14.587189674377441406 14.888112068176269531 15.087223052978515625 15.116549491882324219 15.118013381958007813 15.072095870971679688
14.241217613220214844 14.152859687805175781 14.03955078125 13.882017135620117188 13.747140884399414063 13.796296119689941406 13.895483016967773438 13.812155723571777344 13.886034965515136719 14.456293106079101563 15.038866043090820313 15.140314102172851563 14.849415779113769531 14.482000350952148438 14.370534896850585938 14.412328720092773438 14.506682395935058594 14.65242767333984375 14.767315864562988281 14.823503494262695313 14.870599746704101563 14.923269271850585938 14.926733970642089844 14.89353179931640625 14.840323448181152344 14.758749961853027344 14.628771781921386719 14.445009231567382813 14.319523811340332031 14.261597633361816406 14.234948158264160156 14.225798606872558594 14.290773391723632813 14.488372802734375 14.756328582763671875 15.013150215148925781 15.147790908813476563 15.148179054260253906 15.111922264099121094 14.954360008239746094
14.137616157531738281 14.034214973449707031 13.871587753295898438 13.672557830810546875 13.564439773559570313 13.536611557006835938 13.500398635864257813 13.542716026306152344 14.002885818481445313 14.792445182800292969 15.230561256408691406 15.13128662109375 14.795068740844726563 14.554597854614257813 14.495512008666992188 14.500513076782226563 14.526828765869140625 14.569517135620117188 14.602147102355957031 14.634190559387207031 14.620326042175292969 14.60616302490234375 14.639190673828125 14.637486457824707031 14.594811439514160156 14.511614799499511719 14.39594268798828125 14.291961669921875 14.238101959228515625 14.204054832458496094 14.204824447631835938 14.345957756042480469 14.559706687927246094 14.768297195434570313 14.993221282958984375 15.148756027221679688 15.185833930969238281 15.1433258056640625 14.992352485656738281 14.844964027404785156
13.941447257995605469 13.836633682250976563 13.664700508117675781 13.497643470764160156 13.410726547241210938 13.40484619140625 13.437692642211914063 13.629723548889160156 14.250272750854492188 15.026905059814453125 15.299807548522949219 15.101229667663574219 14.856653213500976563 14.771191596984863281 14.743506431579589844 14.727109909057617188 14.71591949462890625 14.686612129211425781 14.597853660583496094 14.548455238342285156 14.548321723937988281 14.499268531799316406 14.381450653076171875 14.321226119995117188 14.285997390747070313 14.251798629760742188 14.214808464050292969 14.191501617431640625 14.175843238830566406 14.161053657531738281 14.23723602294921875 14.541128158569335938 14.813746452331542969 15.01618194580078125 15.149554252624511719 15.210803031921386719 15.206279754638671875 15.088029861450195313 14.869711875915527344 14.775073051452636719
13.836462020874023438 13.679767608642578125 13.562282562255859375 13.470300674438476563 13.435841560363769531 13.5092620849609375 13.611300468444824219 13.873310089111328125 14.538670539855957031 15.221118927001953125 15.368036270141601563 15.224526405334472656 15.204417228698730469 15.251024246215820313 15.22698211669921875 15.213017463684082031 15.153043746948242188 15.106942176818847656 15.003961563110351563 14.832663536071777344 14.636304855346679688 14.518945693969726563 14.460162162780761719 14.373805046081542969 14.293528556823730469 14.227689743041992188 14.179913520812988281 14.170831680297851563 14.162278175354003906 14.144377708435058594 14.2931976318359375 14.690792083740234375 14.989771842956542969 15.127237319946289063 15.2184295654296875 15.258008003234863281 15.218160629272460938 15.037659645080566406 14.819828033447265625 14.739478111267089844
13.9732666015625 13.771741867065429688 13.656416893005371094 13.569042205810546875 13.601706504821777344 13.757166862487792969 13.861418724060058594 14.139446258544921875 14.818437576293945313 15.429615974426269531 15.593600273132324219 15.651525497436523438 15.814447402954101563 15.865594863891601563 15.850061416625976563 15.834408760070800781 15.751954078674316406 15.658437728881835938 15.552486419677734375 15.475089073181152344 15.352140426635742188 15.125363349914550781 14.81320953369140625 14.503115653991699219 14.326737403869628906 14.251979827880859375 14.208735466003417969 14.179279327392578125 14.148037910461425781 14.154554367065429688 14.396527290344238281 14.809925079345703125 15.128861427307128906 15.266554832458496094 15.352005958557128906 15.36363983154296875 15.255159378051757813 15.026511192321777344 14.841515541076660156 14.765008926391601563
14.097094535827636719 13.885446548461914063 13.734078407287597656 13.703832626342773438 13.866270065307617188 14.030083656311035156 14.052594184875488281 14.335475921630859375 15.032472610473632813 15.624487876892089844 15.852926254272460938 15.963199615478515625 16.029352188110351563 15.962701797485351563 15.904120445251464844 15.890239715576171875 15.916344642639160156 15.912188529968261719 15.86878204345703125 15.797842979431152344 15.708194732666015625 15.613989830017089844 15.474939346313476563 15.235260963439941406 14.92014312744140625 14.590564727783203125 14.333555221557617188 14.223458290100097656 14.176679611206054688 14.203450202941894531 14.484661102294921875 14.941913604736328125 15.272115707397460938 15.389508247375488281 15.395010948181152344 15.361083030700683594 15.252552032470703125 15.072933197021484375 14.923449516296386719 14.836061477661132813
14.106553077697753906 13.917399406433105469 13.918456077575683594 14.094799041748046875 14.276255607604980469 14.268834114074707031 14.183218002319335938 14.509918212890625 15.221930503845214844 15.777383804321289063 15.986705780029296875 16.00142669677734375 15.91766357421875 15.74137115478515625 15.619347572326660156 15.559129714965820313 15.509444236755371094 15.462693214416503906 15.469353675842285156 15.529093742370605469 15.623659133911132813 15.7109832763671875 15.761301994323730469 15.742765426635742188 15.625928878784179688 15.402422904968261719 15.074845314025878906 14.746552467346191406 14.449313163757324219 14.361085891723632813 14.587016105651855469 15.011877059936523438 15.304090499877929688 15.368868827819824219 15.256744384765625 15.129799842834472656 15.034921646118164063 14.934363365173339844 14.86528778076171875 14.8657989501953125
14.118831634521484375 14.061618804931640625 14.21921539306640625 14.419050216674804688 14.453742027282714844 14.294534683227539063 14.20644378662109375 14.603170394897460938 15.307835578918457031 15.815195083618164063 15.994427680969238281 15.950521469116210938 15.815586090087890625 15.674019813537597656 15.607404708862304688 15.53263092041015625 15.380860328674316406 15.210347175598144531 15.174141883850097656 15.218473434448242188 15.270277023315429688 15.322154998779296875 15.408885002136230469 15.557185173034667969 15.727999687194824219 15.817061424255371094 15.733269691467285156 15.407283782958984375 15.023110389709472656 14.666989326477050781 14.679473876953125 15.024802207946777344 15.291647911071777344 15.368062973022460938 15.296037673950195313 15.198189735412597656 15.164141654968261719 15.16336822509765625 15.197809219360351563 15.275172233581542969
14.202147483825683594 14.23439788818359375 14.4074249267578125 14.526952743530273438 14.455504417419433594 14.262845039367675781 14.258116722106933594 14.684805870056152344 15.318753242492675781 15.786005020141601563 15.951101303100585938 15.875052452087402344 15.730689048767089844 15.619229316711425781 15.537793159484863281 15.381879806518554688 15.13491058349609375 15.0028228759765625 15.092070579528808594 15.276437759399414063 15.443891525268554688 15.544226646423339844 15.572248458862304688 15.551189422607421875 15.535338401794433594 15.617514610290527344 15.755877494812011719 15.777875900268554688 15.597574234008789063 15.125126838684082031 14.806993484497070313 14.901355743408203125 15.277733802795410156 15.482269287109375 15.41741180419921875 15.31298828125 15.33306884765625 15.411355972290039063 15.497226715087890625 15.575130462646484375
14.297896385192871094 14.372587203979492188 14.52756500244140625 14.565568923950195313 14.430805206298828125 14.281881332397460938 14.39498138427734375 14.787169456481933594 15.274568557739257813 15.666483879089355469 15.818773269653320313 15.761816978454589844 15.657041549682617188 15.576822280883789063 15.448695182800292969 15.185561180114746094 14.904004096984863281 14.946412086486816406 15.199599266052246094 15.474964141845703125 15.660759925842285156 15.750104904174804688 15.776073455810546875 15.776317596435546875 15.764936447143554688 15.736787796020507813 15.704563140869140625 15.698983192443847656 15.719698905944824219 15.6984100341796875 15.488533973693847656 15.149049758911132813 15.052362442016601563 15.211214065551757813 15.425474166870117188 15.533783912658691406 15.584799766540527344 15.634865760803222656 15.670055389404296875 15.692988395690917969
14.36917877197265625 14.463321685791015625 14.591670036315917969 14.581129074096679688 14.413160324096679688 14.2953033447265625 14.474526405334472656 14.848742485046386719 15.248229026794433594 15.577847480773925781 15.715582847595214844 15.685998916625976563 15.613514900207519531 15.519137382507324219 15.337982177734375 15.036403656005859375 14.841660499572753906 14.976418495178222656 15.254713058471679688 15.525296211242675781 15.689921379089355469 15.73575592041015625 15.724901199340820313 15.714621543884277344 15.719125747680664063 15.743315696716308594 15.779887199401855469 15.805837631225585938 15.816419601440429688 15.754528999328613281 15.747310638427734375 15.621301651000976563 15.4214019775390625 15.222101211547851563 15.207536697387695313 15.288640022277832031 15.411431312561035156 15.501163482666015625 15.55101776123046875 15.552184104919433594
14.464287757873535156 14.567008018493652344 14.660685539245605469 14.609313011169433594 14.416347503662109375 14.294198989868164063 14.502654075622558594 14.877269744873046875 15.220858573913574219 15.490406036376953125 15.617918014526367188 15.611897468566894531 15.543868064880371094 15.43402862548828125 15.225706100463867188 14.944798469543457031 14.849889755249023438 14.942816734313964844 15.142636299133300781 15.351984977722167969 15.488821983337402344 15.542150497436523438 15.56085968017578125 15.571851730346679688 15.605954170227050781 15.644762992858886719 15.668642044067382813 15.69678497314453125 15.748609542846679688 15.808144569396972656 15.849410057067871094 15.818300247192382813 15.726078033447265625 15.570333480834960938 15.420340538024902344 15.351362228393554688 15.346058845520019531 15.372691154479980469 15.40590667724609375 15.4231719970703125
14.567661285400390625 14.678766250610351563 14.736607551574707031 14.648159027099609375 14.436650276184082031 14.318535804748535156 14.548800468444824219 14.91192626953125 15.189271926879882813 15.400216102600097656 15.530443191528320313 15.528719902038574219 15.44235992431640625 15.337777137756347656 15.140212059020996094 14.913962364196777344 14.863669395446777344 14.900716781616210938 15.038479804992675781 15.22769927978515625 15.393175125122070313 15.501605033874511719 15.563390731811523438 15.598936080932617188 15.669466972351074219 15.764963150024414063 15.826310157775878906 15.833049774169921875 15.791020393371582031 15.758706092834472656 15.795586585998535156 15.863436698913574219 15.897212982177734375 15.856716156005859375 15.758386611938476563 15.65296173095703125 15.574785232543945313 15.531371116638183594 15.5216064453125 15.529679298400878906
14.641011238098144531 14.748896598815917969 14.787432670593261719 14.6861419677734375 14.462290763854980469 14.353375434875488281 14.587285041809082031 14.951947212219238281 15.222585678100585938 15.411968231201171875 15.493984222412109375 15.429843902587890625 15.342841148376464844 15.27680206298828125 15.129519462585449219 14.9896087646484375 14.921507835388183594 14.900334358215332031 14.963337898254394531 15.087998390197753906 15.248113632202148438 15.391646385192871094 15.479864120483398438 15.525098800659179688 15.624372482299804688 15.784528732299804688 15.891809463500976563 15.938024520874023438 15.93427276611328125 15.89397430419921875 15.879345893859863281 15.917980194091796875 15.9717559814453125 15.98993682861328125 15.953930854797363281 15.88636016845703125 15.815999984741210938 15.759411811828613281 15.727917671203613281 15.717677116394042969
