MapLinkProApp/griddata/temperature/ASCII/cmems_mod_glo_phy-thetao_anfc_0,083deg_P1D-m_1702458667101_11,4.asc
ncols        121
nrows        120
xllcorner    -30.041666666667
yllcorner    40.041666655981
cellsize     0.083333333333
NODATA_value  9.9692099683868690468e+36
[rows 54 to 71 of 120, columns 80 to 119 of 121]
15.888437271118164063 15.893275260925292969 15.909527778625488281 15.919984817504882813 15.918834686279296875 15.901772499084472656 15.867199897766113281 15.826294898986816406 15.783170700073242188 15.742597579956054688 15.725405693054199219 15.716786384582519531 15.718129158020019531 15.712523460388183594 15.664531707763671875 15.624276161193847656 15.571416854858398438 15.474017143249511719 15.385972023010253906 15.348355293273925781 15.357623100280761719 15.392019271850585938 15.419946670532226563 15.442276954650878906 15.477752685546875 15.524630546569824219 15.537453651428222656 15.4260101318359375 15.121259689331054688 14.73230743408203125 14.375949859619140625 14.181452751159667969 14.139410018920898438 14.162260055541992188 14.130202293395996094 14.154862403869628906 14.487834930419921875 14.887240409851074219 15.170111656188964844 15.329480171203613281
15.970123291015625 15.956499099731445313 15.945271492004394531 15.924824714660644531 15.89601898193359375 15.858921051025390625 15.814553260803222656 15.771627426147460938 15.729195594787597656 15.701174736022949219 15.689818382263183594 15.681639671325683594 15.68785858154296875 15.672399520874023438 15.634480476379394531 15.612400054931640625 15.546861648559570313 15.450298309326171875 15.361710548400878906 15.291928291320800781 15.275793075561523438 15.31949615478515625 15.382150650024414063 15.437128067016601563 15.476641654968261719 15.490838050842285156 15.458102226257324219 15.320180892944335938 15.044023513793945313 14.71437835693359375 14.434107780456542969 14.272805213928222656 14.211256980895996094 14.194244384765625 14.258204460144042969 14.559500694274902344 14.964458465576171875 15.254218101501464844 15.415909767150878906 15.470944404602050781
15.927931785583496094 15.921097755432128906 15.912174224853515625 15.89243316650390625 15.859296798706054688 15.81571197509765625 15.766722679138183594 15.723877906799316406 15.689595222473144531 15.673054695129394531 15.662809371948242188 15.658915519714355469 15.668034553527832031 15.646384239196777344 15.629140853881835938 15.627897262573242188 15.5756683349609375 15.512907981872558594 15.444253921508789063 15.324939727783203125 15.197974205017089844 15.121754646301269531 15.091494560241699219 15.081899642944335938 15.068835258483886719 15.029953956604003906 14.949591636657714844 14.817572593688964844 14.645003318786621094 14.4772491455078125 14.369225502014160156 14.35433197021484375 14.441729545593261719 14.654285430908203125 14.972418785095214844 15.276978492736816406 15.464792251586914063 15.518236160278320313 15.457341194152832031 15.362918853759765625
15.906813621520996094 15.91310882568359375 15.89627838134765625 15.848732948303222656 15.781564712524414063 15.718382835388183594 15.670960426330566406 15.640875816345214844 15.62155914306640625 15.615246772766113281 15.618669509887695313 15.632747650146484375 15.641457557678222656 15.623400688171386719 15.63941192626953125 15.672604560852050781 15.654455184936523438 15.641953468322753906 15.641745567321777344 15.587605476379394531 15.471578598022460938 15.331303596496582031 15.198455810546875 15.091345787048339844 15.005639076232910156 14.925894737243652344 14.84827423095703125 14.7780303955078125 14.725890159606933594 14.715484619140625 14.780077934265136719 14.9452667236328125 15.179585456848144531 15.416953086853027344 15.573107719421386719 15.593240737915039063 15.505780220031738281 15.336541175842285156 15.212667465209960938 15.180721282958984375
15.917079925537109375 15.893818855285644531 15.815198898315429688 15.719707489013671875 15.644621849060058594 15.623620986938476563 15.643046379089355469 15.674917221069335938 15.671350479125976563 15.628726959228515625 15.590920448303222656 15.579380989074707031 15.582899093627929688 15.601839065551757813 15.673335075378417969 15.746249198913574219 15.766594886779785156 15.777770042419433594 15.802679061889648438 15.804778099060058594 15.769469261169433594 15.7109222412109375 15.638493537902832031 15.565291404724121094 15.503912925720214844 15.4539031982421875 15.416879653930664063 15.394956588745117188 15.386408805847167969 15.396920204162597656 15.436800003051757813 15.494136810302734375 15.528290748596191406 15.521243095397949219 15.468160629272460938 15.363786697387695313 15.245248794555664063 15.195163726806640625 15.2047271728515625 15.226049423217773438
15.888924598693847656 15.809039115905761719 15.714030265808105469 15.645148277282714844 15.629826545715332031 15.67252349853515625 15.756471633911132813 15.817805290222167969 15.8299713134765625 15.801906585693359375 15.707333564758300781 15.613034248352050781 15.572503089904785156 15.600648880004882813 15.711937904357910156 15.816758155822753906 15.8670654296875 15.89313507080078125 15.908476829528808594 15.890753746032714844 15.820763587951660156 15.712305068969726563 15.601718902587890625 15.513054847717285156 15.449425697326660156 15.404541969299316406 15.374874114990234375 15.358247756958007813 15.345278739929199219 15.330794334411621094 15.313596725463867188 15.291067123413085938 15.265045166015625 15.233613014221191406 15.191000938415527344 15.162278175354003906 15.182133674621582031 15.231332778930664063 15.259560585021972656 15.284226417541503906
15.796257972717285156 15.732178688049316406 15.682494163513183594 15.655673027038574219 15.653813362121582031 15.695934295654296875 15.785121917724609375 15.813030242919921875 15.798529624938964844 15.7940216064453125 15.734994888305664063 15.621039390563964844 15.561491966247558594 15.631330490112304688 15.785520553588867188 15.907597541809082031 15.961954116821289063 15.966008186340332031 15.924448013305664063 15.823411941528320313 15.678139686584472656 15.529069900512695313 15.404668807983398438 15.315992355346679688 15.258786201477050781 15.221040725708007813 15.197165489196777344 15.183995246887207031 15.173089981079101563 15.159136772155761719 15.144761085510253906 15.133288383483886719 15.124281883239746094 15.117189407348632813 15.114094734191894531 15.134693145751953125 15.198403358459472656 15.265189170837402344 15.305875778198242188 15.33136749267578125
15.772220611572265625 15.739404678344726563 15.704952239990234375 15.694414138793945313 15.728845596313476563 15.80353546142578125 15.843624114990234375 15.75589752197265625 15.655900001525878906 15.636023521423339844 15.607120513916015625 15.590456008911132813 15.668226242065429688 15.817360877990722656 15.947020530700683594 16.008611679077148438 15.992509841918945313 15.910562515258789063 15.782938957214355469 15.630205154418945313 15.485284805297851563 15.367808341979980469 15.280437469482421875 15.2245330810546875 15.193055152893066406 15.175043106079101563 15.164979934692382813 15.158359527587890625 15.151965141296386719 15.14408111572265625 15.133292198181152344 15.123135566711425781 15.118682861328125 15.119425773620605469 15.1274871826171875 15.150356292724609375 15.200232505798339844 15.25238800048828125 15.289475440979003906 15.305816650390625
15.779162406921386719 15.742061614990234375 15.73191070556640625 15.778138160705566406 15.838786125183105469 15.881900787353515625 15.855778694152832031 15.728959083557128906 15.637859344482421875 15.646803855895996094 15.681751251220703125 15.760228157043457031 15.879022598266601563 15.977190017700195313 16.015888214111328125 15.985525131225585938 15.885287284851074219 15.753851890563964844 15.613856315612792969 15.489457130432128906 15.392084121704101563 15.319039344787597656 15.269644737243652344 15.237599372863769531 15.216271400451660156 15.20203399658203125 15.19378662109375 15.192413330078125 15.192399978637695313 15.183672904968261719 15.165303230285644531 15.148095130920410156 15.141964912414550781 15.143972396850585938 15.145902633666992188 15.151021957397460938 15.169750213623046875 15.193219184875488281 15.218594551086425781 15.235589981079101563
15.777009010314941406 15.777477264404296875 15.820052146911621094 15.881872177124023438 15.909267425537109375 15.916380882263183594 15.886794090270996094 15.789708137512207031 15.732855796813964844 15.804529190063476563 15.872629165649414063 15.922385215759277344 15.967439651489257813 15.973714828491210938 15.920519828796386719 15.813871383666992188 15.693660736083984375 15.580754280090332031 15.478375434875488281 15.400308609008789063 15.34467315673828125 15.308750152587890625 15.286721229553222656 15.2743377685546875 15.26851654052734375 15.263828277587890625 15.256337165832519531 15.246828079223632813 15.23761749267578125 15.223860740661621094 15.200026512145996094 15.175921440124511719 15.166385650634765625 15.171214103698730469 15.178838729858398438 15.18161773681640625 15.18190765380859375 15.181956291198730469 15.186170578002929688 15.196413040161132813
15.800451278686523438 15.828614234924316406 15.866528511047363281 15.906268119812011719 15.92023468017578125 15.929510116577148438 15.92832183837890625 15.876085281372070313 15.82129669189453125 15.893968582153320313 15.963797569274902344 15.964916229248046875 15.929589271545410156 15.838429450988769531 15.6918487548828125 15.550871849060058594 15.455206871032714844 15.395539283752441406 15.371115684509277344 15.369313240051269531 15.379924774169921875 15.396388053894042969 15.409734725952148438 15.416913032531738281 15.416123390197753906 15.402632713317871094 15.3751068115234375 15.34223175048828125 15.31475067138671875 15.287217140197753906 15.253136634826660156 15.224796295166015625 15.215361595153808594 15.222902297973632813 15.237237930297851563 15.250565528869628906 15.256667137145996094 15.2472991943359375 15.231077194213867188 15.216991424560546875
15.818050384521484375 15.835680007934570313 15.868549346923828125 15.903425216674804688 15.911395072937011719 15.920308113098144531 15.935433387756347656 15.919439315795898438 15.866900444030761719 15.906661033630371094 15.974120140075683594 15.954153060913085938 15.865605354309082031 15.707723617553710938 15.523676872253417969 15.414952278137207031 15.389187812805175781 15.411151885986328125 15.456471443176269531 15.498169898986816406 15.529942512512207031 15.551140785217285156 15.561948776245117188 15.561227798461914063 15.545350074768066406 15.516369819641113281 15.474228858947753906 15.423383712768554688 15.37406158447265625 15.33054351806640625 15.295162200927734375 15.277249336242675781 15.282390594482421875 15.306470870971679688 15.3374786376953125 15.359857559204101563 15.363468170166015625 15.339710235595703125 15.305449485778808594 15.28310394287109375
15.826226234436035156 15.842548370361328125 15.878293037414550781 15.899868965148925781 15.894097328186035156 15.882575035095214844 15.89508819580078125 15.918828010559082031 15.908694267272949219 15.879387855529785156 15.915674209594726563 15.907532691955566406 15.800545692443847656 15.621388435363769531 15.461536407470703125 15.428256034851074219 15.461023330688476563 15.512134552001953125 15.554118156433105469 15.587102890014648438 15.618944168090820313 15.640231132507324219 15.649045944213867188 15.641816139221191406 15.606769561767578125 15.549271583557128906 15.487157821655273438 15.431210517883300781 15.384869575500488281 15.34799957275390625 15.328074455261230469 15.340505599975585938 15.391570091247558594 15.458952903747558594 15.505113601684570313 15.514788627624511719 15.492533683776855469 15.440884590148925781 15.375037193298339844 15.334172248840332031
15.837297439575195313 15.872983932495117188 15.89659881591796875 15.893042564392089844 15.878817558288574219 15.863433837890625 15.868133544921875 15.901243209838867188 15.911665916442871094 15.872290611267089844 15.838862419128417969 15.804601669311523438 15.711273193359375 15.582418441772460938 15.488350868225097656 15.485421180725097656 15.5141448974609375 15.540370941162109375 15.565508842468261719 15.602020263671875 15.651611328125 15.686548233032226563 15.703351974487304688 15.695940017700195313 15.649388313293457031 15.569849014282226563 15.491581916809082031 15.433209419250488281 15.396542549133300781 15.391547203063964844 15.438470840454101563 15.521637916564941406 15.592890739440917969 15.633344650268554688 15.6483154296875 15.630698204040527344 15.581337928771972656 15.512899398803710938 15.436734199523925781 15.388167381286621094
15.871567726135253906 15.89806365966796875 15.908358573913574219 15.906442642211914063 15.891068458557128906 15.869228363037109375 15.860088348388671875 15.887271881103515625 15.911942481994628906 15.906360626220703125 15.871689796447753906 15.810956954956054688 15.709929466247558594 15.592921257019042969 15.524026870727539063 15.524804115295410156 15.534197807312011719 15.54322052001953125 15.558556556701660156 15.602956771850585938 15.669508934020996094 15.7122039794921875 15.730355262756347656 15.725291252136230469 15.67868804931640625 15.589517593383789063 15.499373435974121094 15.442852973937988281 15.433488845825195313 15.482450485229492188 15.569911956787109375 15.625975608825683594 15.644585609436035156 15.670134544372558594 15.695050239562988281 15.68463134765625 15.635991096496582031 15.569429397583007813 15.504033088684082031 15.458438873291015625
15.92230987548828125 15.946852684020996094 15.957918167114257813 15.942264556884765625 15.916264533996582031 15.888762474060058594 15.876523017883300781 15.888093948364257813 15.909647941589355469 15.92816162109375 15.927327156066894531 15.90360260009765625 15.826151847839355469 15.701120376586914063 15.605696678161621094 15.577378273010253906 15.566348075866699219 15.560426712036132813 15.560163497924804688 15.601830482482910156 15.667757034301757813 15.717016220092773438 15.7442626953125 15.745541572570800781 15.709010124206542969 15.617846488952636719 15.513963699340820313 15.459783554077148438 15.476308822631835938 15.545373916625976563 15.599181175231933594 15.61537933349609375 15.638208389282226563 15.677606582641601563 15.712995529174804688 15.727562904357910156 15.706186294555664063 15.656790733337402344 15.598558425903320313 15.551517486572265625
15.985842704772949219 16.01110076904296875 16.009843826293945313 15.985064506530761719 15.955293655395507813 15.9257659912109375 15.909331321716308594 15.90351104736328125 15.906351089477539063 15.920008659362792969 15.937048912048339844 15.943363189697265625 15.915982246398925781 15.817018508911132813 15.708876609802246094 15.651341438293457031 15.628754615783691406 15.599635124206542969 15.5636138916015625 15.580626487731933594 15.628273963928222656 15.676944732666015625 15.723561286926269531 15.749734878540039063 15.739809989929199219 15.676945686340332031 15.560460090637207031 15.490386009216308594 15.504429817199707031 15.554497718811035156 15.576122283935546875 15.5959014892578125 15.633138656616210938 15.669939041137695313 15.708001136779785156 15.744047164916992188 15.755464553833007813 15.74205780029296875 15.717271804809570313 15.687321662902832031
16.020969390869140625 16.0360260009765625 16.033414840698242188 16.019346237182617188 15.997243881225585938 15.974628448486328125 15.957320213317871094 15.943578720092773438 15.935377120971679688 15.932664871215820313 15.93947601318359375 15.947796821594238281 15.942651748657226563 15.876447677612304688 15.77471160888671875 15.709202766418457031 15.681727409362792969 15.635178565979003906 15.571674346923828125 15.553747177124023438 15.573451995849609375 15.617918014526367188 15.678865432739257813 15.73213958740234375 15.749184608459472656 15.729169845581054688 15.63634490966796875 15.52809906005859375 15.490716934204101563 15.516865730285644531 15.538668632507324219 15.580561637878417969 15.64560699462890625 15.694118499755859375 15.726601600646972656 15.761874198913574219 15.784646034240722656 15.78118133544921875 15.765399932861328125 15.750454902648925781
