MapLinkProApp/griddata/temperature/ASCII/cmems_mod_glo_phy-thetao_anfc_0,083deg_P1D-m_1702458667101_1452,3.asc
ncols        121
nrows        120
xllcorner    -30.041666666667
yllcorner    40.041666655981
cellsize     0.083333333333
NODATA_value  9.9692099683868690468e+36
[rows 0 to 17 of 120, columns 0 to 39 of 121]
3.3602137565612792969 3.3310260772705078125 3.347751617431640625 3.3850498199462890625 3.4009246826171875 3.4105210304260253906 3.4322159290313720703 3.4522502422332763672 3.4483230113983154297 3.4338672161102294922 3.4157950878143310547 3.4266817569732666016 3.4162247180938720703 3.4070065021514892578 3.4197056293487548828 3.4276537895202636719 3.4328138828277587891 3.4461154937744140625 3.4499888420104980469 3.4590718746185302734 3.4662611484527587891 3.4760031700134277344 3.4663803577423095703 3.4564006328582763672 3.4684391021728515625 3.5082819461822509766 3.4956200122833251953 3.4744176864624023438 3.4667329788208007813 3.4730174541473388672 3.4914746284484863281 3.5034153461456298828 3.5102021694183349609 3.5128676891326904297 3.5183563232421875 3.5198533535003662109 3.5091998577117919922 3.4990398883819580078 3.5026974678039550781 3.5176603794097900391
3.3515708446502685547 3.3017706871032714844 3.3437368869781494141 3.3946220874786376953 3.4081275463104248047 3.405487060546875 3.4551906585693359375 3.4610056877136230469 3.4645950794219970703 3.4562973976135253906 3.4507434368133544922 3.4422800540924072266 3.4191987514495849609 3.4093012809753417969 3.4146754741668701172 3.3986041545867919922 3.3879730701446533203 3.4200866222381591797 3.4433856010437011719 3.4452755451202392578 3.4659862518310546875 3.4964494705200195313 3.5114085674285888672 3.5113992691040039063 3.5126326084136962891 3.5266578197479248047 3.4781155586242675781 3.460254669189453125 3.4756717681884765625 3.4954583644866943359 3.5140478610992431641 3.5307066440582275391 3.5254752635955810547 3.52800750732421875 3.5292174816131591797 3.5275621414184570313 3.5209727287292480469 3.5175502300262451172 3.5254507064819335938 3.5420269966125488281
3.3056051731109619141 3.3199274539947509766 3.3934955596923828125 3.4618277549743652344 3.4531583786010742188 3.4539370536804199219 3.4750218391418457031 3.4806208610534667969 3.4676961898803710938 3.4544346332550048828 3.4512202739715576172 3.4534265995025634766 3.4461407661437988281 3.44342041015625 3.4424321651458740234 3.4367072582244873047 3.4357309341430664063 3.4387524127960205078 3.4392902851104736328 3.4492690563201904297 3.4691760540008544922 3.4912006855010986328 3.5113422870635986328 3.5140423774719238281 3.5323581695556640625 3.5557463169097900391 3.5351171493530273438 3.5128574371337890625 3.5136351585388183594 3.5172841548919677734 3.5249936580657958984 3.536968231201171875 3.5363018512725830078 3.5384716987609863281 3.5344958305358886719 3.5298318862915039063 3.5284790992736816406 3.536426544189453125 3.554351806640625 3.5874960422515869141
3.2954163551330566406 3.3409786224365234375 3.4485254287719726563 3.5150051116943359375 3.4993615150451660156 3.4495639801025390625 3.4233324527740478516 3.4181256294250488281 3.4331488609313964844 3.4552388191223144531 3.4696192741394042969 3.4788565635681152344 3.4851593971252441406 3.4818384647369384766 3.4771704673767089844 3.4773175716400146484 3.4706141948699951172 3.4591553211212158203 3.4650981426239013672 3.4905076026916503906 3.5320849418640136719 3.557399749755859375 3.512470245361328125 3.4813053607940673828 3.4929845333099365234 3.5605740547180175781 3.5923192501068115234 3.57987213134765625 3.536449432373046875 3.5339512825012207031 3.5409872531890869141 3.5443060398101806641 3.5431151390075683594 3.5418951511383056641 3.5365910530090332031 3.5349087715148925781 3.5346882343292236328 3.5490779876708984375 3.5657522678375244141 3.5930571556091308594
3.3429064750671386719 3.4273447990417480469 3.4936077594757080078 3.5478878021240234375 3.5098168849945068359 3.4596157073974609375 3.4316654205322265625 3.4121599197387695313 3.4170279502868652344 3.4723529815673828125 3.5220558643341064453 3.5581603050231933594 3.5568506717681884766 3.5598473548889160156 3.5671024322509765625 3.5685999393463134766 3.5617067813873291016 3.5199003219604492188 3.4924423694610595703 3.5076785087585449219 3.5058448314666748047 3.5164210796356201172 3.4931933879852294922 3.4631407260894775391 3.4930846691131591797 3.5499236583709716797 3.5573804378509521484 3.5310904979705810547 3.5055985450744628906 3.5135259628295898438 3.5218031406402587891 3.5268545150756835938 3.5320818424224853516 3.5396811962127685547 3.5373771190643310547 3.5369641780853271484 3.5252289772033691406 3.5163779258728027344 3.5381078720092773438 3.5777809619903564453
3.4621033668518066406 3.5017952919006347656 3.5026988983154296875 3.5170545578002929688 3.5024371147155761719 3.4498126506805419922 3.4059805870056152344 3.3837456703186035156 3.4070556163787841797 3.4699432849884033203 3.5408360958099365234 3.5855586528778076172 3.5901226997375488281 3.5745759010314941406 3.5797634124755859375 3.5717644691467285156 3.5381174087524414063 3.5234532356262207031 3.4908328056335449219 3.5081951618194580078 3.5099136829376220703 3.5286271572113037109 3.5119392871856689453 3.5054721832275390625 3.4714891910552978516 3.5159184932708740234 3.4841361045837402344 3.4833326339721679688 3.4562022686004638672 3.4646801948547363281 3.4767773151397705078 3.4958803653717041016 3.5187690258026123047 3.5337584018707275391 3.5275812149047851563 3.5135555267333984375 3.4948315620422363281 3.4866573810577392578 3.5158143043518066406 3.5577776432037353516
3.4676508903503417969 3.4238390922546386719 3.4091899394989013672 3.4559431076049804688 3.4781496524810791016 3.44626617431640625 3.4057059288024902344 3.3601753711700439453 3.3685812950134277344 3.4160630702972412109 3.484142303466796875 3.5601065158843994141 3.6049683094024658203 3.5797247886657714844 3.522693634033203125 3.4821321964263916016 3.4647800922393798828 3.4669270515441894531 3.4581077098846435547 3.456203460693359375 3.453525543212890625 3.4554526805877685547 3.4464945793151855469 3.4511270523071289063 3.4604847431182861328 3.4801990985870361328 3.4633502960205078125 3.464870452880859375 3.4503648281097412109 3.4643080234527587891 3.4651994705200195313 3.4780657291412353516 3.4988591670989990234 3.5140788555145263672 3.5145604610443115234 3.4963316917419433594 3.4877371788024902344 3.5053565502166748047 3.5463185310363769531 3.5841801166534423828
3.3861792087554931641 3.3650255203247070313 3.3783411979675292969 3.4114739894866943359 3.4454472064971923828 3.4426259994506835938 3.4427409172058105469 3.4055583477020263672 3.3812608718872070313 3.3791263103485107422 3.4134929180145263672 3.4990875720977783203 3.5869743824005126953 3.600345611572265625 3.5395324230194091797 3.4763691425323486328 3.4499902725219726563 3.4437024593353271484 3.4432566165924072266 3.4324576854705810547 3.4324693679809570313 3.4404370784759521484 3.4363651275634765625 3.4296517372131347656 3.4227302074432373047 3.4272670745849609375 3.434112548828125 3.4438936710357666016 3.4471597671508789063 3.4674096107482910156 3.4746341705322265625 3.4777944087982177734 3.4863770008087158203 3.4947159290313720703 3.4998328685760498047 3.4845433235168457031 3.4750635623931884766 3.4991626739501953125 3.5591998100280761719 3.6095430850982666016
3.4657075405120849609 3.4497175216674804688 3.4191310405731201172 3.3848292827606201172 3.4029352664947509766 3.4282667636871337891 3.4357569217681884766 3.4236962795257568359 3.3924226760864257813 3.3830575942993164063 3.3884453773498535156 3.4444327354431152344 3.5367310047149658203 3.5930879116058349609 3.5817863941192626953 3.5197842121124267578 3.4457252025604248047 3.4144771099090576172 3.4255199432373046875 3.4392251968383789063 3.4390351772308349609 3.4290392398834228516 3.4402849674224853516 3.4309544563293457031 3.438220977783203125 3.4214997291564941406 3.4076120853424072266 3.4089167118072509766 3.4150171279907226563 3.4337494373321533203 3.4538941383361816406 3.4663519859313964844 3.4650006294250488281 3.4708220958709716797 3.4762947559356689453 3.4628214836120605469 3.4603712558746337891 3.4924802780151367188 3.5559761524200439453 3.6131162643432617188
3.6564946174621582031 3.5961382389068603516 3.5199646949768066406 3.4400563240051269531 3.3996665477752685547 3.4076428413391113281 3.4034423828125 3.4013535976409912109 3.3833148479461669922 3.3578372001647949219 3.3564996719360351563 3.3999955654144287109 3.4779057502746582031 3.5541265010833740234 3.5876924991607666016 3.5482883453369140625 3.4623248577117919922 3.4134733676910400391 3.4151809215545654297 3.4325625896453857422 3.4421281814575195313 3.4499099254608154297 3.4555807113647460938 3.4569065570831298828 3.4604279994964599609 3.4525320529937744141 3.4318797588348388672 3.4229478836059570313 3.4456131458282470703 3.4344823360443115234 3.435962677001953125 3.4428911209106445313 3.4489760398864746094 3.4448933601379394531 3.4445431232452392578 3.4455678462982177734 3.4630987644195556641 3.5009963512420654297 3.5564465522766113281 3.6048581600189208984
3.7186839580535888672 3.6587278842926025391 3.5809667110443115234 3.5364499092102050781 3.4451975822448730469 3.4088041782379150391 3.4044845104217529297 3.4157948493957519531 3.4100372791290283203 3.3689975738525390625 3.3389322757720947266 3.3742387294769287109 3.4575018882751464844 3.5324721336364746094 3.5785260200500488281 3.5848340988159179688 3.5266315937042236328 3.4456660747528076172 3.4166295528411865234 3.4201056957244873047 3.4218282699584960938 3.4354169368743896484 3.4293856620788574219 3.4441580772399902344 3.4530162811279296875 3.4598321914672851563 3.4667260646820068359 3.4478325843811035156 3.4446568489074707031 3.4438641071319580078 3.4365789890289306641 3.4512383937835693359 3.4458825588226318359 3.4386548995971679688 3.4333930015563964844 3.4360177516937255859 3.4490606784820556641 3.4841868877410888672 3.5362722873687744141 3.5956156253814697266
3.6068961620330810547 3.5703628063201904297 3.5335993766784667969 3.5552399158477783203 3.5085544586181640625 3.4444010257720947266 3.4288744926452636719 3.4273695945739746094 3.4194264411926269531 3.3812432289123535156 3.3454647064208984375 3.3601300716400146484 3.4374320507049560547 3.5288503170013427734 3.5926527976989746094 3.6105999946594238281 3.5727269649505615234 3.5213093757629394531 3.4556179046630859375 3.4364087581634521484 3.4252336025238037109 3.4145433902740478516 3.3957018852233886719 3.4302210807800292969 3.4455132484436035156 3.458583831787109375 3.4284787178039550781 3.4438850879669189453 3.4613833427429199219 3.4763534069061279297 3.458454132080078125 3.4486806392669677734 3.4458920955657958984 3.432750701904296875 3.4277544021606445313 3.4212698936462402344 3.4198980331420898438 3.4256308078765869141 3.4499263763427734375 3.4885425567626953125
3.6559631824493408203 3.5627827644348144531 3.5081179141998291016 3.4921529293060302734 3.4587860107421875 3.4391005039215087891 3.4173846244812011719 3.4153306484222412109 3.4168276786804199219 3.3973515033721923828 3.3648509979248046875 3.3775491714477539063 3.4506740570068359375 3.5315229892730712891 3.5733959674835205078 3.57331085205078125 3.5482151508331298828 3.5060703754425048828 3.4436943531036376953 3.3963253498077392578 3.3913445472717285156 3.3965992927551269531 3.4035820960998535156 3.4591019153594970703 3.5190541744232177734 3.4946258068084716797 3.4612095355987548828 3.4367291927337646484 3.4274694919586181641 3.4587130546569824219 3.4668917655944824219 3.4440736770629882813 3.4353845119476318359 3.4241812229156494141 3.4211890697479248047 3.41829681396484375 3.4132783412933349609 3.4085223674774169922 3.4059593677520751953 3.4129250049591064453
3.76946258544921875 3.6686360836029052734 3.5877187252044677734 3.5435571670532226563 3.4739141464233398438 3.4308855533599853516 3.4354064464569091797 3.4559965133666992188 3.4426190853118896484 3.4109604358673095703 3.4049806594848632813 3.4579765796661376953 3.5344433784484863281 3.5633985996246337891 3.5440082550048828125 3.5234167575836181641 3.4954934120178222656 3.4487514495849609375 3.4192569255828857422 3.4043295383453369141 3.4181048870086669922 3.4178404808044433594 3.4345481395721435547 3.4577057361602783203 3.4956030845642089844 3.5293474197387695313 3.5337862968444824219 3.4861705303192138672 3.4332726001739501953 3.4273767471313476563 3.4395911693572998047 3.4606828689575195313 3.4381682872772216797 3.4219081401824951172 3.4120504856109619141 3.4096622467041015625 3.4069447517395019531 3.4017767906188964844 3.3965327739715576172 3.3937277793884277344
3.8942127227783203125 3.7970287799835205078 3.6954109668731689453 3.6184353828430175781 3.5595216751098632813 3.5614895820617675781 3.5785357952117919922 3.5752742290496826172 3.5417094230651855469 3.5338320732116699219 3.5676801204681396484 3.6034750938415527344 3.6050455570220947266 3.5725569725036621094 3.5240240097045898438 3.4804909229278564453 3.4635522365570068359 3.4618051052093505859 3.4646253585815429688 3.4603261947631835938 3.4241013526916503906 3.4312140941619873047 3.4565970897674560547 3.4453840255737304688 3.4618616104125976563 3.4800381660461425781 3.5132303237915039063 3.4603734016418457031 3.4089982509613037109 3.3822495937347412109 3.4009897708892822266 3.3994638919830322266 3.4115483760833740234 3.4056229591369628906 3.4024767875671386719 3.397869110107421875 3.39453125 3.3918032646179199219 3.3914339542388916016 3.3915426731109619141
3.9357960224151611328 3.8763267993927001953 3.7700967788696289063 3.6753504276275634766 3.6137027740478515625 3.6165595054626464844 3.6052653789520263672 3.6032888889312744141 3.6049535274505615234 3.6159222126007080078 3.6433207988739013672 3.6371533870697021484 3.6212227344512939453 3.604763031005859375 3.5392167568206787109 3.4718472957611083984 3.4509768486022949219 3.4890780448913574219 3.5359830856323242188 3.5159859657287597656 3.4478247165679931641 3.4213502407073974609 9.9692099683868690468e+36 3.4534974098205566406 3.4590392112731933594 3.4687545299530029297 3.4616389274597167969 3.4143509864807128906 3.3876726627349853516 3.3961231708526611328 3.4054279327392578125 3.4089031219482421875 3.4007878303527832031 3.3949947357177734375 3.3989357948303222656 3.3977344036102294922 3.4001188278198242188 3.4014768600463867188 3.4036917686462402344 3.4100732803344726563
3.9623613357543945313 3.9162929058074951172 3.8118851184844970703 3.7248551845550537109 3.6472899913787841797 3.5929815769195556641 3.5982942581176757813 3.6226284503936767578 3.6192655563354492188 3.6221163272857666016 3.6551334857940673828 3.6845600605010986328 3.6776499748229980469 3.6433837413787841797 3.5910320281982421875 3.5219330787658691406 3.4845917224884033203 3.5249736309051513672 3.6387085914611816406 3.6236319541931152344 3.4885540008544921875 3.4358005523681640625 3.4367442131042480469 3.4497454166412353516 3.4322359561920166016 3.4135737419128417969 3.3888049125671386719 3.386028289794921875 3.3926031589508056641 3.4211347103118896484 3.4266576766967773438 3.4161367416381835938 3.4126417636871337891 3.4094541072845458984 3.4054996967315673828 3.4143688678741455078 3.4292902946472167969 3.4411225318908691406 3.4602031707763671875 3.4624273777008056641
3.9740445613861083984 3.9234836101531982422 3.8329620361328125 3.7434980869293212891 3.6796004772186279297 3.6203534603118896484 3.6071224212646484375 3.6437363624572753906 3.6440789699554443359 3.6578395366668701172 3.7011761665344238281 3.7353148460388183594 3.7350478172302246094 3.6921980381011962891 3.6348414421081542969 3.58406829833984375 3.5376131534576416016 3.5790200233459472656 3.7375020980834960938 3.7291774749755859375 3.63348388671875 3.5829651355743408203 3.5481817722320556641 3.5051107406616210938 3.464809417724609375 3.4031805992126464844 3.3846726417541503906 3.3499479293823242188 3.3831686973571777344 3.3900961875915527344 3.3848471641540527344 3.3696446418762207031 3.3731114864349365234 3.3778221607208251953 3.3734683990478515625 3.3904333114624023438 3.4161813259124755859 3.4368419647216796875 3.4652338027954101563 3.4820041656494140625
