MapLinkProApp/griddata/temperature/ASCII/cmems_mod_glo_phy-thetao_anfc_0,083deg_P1D-m_1702458667101_2865,7.asc
ncols        121
nrows        120
xllcorner    -30.041666666667
yllcorner    40.041666655981
cellsize     0.083333333333
NODATA_value  9.9692099683868690468e+36
[rows 85 to 101 of 120, columns 78 to 116 of 121]
2.6439993381500244141 2.6878974437713623047 2.7258596420288085938 2.7484271526336669922 2.8034060001373291016 2.8362598419189453125 2.8708181381225585938 2.9069921970367431641 2.9385766983032226563 2.9032237529754638672 2.8843541145324707031 2.957672119140625 2.9587144851684570313 2.9362018108367919922 2.9113297462463378906 2.8448901176452636719 2.7550444602966308594 2.7235825061798095703 2.7260081768035888672 2.7177317142486572266 2.7524638175964355469 2.7707564830780029297 9.9692099683868690468e+36 9.9692099683868690468e+36 9.9692099683868690468e+36 2.8990397453308105469 2.8045499324798583984 2.8123459815979003906 2.8510344028472900391 2.8584582805633544922 2.8532800674438476563 2.8747625350952148438 2.8499913215637207031 2.8274946212768554688 2.8185739517211914063 2.8136892318725585938 2.821140289306640625 2.8354635238647460938 2.8505241870880126953
2.6507620811462402344 2.7036304473876953125 2.7600939273834228516 2.7994303703308105469 2.8439059257507324219 2.8860750198364257813 2.9446680545806884766 2.9899134635925292969 3.0010044574737548828 2.9872455596923828125 2.9618666172027587891 2.9862580299377441406 2.9890396595001220703 2.9386789798736572266 2.9030461311340332031 2.8540625572204589844 2.8229405879974365234 2.8105380535125732422 2.8221356868743896484 2.8044130802154541016 2.7947707176208496094 2.8148834705352783203 2.8484520912170410156 9.9692099683868690468e+36 9.9692099683868690468e+36 9.9692099683868690468e+36 2.8665235042572021484 2.7565031051635742188 2.7910459041595458984 2.8741843700408935547 2.8237123489379882813 2.8447294235229492188 2.8183410167694091797 2.8153898715972900391 2.8138127326965332031 2.8148891925811767578 2.8378109931945800781 2.8567025661468505859 2.8795218467712402344
2.673618316650390625 2.7176406383514404297 2.7800080776214599609 2.8081595897674560547 2.7961981296539306641 2.8118503093719482422 2.8985259532928466797 2.9805378913879394531 3.0317783355712890625 3.0437085628509521484 3.0365724563598632813 3.0252776145935058594 3.0385487079620361328 3.0208833217620849609 2.9637119770050048828 2.89942169189453125 2.8563158512115478516 2.8716080188751220703 2.8799948692321777344 2.8755519390106201172 2.8647480010986328125 2.8644208908081054688 2.8842828273773193359 2.9320671558380126953 9.9692099683868690468e+36 9.9692099683868690468e+36 9.9692099683868690468e+36 9.9692099683868690468e+36 9.9692099683868690468e+36 9.9692099683868690468e+36 2.7970449924468994141 2.783298492431640625 2.7686905860900878906 2.7969555854797363281 2.7909419536590576172 2.8049457073211669922 2.8346958160400390625 2.8558187484741210938 2.8826007843017578125
2.6835300922393798828 2.7037341594696044922 2.7630734443664550781 2.7782869338989257813 2.7270293235778808594 2.6740841865539550781 2.7236521244049072266 2.8226170539855957031 2.9264724254608154297 3.014850616455078125 3.0444290637969970703 3.0302727222442626953 3.0191674232482910156 2.9921617507934570313 2.9557650089263916016 2.9233427047729492188 2.9043979644775390625 2.9203343391418457031 2.9197728633880615234 2.9233496189117431641 2.9183163642883300781 2.8990185260772705078 2.9081435203552246094 2.8553707599639892578 2.7581615447998046875 2.7373719215393066406 9.9692099683868690468e+36 9.9692099683868690468e+36 9.9692099683868690468e+36 9.9692099683868690468e+36 2.7259736061096191406 2.6983876228332519531 2.7330992221832275391 2.7341761589050292969 2.7368459701538085938 2.7510869503021240234 2.7870390415191650391 2.8192789554595947266 2.8480248451232910156
2.6859064102172851563 2.713382720947265625 2.7423005104064941406 2.7419962882995605469 2.6861600875854492188 2.6371140480041503906 2.661098480224609375 2.7133345603942871094 2.7638981342315673828 2.8378183841705322266 2.9172513484954833984 2.9497189521789550781 2.9521288871765136719 2.9387521743774414063 2.9185717105865478516 2.9011826515197753906 2.9229371547698974609 2.9516746997833251953 2.9546048641204833984 2.9510428905487060547 2.9527525901794433594 2.9187955856323242188 2.8440561294555664063 2.7700288295745849609 2.7220582962036132813 2.7001330852508544922 9.9692099683868690468e+36 9.9692099683868690468e+36 9.9692099683868690468e+36 2.6701776981353759766 2.656558990478515625 2.6633138656616210938 2.7001798152923583984 2.6938791275024414063 2.7031316757202148438 2.6950209140777587891 2.712512969970703125 2.7494778633117675781 2.7847580909729003906
2.6487455368041992188 2.6823897361755371094 2.6917736530303955078 2.6734166145324707031 2.6543817520141601563 2.6654613018035888672 2.7150425910949707031 2.7691502571105957031 2.7863373756408691406 2.7812528610229492188 2.8118257522583007813 2.8837931156158447266 2.9373319149017333984 2.9610536098480224609 2.9803409576416015625 2.9788544178009033203 3.0019922256469726563 3.0120103359222412109 2.9871501922607421875 2.9425783157348632813 2.885456085205078125 2.8178346157073974609 2.7478024959564208984 2.704498291015625 2.6904637813568115234 2.6857008934020996094 2.6837065219879150391 2.6775281429290771484 2.6396570205688476563 2.6339855194091796875 2.6187915802001953125 2.6514096260070800781 2.6507074832916259766 2.6690988540649414063 2.6700067520141601563 2.6581928730010986328 2.6555163860321044922 2.6848087310791015625 2.7375440597534179688
2.6271998882293701172 2.6584484577178955078 2.6816098690032958984 2.6793763637542724609 2.6842861175537109375 2.7162990570068359375 2.7452580928802490234 2.7397744655609130859 2.7337210178375244141 2.7508306503295898438 2.8032534122467041016 2.8737359046936035156 2.9174633026123046875 2.9456527233123779297 2.9637441635131835938 2.9647192955017089844 2.9521172046661376953 2.9236924648284912109 2.8643174171447753906 2.8001973628997802734 2.7426700592041015625 2.6972577571868896484 2.6685283184051513672 2.6493685245513916016 2.6445982456207275391 2.6375052928924560547 2.6201062202453613281 2.6004912853240966797 2.5807812213897705078 2.5848882198333740234 2.5787143707275390625 2.5974109172821044922 2.6123731136322021484 2.6499261856079101563 2.6615335941314697266 2.6606171131134033203 2.6562452316284179688 2.6713702678680419922 2.7047011852264404297
2.6684517860412597656 2.6841020584106445313 2.7021794319152832031 2.7179634571075439453 2.7331748008728027344 2.7525651454925537109 2.7469136714935302734 2.7015795707702636719 2.6823782920837402344 2.7087223529815673828 2.7675902843475341797 2.8092846870422363281 2.8264856338500976563 2.8422913551330566406 2.8321688175201416016 2.8174479007720947266 2.7902779579162597656 2.7621304988861083984 2.7206284999847412109 2.6922483444213867188 2.6730139255523681641 2.6460418701171875 2.6297616958618164063 2.6134245395660400391 2.6059172153472900391 2.5918948650360107422 2.5790371894836425781 2.5590281486511230469 2.5409882068634033203 2.5300335884094238281 2.5280935764312744141 2.5435757637023925781 2.5697846412658691406 2.6207647323608398438 2.6643054485321044922 2.6834695339202880859 2.7027902603149414063 2.7119140625 2.7126517295837402344
2.7358653545379638672 2.7424333095550537109 2.7411420345306396484 2.7407033443450927734 2.7312564849853515625 2.7228870391845703125 2.6984345912933349609 2.6457269191741943359 2.6274013519287109375 2.6632826328277587891 2.6950159072875976563 2.7170660495758056641 2.7318389415740966797 2.7284412384033203125 2.7051451206207275391 2.6909322738647460938 2.6713755130767822266 2.6510362625122070313 2.6317493915557861328 2.6185781955718994141 2.598232269287109375 2.5761454105377197266 2.5627193450927734375 2.5594148635864257813 2.5601215362548828125 2.5630707740783691406 2.5648961067199707031 2.5639216899871826172 2.5565390586853027344 2.5240244865417480469 2.5087130069732666016 2.5271630287170410156 2.5632517337799072266 2.6080451011657714844 2.64662933349609375 2.6814875602722167969 2.7122588157653808594 2.7316906452178955078 2.7574915885925292969
2.7581958770751953125 2.7455873489379882813 2.7264361381530761719 2.7210972309112548828 2.7013509273529052734 2.6745800971984863281 2.6299183368682861328 2.5808968544006347656 2.5968608856201171875 2.6363532543182373047 2.6439139842987060547 2.6459712982177734375 2.6520977020263671875 2.6415154933929443359 2.6157901287078857422 2.6075208187103271484 2.5963482856750488281 2.5868089199066162109 2.5688426494598388672 2.5509212017059326172 2.5407512187957763672 2.5351936817169189453 2.5460469722747802734 2.5582363605499267578 2.5737280845642089844 2.5897319316864013672 2.6021258831024169922 2.6127877235412597656 2.6067376136779785156 2.6053071022033691406 2.5847308635711669922 2.5745503902435302734 2.6012136936187744141 2.6444907188415527344 2.6737837791442871094 2.6868922710418701172 2.7078077793121337891 2.7424035072326660156 2.7622120380401611328
2.7307312488555908203 2.7174847126007080078 2.6930677890777587891 2.6771054267883300781 2.6490187644958496094 2.6214752197265625 2.6035010814666748047 2.5875465869903564453 2.5891523361206054688 2.6037626266479492188 2.6127638816833496094 2.6143746376037597656 2.6025555133819580078 2.5941514968872070313 2.5874452590942382813 2.5761055946350097656 2.5681796073913574219 2.5530285835266113281 2.5325458049774169922 2.52840423583984375 2.5231108665466308594 2.5322871208190917969 2.5465385913848876953 2.5637300014495849609 2.5808575153350830078 2.5990688800811767578 2.6175177097320556641 2.6412286758422851563 2.6590747833251953125 2.6795368194580078125 2.6875424385070800781 2.6439728736877441406 2.6421842575073242188 2.6647832393646240234 2.6866118907928466797 2.6987564563751220703 2.7102565765380859375 2.7313585281372070313 2.7344019412994384766
2.6847383975982666016 2.6779272556304931641 2.644138336181640625 2.6156980991363525391 2.6276986598968505859 2.6584341526031494141 2.6780447959899902344 2.6734418869018554688 2.6566691398620605469 2.6495356559753417969 2.6489970684051513672 2.6491515636444091797 2.6308414936065673828 2.6138467788696289063 2.6018528938293457031 2.5886628627777099609 2.5720720291137695313 2.5546388626098632813 2.5255830287933349609 2.5173990726470947266 2.5246181488037109375 2.5407464504241943359 2.5518093109130859375 2.5628468990325927734 2.5691940784454345703 2.5822911262512207031 2.6200079917907714844 2.6673941612243652344 2.7010133266448974609 2.7126500606536865234 2.7286801338195800781 2.6793115139007568359 2.6638951301574707031 2.6727201938629150391 2.6826753616333007813 2.6918694972991943359 2.6987719535827636719 2.6972379684448242188 2.6912355422973632813
2.6383669376373291016 2.6278548240661621094 2.6010365486145019531 2.5982127189636230469 2.6428081989288330078 2.6866092681884765625 2.6928112506866455078 2.6841747760772705078 2.6912376880645751953 2.6888751983642578125 2.6897718906402587891 2.7136054039001464844 2.7267389297485351563 2.7286744117736816406 2.7226705551147460938 2.7052793502807617188 2.6688604354858398438 2.6283006668090820313 2.58367919921875 2.5528690814971923828 2.5501501560211181641 2.5547649860382080078 2.5670239925384521484 2.5805115699768066406 2.5832529067993164063 2.5876030921936035156 2.6347069740295410156 2.6957638263702392578 2.7287011146545410156 2.7595968246459960938 2.77275848388671875 2.7343616485595703125 2.6921038627624511719 2.68555450439453125 2.6822316646575927734 2.6752910614013671875 2.6701154708862304688 2.6495802402496337891 2.6403234004974365234
2.6036920547485351563 2.6131939888000488281 2.6069612503051757813 2.6208844184875488281 2.6515765190124511719 2.6595277786254882813 2.6407182216644287109 2.6535770893096923828 2.6888401508331298828 2.6930727958679199219 2.7042410373687744141 2.7490701675415039063 2.7903134822845458984 2.8254098892211914063 2.8493235111236572266 2.8473968505859375 2.8172383308410644531 2.7644858360290527344 2.7031507492065429688 2.6480138301849365234 2.6215536594390869141 2.6127209663391113281 2.6189131736755371094 2.6302580833435058594 2.6285717487335205078 2.6281390190124511719 2.6727571487426757813 2.7059123516082763672 2.7256381511688232422 2.7490866184234619141 2.7785916328430175781 2.7645704746246337891 2.7177684307098388672 2.6743741035461425781 2.6540865898132324219 2.6394324302673339844 2.6422467231750488281 2.6376752853393554688 2.6342620849609375
2.6155660152435302734 2.6412439346313476563 2.6442742347717285156 2.6521661281585693359 2.6609904766082763672 2.6466085910797119141 2.6385798454284667969 2.6659882068634033203 2.714992523193359375 2.7225997447967529297 2.7406513690948486328 2.7951920032501220703 2.8465549945831298828 2.8994238376617431641 2.9257459640502929688 2.9274537563323974609 2.9074556827545166016 2.8594036102294921875 2.8028273582458496094 2.7451775074005126953 2.7018883228302001953 2.6764543056488037109 2.6630907058715820313 2.6616768836975097656 2.6527304649353027344 2.6559484004974365234 2.6999521255493164063 2.7127852439880371094 2.7137000560760498047 2.7409105300903320313 2.7716817855834960938 2.7488079071044921875 2.6753339767456054688 2.6393783092498779297 2.6240434646606445313 2.6294591426849365234 2.6407058238983154297 2.6371195316314697266 2.6479945182800292969
2.6302919387817382813 2.6650469303131103516 2.6841175556182861328 2.6814656257629394531 2.6653854846954345703 2.6608819961547851563 2.6807384490966796875 2.7188630104064941406 2.7574872970581054688 2.7652087211608886719 2.799381256103515625 2.8665769100189208984 2.9288344383239746094 2.9759094715118408203 2.9965832233428955078 2.9974415302276611328 2.9771971702575683594 2.9380862712860107422 2.8870105743408203125 2.8327426910400390625 2.7792503833770751953 2.7370574474334716797 2.7134594917297363281 2.6914191246032714844 2.6726522445678710938 2.6934113502502441406 2.7312817573547363281 2.7257277965545654297 2.7389960289001464844 2.7359960079193115234 2.754146575927734375 2.7265577316284179688 2.6519224643707275391 2.6223344802856445313 2.636692047119140625 2.6524183750152587891 2.6560699939727783203 2.6576213836669921875 2.6720862388610839844
2.6891794204711914063 2.7001011371612548828 2.7038211822509765625 2.7124979496002197266 2.7019677162170410156 2.6886970996856689453 2.7031903266906738281 2.7420759201049804688 2.7989902496337890625 2.828464508056640625 2.8659799098968505859 2.9284541606903076172 2.9937214851379394531 3.034999847412109375 3.0538883209228515625 3.0458459854125976563 3.0239436626434326172 2.9998636245727539063 2.9498920440673828125 2.8837282657623291016 2.8181858062744140625 2.7743155956268310547 2.7306120395660400391 2.7022600173950195313 2.7039172649383544922 2.7194170951843261719 2.7124986648559570313 2.7082653045654296875 9.9692099683868690468e+36 9.9692099683868690468e+36 2.7228603363037109375 2.7267193794250488281 2.6657445430755615234 2.6200175285339355469 2.6239893436431884766 2.6557910442352294922 2.6799738407135009766 2.6808862686157226563 2.6744370460510253906
