MapLinkProApp/griddata/temperature/ASCII/cmems_mod_glo_phy-thetao_anfc_0,083deg_P1D-m_1702458667101_47,4.asc
ncols        121
nrows        120
xllcorner    -30.041666666667
yllcorner    40.041666655981
cellsize     0.083333333333
NODATA_value  9.9692099683868690468e+36
[rows 54 to 71 of 120, columns 80 to 119 of 121]
15.890755653381347656 15.895902633666992188 15.9123687744140625 15.923276901245117188 15.92241668701171875 15.9055023193359375 15.871187210083007813 15.830477714538574219 15.787568092346191406 15.747282028198242188 15.729822158813476563 15.721058845520019531 15.722395896911621094 15.717150688171386719 15.669126510620117188 15.62845611572265625 15.575171470642089844 15.477362632751464844 15.389284133911132813 15.35198974609375 15.361271858215332031 15.395256996154785156 15.422715187072753906 15.444701194763183594 15.480210304260253906 15.527399063110351563 15.539746284484863281 15.425068855285644531 15.113072395324707031 14.718593597412109375 14.368607521057128906 14.180315017700195313 14.138672828674316406 14.168371200561523438 14.132823944091796875 14.113871574401855469 14.400719642639160156 14.836870193481445313 15.1550445556640625 15.325855255126953125
15.973935127258300781 15.960412025451660156 15.949263572692871094 15.928938865661621094 15.900190353393554688 15.863131523132324219 15.818807601928710938 15.775940895080566406 15.733450889587402344 15.70543670654296875 15.693964958190917969 15.685740470886230469 15.691991806030273438 15.676548957824707031 15.638418197631835938 15.615969657897949219 15.549905776977539063 15.452792167663574219 15.363928794860839844 15.294598579406738281 15.279412269592285156 15.323595046997070313 15.386052131652832031 15.440735816955566406 15.480167388916015625 15.494521141052246094 15.461312294006347656 15.32128143310546875 15.043005943298339844 14.711895942687988281 14.432904243469238281 14.27446746826171875 14.213305473327636719 14.183162689208984375 14.208475112915039063 14.474338531494140625 14.899213790893554688 15.232846260070800781 15.409648895263671875 15.470242500305175781
15.932178497314453125 15.925044059753417969 15.916192054748535156 15.896450996398925781 15.863335609436035156 15.819870948791503906 15.770969390869140625 15.728140830993652344 15.693703651428222656 15.677125930786132813 15.666844367980957031 15.662795066833496094 15.671957015991210938 15.650263786315917969 15.632872581481933594 15.631306648254394531 15.578074455261230469 15.513812065124511719 15.442673683166503906 15.321864128112792969 15.196078300476074219 15.122249603271484375 15.093874931335449219 15.085274696350097656 15.072635650634765625 15.033853530883789063 14.953302383422851563 14.821539878845214844 14.650200843811035156 14.479987144470214844 14.361002922058105469 14.325793266296386719 14.392896652221679688 14.583139419555664063 14.897017478942871094 15.230937004089355469 15.450481414794921875 15.508480072021484375 15.440838813781738281 15.342289924621582031
15.910670280456542969 15.916686058044433594 15.899930000305175781 15.852655410766601563 15.785739898681640625 15.72258758544921875 15.675146102905273438 15.644698143005371094 15.62528228759765625 15.619111061096191406 15.622682571411132813 15.636688232421875 15.645414352416992188 15.627184867858886719 15.642988204956054688 15.675541877746582031 15.656497955322265625 15.643340110778808594 15.641535758972167969 15.583673477172851563 15.463550567626953125 15.321385383605957031 15.1892852783203125 15.082777976989746094 14.996499061584472656 14.915676116943359375 14.832523345947265625 14.751057624816894531 14.686007499694824219 14.66555023193359375 14.721548080444335938 14.869797706604003906 15.099968910217285156 15.359370231628417969 15.54566192626953125 15.57547760009765625 15.459776878356933594 15.293866157531738281 15.197670936584472656 15.182172775268554688
15.920257568359375 15.897423744201660156 15.819106101989746094 15.723560333251953125 15.648558616638183594 15.626944541931152344 15.645517349243164063 15.676616668701171875 15.672295570373535156 15.630223274230957031 15.593267440795898438 15.582657814025878906 15.586778640747070313 15.605579376220703125 15.676664352416992188 15.749164581298828125 15.768804550170898438 15.779912948608398438 15.804718017578125 15.806082725524902344 15.769643783569335938 15.709498405456542969 15.635377883911132813 15.560588836669921875 15.49695587158203125 15.44260406494140625 15.396866798400878906 15.363368988037109375 15.346822738647460938 15.355338096618652344 15.398163795471191406 15.459730148315429688 15.503560066223144531 15.498250007629394531 15.431166648864746094 15.319171905517578125 15.220473289489746094 15.188744544982910156 15.204870223999023438 15.226058006286621094
15.892436027526855469 15.812746047973632813 15.717947959899902344 15.648856163024902344 15.633051872253417969 15.675481796264648438 15.759148597717285156 15.820529937744140625 15.832912445068359375 15.804042816162109375 15.708575248718261719 15.61540985107421875 15.576040267944335938 15.604628562927246094 15.715119361877441406 15.819376945495605469 15.8692779541015625 15.895557403564453125 15.911442756652832031 15.894134521484375 15.824772834777832031 15.71732330322265625 15.609295845031738281 15.525181770324707031 15.461824417114257813 15.41253662109375 15.378605842590332031 15.357071876525878906 15.340214729309082031 15.322927474975585938 15.303098678588867188 15.2769317626953125 15.247975349426269531 15.214053153991699219 15.173542976379394531 15.156185150146484375 15.182344436645507813 15.231838226318359375 15.259935379028320313 15.284961700439453125
15.799608230590820313 15.73558807373046875 15.685437202453613281 15.658242225646972656 15.656070709228515625 15.698190689086914063 15.787981986999511719 15.816641807556152344 15.802565574645996094 15.7978515625 15.738333702087402344 15.6242828369140625 15.564792633056640625 15.6334381103515625 15.787303924560546875 15.909754753112792969 15.964630126953125 15.969288825988769531 15.928235054016113281 15.827800750732421875 15.683739662170410156 15.538622856140136719 15.422446250915527344 15.340396881103515625 15.285696029663085938 15.250338554382324219 15.228322982788085938 15.212467193603515625 15.196148872375488281 15.178470611572265625 15.160313606262207031 15.144940376281738281 15.132205009460449219 15.121158599853515625 15.116802215576171875 15.137873649597167969 15.200041770935058594 15.26654815673828125 15.30762481689453125 15.33292388916015625
15.77478790283203125 15.741902351379394531 15.707232475280761719 15.696303367614746094 15.730258941650390625 15.805112838745117188 15.84633636474609375 15.759158134460449219 15.659528732299804688 15.640229225158691406 15.610851287841796875 15.591975212097167969 15.666891098022460938 15.816905021667480469 15.948732376098632813 16.011964797973632813 15.996685981750488281 15.915247917175292969 15.788651466369628906 15.639072418212890625 15.500363349914550781 15.394353866577148438 15.319439888000488281 15.271697998046875 15.242409706115722656 15.222777366638183594 15.209150314331054688 15.198055267333984375 15.185232162475585938 15.167414665222167969 15.147205352783203125 15.130845069885253906 15.122443199157714844 15.122219085693359375 15.129420280456542969 15.152423858642578125 15.20197296142578125 15.25493621826171875 15.292520523071289063 15.308485031127929688
15.781492233276367188 15.744365692138671875 15.733991622924804688 15.77974700927734375 15.840488433837890625 15.884280204772949219 15.858114242553710938 15.731251716613769531 15.640013694763183594 15.648505210876464844 15.682370185852050781 15.759461402893066406 15.878464698791503906 15.979351997375488281 16.01987457275390625 15.990752220153808594 15.891475677490234375 15.762061119079589844 15.627626419067382813 15.509802818298339844 15.420542716979980469 15.35976409912109375 15.316891670227050781 15.286395072937011719 15.264865875244140625 15.248559951782226563 15.233723640441894531 15.215933799743652344 15.200852394104003906 15.187849044799804688 15.167621612548828125 15.149618148803710938 15.143283843994140625 15.144843101501464844 15.146250724792480469 15.151312828063964844 15.170498847961425781 15.194759368896484375 15.220746040344238281 15.237874031066894531
15.77948760986328125 15.78008270263671875 15.822629928588867188 15.884612083435058594 15.912152290344238281 15.919111251831054688 15.8887176513671875 15.791235923767089844 15.734708786010742188 15.806062698364257813 15.87400054931640625 15.925314903259277344 15.97280120849609375 15.979949951171875 15.928346633911132813 15.824205398559570313 15.708036422729492188 15.600546836853027344 15.505994796752929688 15.434662818908691406 15.385723114013671875 15.352957725524902344 15.329508781433105469 15.312294960021972656 15.299975395202636719 15.281619071960449219 15.262171745300292969 15.249096870422363281 15.2391204833984375 15.224923133850097656 15.200669288635253906 15.176301002502441406 15.166727066040039063 15.171572685241699219 15.178995132446289063 15.181575775146484375 15.181821823120117188 15.182110786437988281 15.186976432800292969 15.197832107543945313
15.803235054016113281 15.831757545471191406 15.8701171875 15.910143852233886719 15.923787117004394531 15.932880401611328125 15.931028366088867188 15.878281593322753906 15.823760986328125 15.898223876953125 15.968488693237304688 15.972444534301757813 15.939499855041503906 15.853565216064453125 15.710606575012207031 15.579289436340332031 15.495524406433105469 15.442250251770019531 15.419997215270996094 15.414651870727539063 15.417284965515136719 15.41854095458984375 15.4213714599609375 15.42160797119140625 15.417361259460449219 15.403040885925292969 15.375176429748535156 15.342309951782226563 15.315108299255371094 15.287755012512207031 15.253564834594726563 15.225063323974609375 15.21566009521484375 15.223367691040039063 15.237874031066894531 15.2510223388671875 15.25658416748046875 15.247362136840820313 15.231603622436523438 15.217730522155761719
15.821408271789550781 15.839568138122558594 15.873082160949707031 15.907868385314941406 15.916088104248046875 15.926224708557128906 15.940924644470214844 15.9227294921875 15.870645523071289063 15.915098190307617188 15.983700752258300781 15.967924118041992188 15.885470390319824219 15.728096961975097656 15.554638862609863281 15.465251922607421875 15.44693756103515625 15.459727287292480469 15.492167472839355469 15.510453224182128906 15.53359222412109375 15.553297042846679688 15.563024520874023438 15.561446189880371094 15.546395301818847656 15.517995834350585938 15.475716590881347656 15.424774169921875 15.375370979309082031 15.331624031066894531 15.295984268188476563 15.27801513671875 15.283310890197753906 15.307240486145019531 15.337492942810058594 15.359194755554199219 15.36280059814453125 15.339430809020996094 15.305378913879394531 15.283343315124511719
15.830831527709960938 15.84673309326171875 15.882825851440429688 15.907100677490234375 15.914175987243652344 15.921141624450683594 15.941370010375976563 15.956334114074707031 15.929854393005371094 15.907918930053710938 15.946301460266113281 15.934068679809570313 15.827695846557617188 15.653598785400390625 15.506412506103515625 15.478901863098144531 15.492941856384277344 15.523937225341796875 15.559117317199707031 15.591095924377441406 15.622692108154296875 15.642672538757324219 15.651214599609375 15.643570899963378906 15.608496665954589844 15.551320075988769531 15.489343643188476563 15.433187484741210938 15.386548042297363281 15.349349021911621094 15.32904052734375 15.341882705688476563 15.39166259765625 15.456254959106445313 15.502097129821777344 15.512284278869628906 15.490899085998535156 15.440333366394042969 15.375299453735351563 15.334486961364746094
15.8421173095703125 15.878170013427734375 15.912410736083984375 15.9340972900390625 15.942896842956542969 15.930113792419433594 15.930872917175292969 15.968695640563964844 15.977799415588378906 15.938398361206054688 15.902632713317871094 15.858225822448730469 15.754015922546386719 15.630629539489746094 15.534976959228515625 15.504240989685058594 15.520245552062988281 15.54483795166015625 15.57004547119140625 15.606534004211425781 15.6560516357421875 15.690402030944824219 15.706329345703125 15.69806671142578125 15.650641441345214844 15.570744514465332031 15.492808341979980469 15.434659957885742188 15.3975982666015625 15.392269134521484375 15.436382293701171875 15.516444206237792969 15.589581489562988281 15.63326263427734375 15.647812843322753906 15.628816604614257813 15.579433441162109375 15.5121002197265625 15.436926841735839844 15.388545989990234375
15.890057563781738281 15.932081222534179688 15.96260833740234375 15.967042922973632813 15.952885627746582031 15.930539131164550781 15.92098236083984375 15.948107719421386719 15.975401878356933594 15.975177764892578125 15.940852165222167969 15.861715316772460938 15.743916511535644531 15.626123428344726563 15.5552520751953125 15.530886650085449219 15.537130355834960938 15.546725273132324219 15.562756538391113281 15.607058525085449219 15.67362213134765625 15.715304374694824219 15.732316970825195313 15.726161956787109375 15.677267074584960938 15.58765411376953125 15.49875640869140625 15.443017959594726563 15.433043479919433594 15.478386878967285156 15.563442230224609375 15.62358856201171875 15.646327018737792969 15.67197418212890625 15.695597648620605469 15.683363914489746094 15.634194374084472656 15.568287849426269531 15.503122329711914063 15.45793914794921875
15.975533485412597656 16.002584457397460938 16.002672195434570313 15.982995033264160156 15.95025634765625 15.919285774230957031 15.905012130737304688 15.911761283874511719 15.927893638610839844 15.946312904357910156 15.950498580932617188 15.927453994750976563 15.830121994018554688 15.704303741455078125 15.606194496154785156 15.578084945678710938 15.567715644836425781 15.562745094299316406 15.56392669677734375 15.605944633483886719 15.669747352600097656 15.717380523681640625 15.743599891662597656 15.742956161499023438 15.702550888061523438 15.608984947204589844 15.506166458129882813 15.454275131225585938 15.468496322631835938 15.529790878295898438 15.587606430053710938 15.612275123596191406 15.637615203857421875 15.678270339965820313 15.714244842529296875 15.726318359375 15.703643798828125 15.654940605163574219 15.59529876708984375 15.547357559204101563
16.028377532958984375 16.023775100708007813 16.01659393310546875 15.990065574645996094 15.959014892578125 15.928837776184082031 15.912472724914550781 15.907369613647460938 15.910714149475097656 15.924185752868652344 15.941218376159667969 15.946709632873535156 15.915226936340332031 15.810293197631835938 15.702991485595703125 15.648602485656738281 15.627881050109863281 15.59877777099609375 15.563970565795898438 15.582543373107910156 15.621428489685058594 15.667020797729492188 15.714795112609863281 15.738091468811035156 15.727057456970214844 15.657807350158691406 15.541797637939453125 15.470727920532226563 15.482118606567382813 15.532588005065917969 15.563235282897949219 15.587737083435058594 15.615345954895019531 15.655962944030761719 15.705121040344238281 15.742443084716796875 15.754358291625976563 15.742299079895019531 15.716914176940917969 15.686788558959960938
16.025808334350585938 16.039140701293945313 16.036344528198242188 16.021444320678710938 15.998953819274902344 15.975785255432128906 15.958476066589355469 15.945833206176757813 15.93799591064453125 15.935173988342285156 15.942180633544921875 15.95056915283203125 15.943497657775878906 15.873010635375976563 15.76851654052734375 15.704934120178222656 15.6790313720703125 15.630747795104980469 15.565766334533691406 15.549920082092285156 15.559754371643066406 15.584126472473144531 15.648614883422851563 15.708208084106445313 15.724658012390136719 15.708112716674804688 15.6125640869140625 15.493404388427734375 15.457988739013671875 15.496006011962890625 15.529500007629394531 15.570191383361816406 15.619478225708007813 15.671247482299804688 15.715839385986328125 15.757663726806640625 15.783313751220703125 15.778890609741210938 15.761816978454589844 15.74872589111328125
