MapLinkProApp/griddata/temperature/ASCII/cmems_mod_glo_phy-thetao_anfc_0,083deg_P1D-m_1702458667101_3,8.asc
ncols        121
nrows        120
xllcorner    -30.041666666667
yllcorner    40.041666655981
cellsize     0.083333333333
NODATA_value  9.9692099683868690468e+36
[rows 54 to 71 of 120, columns 0 to 39 of 121]
16.164621353149414063 16.164188385009765625 15.886364936828613281 15.466441154479980469 15.121898651123046875 15.033934593200683594 15.133360862731933594 15.193379402160644531 15.176426887512207031 15.148057937622070313 15.131547927856445313 15.144326210021972656 15.190634727478027344 15.235530853271484375 15.246657371520996094 15.247694969177246094 15.295453071594238281 15.364253044128417969 15.396175384521484375 15.384112358093261719 15.357940673828125 15.350580215454101563 15.370100975036621094 15.355831146240234375 15.312657356262207031 15.249856948852539063 15.191819190979003906 15.120378494262695313 15.057432174682617188 15.082119941711425781 15.1601715087890625 15.112586021423339844 14.978689193725585938 14.951559066772460938 15.036119461059570313 15.102563858032226563 15.137010574340820313 15.094448089599609375 14.93962860107421875 14.748712539672851563
16.17597198486328125 16.268299102783203125 16.035017013549804688 15.582476615905761719 15.176250457763671875 15.04468536376953125 15.157860755920410156 15.233798027038574219 15.2027130126953125 15.173043251037597656 15.14844512939453125 15.125532150268554688 15.138855934143066406 15.190266609191894531 15.199268341064453125 15.162876129150390625 15.189640998840332031 15.281037330627441406 15.346067428588867188 15.342410087585449219 15.335004806518554688 15.392702102661132813 15.436160087585449219 15.432839393615722656 15.391766548156738281 15.348873138427734375 15.280491828918457031 15.230363845825195313 15.253465652465820313 15.309945106506347656 15.252706527709960938 15.051665306091308594 14.976490974426269531 15.014928817749023438 15.081028938293457031 15.115667343139648438 15.1427001953125 15.138887405395507813 15.046993255615234375 14.884974479675292969
16.171495437622070313 16.339590072631835938 16.161712646484375 15.694005966186523438 15.236429214477539063 15.052082061767578125 15.163526535034179688 15.260432243347167969 15.227000236511230469 15.208499908447265625 15.204294204711914063 15.17180633544921875 15.1338653564453125 15.136332511901855469 15.137295722961425781 15.119547843933105469 15.156187057495117188 15.240468978881835938 15.295937538146972656 15.322925567626953125 15.402744293212890625 15.493241310119628906 15.528914451599121094 15.512658119201660156 15.472928047180175781 15.436821937561035156 15.41451263427734375 15.419895172119140625 15.430848121643066406 15.340853691101074219 15.13274383544921875 15.011256217956542969 15.030834197998046875 15.085490226745605469 15.11507415771484375 15.108370780944824219 15.110187530517578125 15.126837730407714844 15.096300125122070313 14.97759246826171875
16.159799575805664063 16.407413482666015625 16.307796478271484375 15.840677261352539063 15.325948715209960938 15.071125030517578125 15.160468101501464844 15.280630111694335938 15.242719650268554688 15.225186347961425781 15.242977142333984375 15.198911666870117188 15.136242866516113281 15.112634658813476563 15.110565185546875 15.12830352783203125 15.191228866577148438 15.267651557922363281 15.359197616577148438 15.474707603454589844 15.592059135437011719 15.657323837280273438 15.669073104858398438 15.651454925537109375 15.630614280700683594 15.613325119018554688 15.582880020141601563 15.498175621032714844 15.339365959167480469 15.142030715942382813 15.048900604248046875 15.086187362670898438 15.120634078979492188 15.110573768615722656 15.085295677185058594 15.05709075927734375 15.049016952514648438 15.073131561279296875 15.075976371765136719 15.018273353576660156
16.161602020263671875 16.460359573364257813 16.432933807373046875 15.99483489990234375 15.431672096252441406 15.093715667724609375 15.143384933471679688 15.296155929565429688 15.278658866882324219 15.246712684631347656 15.279500961303710938 15.225314140319824219 15.133550643920898438 15.124823570251464844 15.167946815490722656 15.223168373107910156 15.310125350952148438 15.417086601257324219 15.545527458190917969 15.659419059753417969 15.734487533569335938 15.768046379089355469 15.770842552185058594 15.749451637268066406 15.714961051940917969 15.647921562194824219 15.524348258972167969 15.345844268798828125 15.156851768493652344 15.067693710327148438 15.126044273376464844 15.150201797485351563 15.100885391235351563 15.038393020629882813 15.001250267028808594 14.978747367858886719 14.988394737243652344 15.024230003356933594 15.020049095153808594 14.96451568603515625
16.19901275634765625 16.51450347900390625 16.528522491455078125 16.128278732299804688 15.544554710388183594 15.127882003784179688 15.108835220336914063 15.290456771850585938 15.310721397399902344 15.267090797424316406 15.323508262634277344 15.328036308288574219 15.232588768005371094 15.202302932739257813 15.287919044494628906 15.390489578247070313 15.493811607360839844 15.60427093505859375 15.697640419006347656 15.750906944274902344 15.776103973388671875 15.768564224243164063 15.725122451782226563 15.664371490478515625 15.579713821411132813 15.459637641906738281 15.314004898071289063 15.182100296020507813 15.1082611083984375 15.126267433166503906 15.154414176940917969 15.110868453979492188 15.055891036987304688 15.088570594787597656 15.115078926086425781 15.031995773315429688 14.962085723876953125 14.965587615966796875 14.964158058166503906 14.958932876586914063
16.311334609985351563 16.608774185180664063 16.629726409912109375 16.263883590698242188 15.668973922729492188 15.187407493591308594 15.074250221252441406 15.240765571594238281 15.343743324279785156 15.287672042846679688 15.329941749572753906 15.423315048217773438 15.424137115478515625 15.385637283325195313 15.422137260437011719 15.535058021545410156 15.639645576477050781 15.714671134948730469 15.755103111267089844 15.750957489013671875 15.7132568359375 15.634189605712890625 15.528581619262695313 15.430997848510742188 15.330091476440429688 15.228642463684082031 15.150784492492675781 15.11576080322265625 15.131257057189941406 15.13556671142578125 15.112691879272460938 15.090640068054199219 15.146062850952148438 15.288107872009277344 15.322134017944335938 15.206132888793945313 15.068804740905761719 15.005900382995605469 15.011056900024414063 15.0704803466796875
16.47341156005859375 16.716213226318359375 16.70166778564453125 16.360040664672851563 15.785976409912109375 15.269337654113769531 15.057963371276855469 15.177873611450195313 15.356113433837890625 15.326682090759277344 15.308009147644042969 15.418230056762695313 15.50917816162109375 15.537384033203125 15.559041023254394531 15.629696846008300781 15.697629928588867188 15.738389015197753906 15.752264022827148438 15.720499992370605469 15.637515068054199219 15.509679794311523438 15.379115104675292969 15.277258872985839844 15.195670127868652344 15.136800765991210938 15.106561660766601563 15.109195709228515625 15.104941368103027344 15.072245597839355469 15.08127593994140625 15.117894172668457031 15.230981826782226563 15.38083648681640625 15.387942314147949219 15.341355323791503906 15.285080909729003906 15.240835189819335938 15.24945068359375 15.291238784790039063
16.7096099853515625 16.842142105102539063 16.73777008056640625 16.3943634033203125 15.884932518005371094 15.388032913208007813 15.075143814086914063 15.096105575561523438 15.326838493347167969 15.389011383056640625 15.324910163879394531 15.359132766723632813 15.471270561218261719 15.568185806274414063 15.6221923828125 15.675090789794921875 15.714826583862304688 15.737947463989257813 15.734127044677734375 15.693632125854492188 15.589646339416503906 15.442409515380859375 15.302361488342285156 15.19708251953125 15.124958038330078125 15.084712982177734375 15.072479248046875 15.070903778076171875 15.038250923156738281 15.034245491027832031 15.066674232482910156 15.139423370361328125 15.275301933288574219 15.399570465087890625 15.408230781555175781 15.396516799926757813 15.392868995666503906 15.38472747802734375 15.384688377380371094 15.394117355346679688
16.978952407836914063 16.93682098388671875 16.708759307861328125 16.3778076171875 15.972730636596679688 15.537314414978027344 15.153539657592773438 15.042365074157714844 15.22725677490234375 15.425504684448242188 15.413431167602539063 15.362947463989257813 15.387846946716308594 15.484068870544433594 15.579982757568359375 15.649755477905273438 15.692968368530273438 15.709593772888183594 15.695598602294921875 15.652951240539550781 15.557274818420410156 15.42128753662109375 15.283247947692871094 15.168162345886230469 15.085467338562011719 15.045404434204101563 15.041750907897949219 15.021697998046875 15.004607200622558594 15.01308441162109375 15.043072700500488281 15.095531463623046875 15.20429229736328125 15.328028678894042969 15.394021034240722656 15.4164276123046875 15.417376518249511719 15.412423133850097656 15.418649673461914063 15.44176483154296875
17.106241226196289063 16.929109573364257813 16.633275985717773438 16.344196319580078125 16.051992416381835938 15.683916091918945313 15.256062507629394531 15.038911819458007813 15.153353691101074219 15.386304855346679688 15.468980789184570313 15.444760322570800781 15.413531303405761719 15.441145896911621094 15.515810966491699219 15.581875801086425781 15.632035255432128906 15.654934883117675781 15.636960029602050781 15.591852188110351563 15.511777877807617188 15.398678779602050781 15.272166252136230469 15.152850151062011719 15.060840606689453125 15.020258903503417969 15.020037651062011719 15.000881195068359375 14.983245849609375 14.98235321044921875 15.000365257263183594 15.045485496520996094 15.121052742004394531 15.218707084655761719 15.306084632873535156 15.357725143432617188 15.364105224609375 15.372720718383789063 15.419434547424316406 15.480393409729003906
17.112972259521484375 16.88291168212890625 16.59856414794921875 16.37454986572265625 16.177478790283203125 15.879751205444335938 15.426402091979980469 15.089940071105957031 15.083903312683105469 15.291701316833496094 15.463383674621582031 15.507771492004394531 15.503346443176269531 15.488448143005371094 15.502546310424804688 15.522267341613769531 15.535906791687011719 15.545948028564453125 15.529590606689453125 15.481447219848632813 15.410427093505859375 15.322564125061035156 15.217138290405273438 15.106499671936035156 15.018311500549316406 14.989501953125 14.983791351318359375 14.9685211181640625 14.94980621337890625 14.948461532592773438 14.968138694763183594 14.999199867248535156 15.031548500061035156 15.092676162719726563 15.169487953186035156 15.21665191650390625 15.23831939697265625 15.317723274230957031 15.435558319091796875 15.520557403564453125
17.116994857788085938 16.956592559814453125 16.737485885620117188 16.537988662719726563 16.363256454467773438 16.1041412353515625 15.649941444396972656 15.205780982971191406 15.045772552490234375 15.161971092224121094 15.365687370300292969 15.477883338928222656 15.521814346313476563 15.5281982421875 15.514278411865234375 15.485033035278320313 15.449908256530761719 15.424104690551757813 15.397813796997070313 15.344224929809570313 15.272411346435546875 15.198466300964355469 15.113430023193359375 15.027308464050292969 14.969881057739257813 14.955637931823730469 14.9471282958984375 14.94026947021484375 14.942576408386230469 14.964178085327148438 15.009825706481933594 15.047772407531738281 15.066587448120117188 15.083959579467773438 15.094994544982910156 15.105015754699707031 15.177678108215332031 15.341099739074707031 15.490728378295898438 15.550035476684570313
17.189031600952148438 17.097564697265625 16.937122344970703125 16.733560562133789063 16.539628982543945313 16.2899169921875 15.854207992553710938 15.36284637451171875 15.075213432312011719 15.062244415283203125 15.223099708557128906 15.363656044006347656 15.416830062866210938 15.450343132019042969 15.450722694396972656 15.411035537719726563 15.360667228698730469 15.315143585205078125 15.276522636413574219 15.222292900085449219 15.156024932861328125 15.091429710388183594 15.027997970581054688 14.97768402099609375 14.950616836547851563 14.949008941650390625 14.954131126403808594 14.971965789794921875 15.002514839172363281 15.05413055419921875 15.120784759521484375 15.184572219848632813 15.211528778076171875 15.213669776916503906 15.208021163940429688 15.215882301330566406 15.286658287048339844 15.423264503479003906 15.56519317626953125 15.626247406005859375
17.258609771728515625 17.199159622192382813 17.102647781372070313 16.9541473388671875 16.76496124267578125 16.524770736694335938 16.1326904296875 15.616527557373046875 15.216365814208984375 15.035161018371582031 15.065723419189453125 15.178689956665039063 15.236332893371582031 15.259979248046875 15.278653144836425781 15.264220237731933594 15.228425025939941406 15.18604278564453125 15.14357757568359375 15.099385261535644531 15.05533599853515625 15.015346527099609375 14.986474037170410156 14.978062629699707031 14.991660118103027344 15.016794204711914063 15.050686836242675781 15.111739158630371094 15.18487548828125 15.258596420288085938 15.342393875122070313 15.410422325134277344 15.44521331787109375 15.450212478637695313 15.460093498229980469 15.501878738403320313 15.56206512451171875 15.623847007751464844 15.705053329467773438 15.776020050048828125
17.319986343383789063 17.277952194213867188 17.217496871948242188 17.132360458374023438 17.008907318115234375 16.835391998291015625 16.540386199951171875 16.051174163818359375 15.582039833068847656 15.209634780883789063 15.053747177124023438 15.048071861267089844 15.084164619445800781 15.114705085754394531 15.129960060119628906 15.134824752807617188 15.126636505126953125 15.106710433959960938 15.081686973571777344 15.051023483276367188 15.027855873107910156 15.018246650695800781 15.019814491271972656 15.054116249084472656 15.096297264099121094 15.141141891479492188 15.203064918518066406 15.332638740539550781 15.460669517517089844 15.588741302490234375 15.745280265808105469 15.861502647399902344 15.903035163879394531 15.884336471557617188 15.830089569091796875 15.776726722717285156 15.739888191223144531 15.72280120849609375 15.721331596374511719 15.740038871765136719
17.379838943481445313 17.361387252807617188 17.330213546752929688 17.28450775146484375 17.216766357421875 17.116085052490234375 16.9476776123046875 16.635334014892578125 16.169919967651367188 15.734973907470703125 15.402106285095214844 15.202466964721679688 15.152354240417480469 15.158358573913574219 15.161274909973144531 15.148295402526855469 15.133213996887207031 15.108263015747070313 15.081261634826660156 15.060227394104003906 15.051398277282714844 15.054746627807617188 15.092926979064941406 15.147635459899902344 15.194756507873535156 15.248898506164550781 15.363223075866699219 15.640570640563964844 15.898098945617675781 16.1798858642578125 16.434495925903320313 16.607440948486328125 16.679607391357421875 16.664461135864257813 16.608568191528320313 16.539400100708007813 16.45595550537109375 16.352321624755859375 16.228368759155273438 16.116918563842773438
17.385103225708007813 17.382232666015625 17.37535858154296875 17.364805221557617188 17.34979248046875 17.327077865600585938 17.293283462524414063 17.225397109985351563 17.017704010009765625 16.717952728271484375 16.390903472900390625 16.057538986206054688 15.766137123107910156 15.590112686157226563 15.54145050048828125 15.549798965454101563 15.573397636413574219 15.573557853698730469 15.493379592895507813 15.3511810302734375 15.235253334045410156 15.183299064636230469 15.195596694946289063 15.234203338623046875 15.302283287048339844 15.433240890502929688 15.865521430969238281 16.370334625244140625 16.765979766845703125 16.99321746826171875 17.100908279418945313 17.13714599609375 17.139928817749023438 17.12516021728515625 17.103668212890625 17.076755523681640625 17.044078826904296875 16.994890213012695313 16.936075210571289063 16.875810623168945313
