MapLinkProApp/griddata/temperature/ASCII/cmems_mod_glo_phy-thetao_anfc_0,083deg_P1D-m_1702458667101_5,1.asc
ncols        121
nrows        120
xllcorner    -30.041666666667
yllcorner    40.041666655981
cellsize     0.083333333333
NODATA_value  9.9692099683868690468e+36
[rows 36 to 53 of 120, columns 0 to 39 of 121]
13.826885223388671875 13.7822418212890625 13.746593475341796875 13.725177764892578125 13.711628913879394531 13.696987152099609375 13.683023452758789063 13.672746658325195313 13.667883872985839844 13.669920921325683594 13.675374031066894531 13.681245803833007813 13.683569908142089844 13.679806709289550781 13.672411918640136719 13.663496017456054688 13.634696006774902344 13.569279670715332031 13.535091400146484375 13.574968338012695313 13.65657806396484375 13.755375862121582031 13.876374244689941406 14.055521011352539063 14.280832290649414063 14.426875114440917969 14.410001754760742188 14.372225761413574219 14.443323135375976563 14.518593788146972656 14.518267631530761719 14.491880416870117188 14.466156959533691406 14.423575401306152344 14.360524177551269531 14.302985191345214844 14.232436180114746094 14.145909309387207031 14.027981758117675781 13.8745574951171875
13.918268203735351563 13.890911102294921875 13.866770744323730469 13.845861434936523438 13.826145172119140625 13.803053855895996094 13.780719757080078125 13.769338607788085938 13.771258354187011719 13.781032562255859375 13.790492057800292969 13.79647064208984375 13.79189300537109375 13.777757644653320313 13.753431320190429688 13.720088005065917969 13.702428817749023438 13.671796798706054688 13.592120170593261719 13.538967132568359375 13.565572738647460938 13.656362533569335938 13.764425277709960938 13.867826461791992188 14.019502639770507813 14.238155364990234375 14.38687896728515625 14.377161026000976563 14.34030914306640625 14.38214874267578125 14.4560394287109375 14.482388496398925781 14.466544151306152344 14.423267364501953125 14.344365119934082031 14.232513427734375 14.11002349853515625 13.973506927490234375 13.841363906860351563 13.699662208557128906
13.940089225769042969 13.94165802001953125 13.944025039672851563 13.949440956115722656 13.955603599548339844 13.958505630493164063 13.963274002075195313 13.971405029296875 13.975833892822265625 13.976179122924804688 13.973340988159179688 13.965715408325195313 13.956399917602539063 13.941724777221679688 13.917932510375976563 13.88703155517578125 13.835169792175292969 13.782304763793945313 13.7166748046875 13.627224922180175781 13.573225021362304688 13.581864356994628906 13.635980606079101563 13.720562934875488281 13.808892250061035156 13.903230667114257813 14.046376228332519531 14.226070404052734375 14.344670295715332031 14.364978790283203125 14.346283912658691406 14.347298622131347656 14.367925643920898438 14.404567718505859375 14.423015594482421875 14.394779205322265625 14.327486991882324219 14.23897552490234375 14.137971878051757813 14.064174652099609375
13.943872451782226563 13.969005584716796875 13.990706443786621094 14.009919166564941406 14.024733543395996094 14.034826278686523438 14.040803909301757813 14.044692039489746094 14.046770095825195313 14.046957969665527344 14.048276901245117188 14.046216964721679688 14.040968894958496094 14.033864974975585938 14.017411231994628906 14.003499031066894531 13.975882530212402344 13.928147315979003906 13.860302925109863281 13.751282691955566406 13.640110969543457031 13.587282180786132813 13.609937667846679688 13.656937599182128906 13.702909469604492188 13.759664535522460938 13.821063041687011719 13.884289741516113281 14.031467437744140625 14.238965988159179688 14.377863883972167969 14.405427932739257813 14.347758293151855469 14.279314994812011719 14.2792205810546875 14.351568222045898438 14.385062217712402344 14.370314598083496094 14.317218780517578125 14.280498504638671875
13.957295417785644531 13.969717979431152344 13.973970413208007813 13.974709510803222656 13.977372169494628906 13.982730865478515625 13.993345260620117188 14.012055397033691406 14.03610992431640625 14.062310218811035156 14.086299896240234375 14.102040290832519531 14.104963302612304688 14.098760604858398438 14.078632354736328125 14.05597686767578125 14.032833099365234375 14.003695487976074219 13.9696807861328125 13.883086204528808594 13.746687889099121094 13.636732101440429688 13.607041358947753906 13.639438629150390625 13.690977096557617188 13.726181983947753906 13.756303787231445313 13.808149337768554688 13.869721412658691406 13.950616836547851563 14.077832221984863281 14.228302955627441406 14.367136955261230469 14.428900718688964844 14.355126380920410156 14.245491981506347656 14.244144439697265625 14.294524192810058594 14.303914070129394531 14.283160209655761719
13.86644744873046875 13.87271881103515625 13.882552146911621094 13.907693862915039063 13.954388618469238281 14.0217437744140625 14.110278129577636719 14.212808609008789063 14.315103530883789063 14.407057762145996094 14.468820571899414063 14.498296737670898438 14.485194206237792969 14.438797950744628906 14.356554985046386719 14.255822181701660156 14.140729904174804688 14.047097206115722656 14.013083457946777344 14.006303787231445313 13.917963027954101563 13.749628067016601563 13.651639938354492188 13.671133041381835938 13.718028068542480469 13.738758087158203125 13.729068756103515625 13.735802650451660156 13.798448562622070313 13.8891448974609375 14.003542900085449219 14.085916519165039063 14.149575233459472656 14.295103073120117188 14.490487098693847656 14.52928924560546875 14.296537399291992188 14.136656761169433594 14.138380050659179688 14.169289588928222656
13.867180824279785156 13.91204833984375 13.983367919921875 14.094315528869628906 14.245361328125 14.418277740478515625 14.601300239562988281 14.777862548828125 14.929597854614257813 15.042613029479980469 15.092576026916503906 15.092105865478515625 15.05225372314453125 14.965414047241210938 14.849120140075683594 14.693900108337402344 14.500540733337402344 14.271389961242675781 14.0758819580078125 14.019716262817382813 14.004145622253417969 13.908057212829589844 13.788776397705078125 13.752965927124023438 13.785113334655761719 13.800147056579589844 13.758052825927734375 13.699353218078613281 13.702862739562988281 13.798356056213378906 13.953778266906738281 14.090846061706542969 14.191379547119140625 14.297620773315429688 14.437776565551757813 14.612048149108886719 14.593480110168457031 14.291964530944824219 14.060719490051269531 13.988536834716796875
14.135973930358886719 14.305349349975585938 14.506548881530761719 14.720643997192382813 14.929028511047363281 15.12125396728515625 15.28025054931640625 15.382548332214355469 15.430502891540527344 15.431195259094238281 15.401212692260742188 15.35821533203125 15.296744346618652344 15.23252105712890625 15.173114776611328125 15.075014114379882813 14.944663047790527344 14.755503654479980469 14.477658271789550781 14.219420433044433594 14.056758880615234375 13.973755836486816406 13.904779434204101563 13.857426643371582031 13.858976364135742188 13.857794761657714844 13.804820060729980469 13.711397171020507813 13.623774528503417969 13.640454292297363281 13.835505485534667969 14.0894622802734375 14.233263969421386719 14.362742424011230469 14.564435958862304688 14.676321029663085938 14.752084732055664063 14.632817268371582031 14.320258140563964844 14.037927627563476563
14.850010871887207031 15.044526100158691406 15.194253921508789063 15.29386138916015625 15.38037109375 15.465799331665039063 15.522740364074707031 15.554162979125976563 15.565802574157714844 15.539429664611816406 15.494405746459960938 15.446002006530761719 15.398036956787109375 15.341494560241699219 15.280422210693359375 15.189583778381347656 15.110238075256347656 15.014557838439941406 14.882577896118164063 14.621183395385742188 14.327451705932617188 14.080161094665527344 13.94583892822265625 13.88227081298828125 13.864933013916015625 13.844330787658691406 13.784621238708496094 13.702211380004882813 13.61590576171875 13.571700096130371094 13.713350296020507813 14.02816009521484375 14.258875846862792969 14.401885986328125 14.578218460083007813 14.733832359313964844 14.794148445129394531 14.77398681640625 14.578311920166015625 14.267998695373535156
15.245204925537109375 15.290191650390625 15.344655036926269531 15.432809829711914063 15.548193931579589844 15.659890174865722656 15.73555755615234375 15.779081344604492188 15.786450386047363281 15.769540786743164063 15.741518974304199219 15.708680152893066406 15.671430587768554688 15.629472732543945313 15.569743156433105469 15.481462478637695313 15.343805313110351563 15.1779022216796875 15.049091339111328125 14.889306068420410156 14.654347419738769531 14.360968589782714844 14.109148979187011719 13.944552421569824219 13.863352775573730469 13.819624900817871094 13.770183563232421875 13.711359977722167969 13.664899826049804688 13.613948822021484375 13.693047523498535156 13.970212936401367188 14.247283935546875 14.409543991088867188 14.566171646118164063 14.716765403747558594 14.805432319641113281 14.774178504943847656 14.615212440490722656 14.357823371887207031
15.480473518371582031 15.622570991516113281 15.73870086669921875 15.824557304382324219 15.871985435485839844 15.892405509948730469 15.891808509826660156 15.879466056823730469 15.86333465576171875 15.846803665161132813 15.828497886657714844 15.803370475769042969 15.774687767028808594 15.747426986694335938 15.714852333068847656 15.686121940612792969 15.623553276062011719 15.491446495056152344 15.299319267272949219 15.112613677978515625 14.947558403015136719 14.748156547546386719 14.492710113525390625 14.253684043884277344 14.066832542419433594 13.938481330871582031 13.868366241455078125 13.820840835571289063 13.822846412658691406 13.819720268249511719 13.820101737976074219 13.990761756896972656 14.270619392395019531 14.461142539978027344 14.575028419494628906 14.717462539672851563 14.832170486450195313 14.812645912170410156 14.640599250793457031 14.375683784484863281
15.907495498657226563 15.923676490783691406 15.925194740295410156 15.919591903686523438 15.907328605651855469 15.88777923583984375 15.8627471923828125 15.833469390869140625 15.804362297058105469 15.774188995361328125 15.741099357604980469 15.705805778503417969 15.673447608947753906 15.648987770080566406 15.636267662048339844 15.6476287841796875 15.654745101928710938 15.617794990539550781 15.502935409545898438 15.320315361022949219 15.136212348937988281 14.97701263427734375 14.789492607116699219 14.578813552856445313 14.379240036010742188 14.201664924621582031 14.089280128479003906 14.014957427978515625 14.008798599243164063 14.0214080810546875 14.024694442749023438 14.123394012451171875 14.364690780639648438 14.533326148986816406 14.618887901306152344 14.771158218383789063 14.873090744018554688 14.859164237976074219 14.674565315246582031 14.380880355834960938
15.931461334228515625 15.930197715759277344 15.924139976501464844 15.90390777587890625 15.858084678649902344 15.7861328125 15.702317237854003906 15.621164321899414063 15.5558319091796875 15.509373664855957031 15.476058006286621094 15.454056739807128906 15.444775581359863281 15.441633224487304688 15.451398849487304688 15.494511604309082031 15.561213493347167969 15.5956573486328125 15.5569915771484375 15.441408157348632813 15.277002334594726563 15.122975349426269531 14.968632698059082031 14.805860519409179688 14.656311988830566406 14.497389793395996094 14.373523712158203125 14.2808380126953125 14.242663383483886719 14.241885185241699219 14.241347312927246094 14.293355941772460938 14.492361068725585938 14.614064216613769531 14.687596321105957031 14.834004402160644531 14.922735214233398438 14.888307571411132813 14.705141067504882813 14.412510871887207031
15.951007843017578125 15.939508438110351563 15.883935928344726563 15.765432357788085938 15.591583251953125 15.40546417236328125 15.258419036865234375 15.171833992004394531 15.142603874206542969 15.144327163696289063 15.167898178100585938 15.212205886840820313 15.260298728942871094 15.28536224365234375 15.299533843994140625 15.348750114440917969 15.439683914184570313 15.524281501770019531 15.545856475830078125 15.477509498596191406 15.360921859741210938 15.237848281860351563 15.097696304321289063 14.960333824157714844 14.849336624145507813 14.728173255920410156 14.6205596923828125 14.538748741149902344 14.481244087219238281 14.47348785400390625 14.45375823974609375 14.479380607604980469 14.637969017028808594 14.706814765930175781 14.758919715881347656 14.892734527587890625 14.9654693603515625 14.897983551025390625 14.698355674743652344 14.435078620910644531
15.975921630859375 15.91376495361328125 15.759057998657226563 15.518763542175292969 15.252413749694824219 15.060441017150878906 14.992237091064453125 14.994309425354003906 15.020098686218261719 15.067362785339355469 15.125093460083007813 15.188801765441894531 15.240237236022949219 15.25494384765625 15.25318145751953125 15.282780647277832031 15.369185447692871094 15.471087455749511719 15.513811111450195313 15.463666915893554688 15.378987312316894531 15.279397010803222656 15.163019180297851563 15.056583404541015625 14.96212005615234375 14.848210334777832031 14.766971588134765625 14.695630073547363281 14.636224746704101563 14.633296012878417969 14.580442428588867188 14.604787826538085938 14.744294166564941406 14.783407211303710938 14.81119537353515625 14.921688079833984375 14.986201286315917969 14.913733482360839844 14.695660591125488281 14.458887100219726563
15.995725631713867188 15.886096000671386719 15.65576934814453125 15.358515739440917969 15.111052513122558594 15.010132789611816406 15.023068428039550781 15.07407379150390625 15.133765220642089844 15.178648948669433594 15.210668563842773438 15.232362747192382813 15.240139007568359375 15.234281539916992188 15.234656333923339844 15.270297050476074219 15.34937286376953125 15.439046859741210938 15.477335929870605469 15.441105842590332031 15.373887062072753906 15.303148269653320313 15.233770370483398438 15.168795585632324219 15.072995185852050781 14.978387832641601563 14.90706634521484375 14.821292877197265625 14.772344589233398438 14.747812271118164063 14.692743301391601563 14.752803802490234375 14.856645584106445313 14.845334053039550781 14.856463432312011719 14.956411361694335938 15.017588615417480469 14.949616432189941406 14.748509407043457031 14.524789810180664063
16.064432144165039063 15.953610420227050781 15.676971435546875 15.337110519409179688 15.079938888549804688 15.010753631591796875 15.073419570922851563 15.14488983154296875 15.191765785217285156 15.211890220642089844 15.220363616943359375 15.22205352783203125 15.221832275390625 15.232142448425292969 15.262899398803710938 15.315450668334960938 15.380201339721679688 15.435446739196777344 15.454029083251953125 15.420796394348144531 15.368135452270507813 15.323880195617675781 15.286706924438476563 15.241787910461425781 15.176473617553710938 15.102221488952636719 15.007574081420898438 14.930165290832519531 14.883309364318847656 14.8231964111328125 14.79930877685546875 14.911556243896484375 14.950792312622070313 14.885740280151367188 14.915862083435058594 15.0179290771484375 15.063405036926269531 14.982873916625976563 14.788804054260253906 14.58986663818359375
16.11933135986328125 16.038145065307617188 15.7429656982421875 15.36679840087890625 15.08351898193359375 15.022416114807128906 15.104806900024414063 15.167418479919433594 15.182450294494628906 15.178000450134277344 15.176319122314453125 15.18677520751953125 15.21071624755859375 15.241118431091308594 15.282848358154296875 15.328210830688476563 15.379406929016113281 15.422735214233398438 15.432358741760253906 15.403280258178710938 15.369237899780273438 15.34185028076171875 15.321992874145507813 15.294117927551269531 15.242444038391113281 15.163095474243164063 15.081575393676757813 15.008044242858886719 14.953476905822753906 14.888216018676757813 14.950939178466796875 15.043522834777832031 14.987926483154296875 14.914728164672851563 14.977786064147949219 15.06939697265625 15.106591224670410156 15.0284423828125 14.830063819885253906 14.645450592041015625
