MapLinkProApp/griddata/temperature/ASCII/cmems_mod_glo_phy-thetao_anfc_0,083deg_P1D-m_1702458667101_65,8.asc
ncols        121
nrows        120
xllcorner    -30.041666666667
yllcorner    40.041666655981
cellsize     0.083333333333
NODATA_value  9.9692099683868690468e+36
[rows 72 to 89 of 120, columns 40 to 79 of 121]
16.981344223022460938 16.967626571655273438 16.946931838989257813 16.920412063598632813 16.890323638916015625 16.860141754150390625 16.828464508056640625 16.793970108032226563 16.749338150024414063 16.69655609130859375 16.637216567993164063 16.576124191284179688 16.529481887817382813 16.510570526123046875 16.52154541015625 16.556932449340820313 16.604040145874023438 16.656787872314453125 16.69545745849609375 16.679262161254882813 16.613122940063476563 16.536220550537109375 16.463384628295898438 16.40804290771484375 16.349491119384765625 16.259298324584960938 16.23743438720703125 16.325670242309570313 16.336801528930664063 16.175828933715820313 16.030666351318359375 15.99603271484375 15.977057456970214844 15.960249900817871094 15.968662261962890625 15.990935325622558594 16.014299392700195313 16.00748443603515625 15.987759590148925781 15.988482475280761719
16.80310821533203125 16.78961944580078125 16.764385223388671875 16.732664108276367188 16.70194244384765625 16.678724288940429688 16.662427902221679688 16.651639938354492188 16.642133712768554688 16.631504058837890625 16.618213653564453125 16.600467681884765625 16.584604263305664063 16.573045730590820313 16.575603485107421875 16.596826553344726563 16.631744384765625 16.68404388427734375 16.734691619873046875 16.747344970703125 16.719463348388671875 16.674016952514648438 16.626668930053710938 16.563123703002929688 16.457454681396484375 16.33414459228515625 16.291784286499023438 16.350904464721679688 16.350652694702148438 16.187435150146484375 16.040904998779296875 16.008960723876953125 16.002628326416015625 15.999768257141113281 16.018918991088867188 16.036169052124023438 16.018995285034179688 15.980417251586914063 15.971398353576660156 15.980722427368164063
16.518884658813476563 16.510074615478515625 16.4955596923828125 16.479604721069335938 16.46722412109375 16.461191177368164063 16.458225250244140625 16.456302642822265625 16.456272125244140625 16.456661224365234375 16.455905914306640625 16.4573974609375 16.460798263549804688 16.467496871948242188 16.4853668212890625 16.523088455200195313 16.586549758911132813 16.669851303100585938 16.743101119995117188 16.777187347412109375 16.772665023803710938 16.74755859375 16.70795440673828125 16.633182525634765625 16.518121719360351563 16.406366348266601563 16.361886978149414063 16.390979766845703125 16.366359710693359375 16.203306198120117188 16.058698654174804688 16.029621124267578125 16.034509658813476563 16.029623031616210938 16.025739669799804688 15.999818801879882813 15.951806068420410156 15.914226531982421875 15.921092987060546875 15.938971519470214844
16.368099212646484375 16.3644256591796875 16.366535186767578125 16.371622085571289063 16.377277374267578125 16.380380630493164063 16.37982940673828125 16.374277114868164063 16.3649444580078125 16.353710174560546875 16.3401336669921875 16.335004806518554688 16.340579986572265625 16.349483489990234375 16.369031906127929688 16.4258880615234375 16.52790069580078125 16.647220611572265625 16.744634628295898438 16.795528411865234375 16.799921035766601563 16.774736404418945313 16.729162216186523438 16.654933929443359375 16.557806015014648438 16.46967315673828125 16.428295135498046875 16.429172515869140625 16.37286376953125 16.211927413940429688 16.073589324951171875 16.044763565063476563 16.05361175537109375 16.045230865478515625 16.01338958740234375 15.94651031494140625 15.911442756652832031 15.901350021362304688 15.910114288330078125 15.918042182922363281
16.3592681884765625 16.3763885498046875 16.404088973999023438 16.4332427978515625 16.458398818969726563 16.477167129516601563 16.484479904174804688 16.473112106323242188 16.448322296142578125 16.4206390380859375 16.3920745849609375 16.373271942138671875 16.3647613525390625 16.364961624145507813 16.382196426391601563 16.441076278686523438 16.549381256103515625 16.673976898193359375 16.770986557006835938 16.815561294555664063 16.811071395874023438 16.775880813598632813 16.717836380004882813 16.638141632080078125 16.552679061889648438 16.489837646484375 16.46456146240234375 16.449188232421875 16.361345291137695313 16.19678497314453125 16.078174591064453125 16.051996231079101563 16.050764083862304688 16.019918441772460938 15.960118293762207031 15.906485557556152344 15.899380683898925781 15.882330894470214844 15.90503692626953125 15.918374061584472656
16.4085845947265625 16.452392578125 16.508693695068359375 16.567983627319335938 16.6245880126953125 16.667688369750976563 16.68682098388671875 16.67575836181640625 16.642805099487304688 16.60126495361328125 16.554933547973632813 16.518688201904296875 16.488468170166015625 16.470733642578125 16.484674453735351563 16.53943634033203125 16.631647109985351563 16.734893798828125 16.809934616088867188 16.833423614501953125 16.80852508544921875 16.752340316772460938 16.68016815185546875 16.60730743408203125 16.55010986328125 16.514646530151367188 16.484340667724609375 16.420534133911132813 16.301710128784179688 16.16640472412109375 16.0843963623046875 16.058813095092773438 16.051977157592773438 16.012523651123046875 15.962471961975097656 15.929090499877929688 15.919046401977539063 15.909147262573242188 15.914883613586425781 15.916541099548339844
16.524688720703125 16.577312469482421875 16.649904251098632813 16.725948333740234375 16.810306549072265625 16.864854812622070313 16.872087478637695313 16.843580245971679688 16.791229248046875 16.740720748901367188 16.68242645263671875 16.612274169921875 16.575176239013671875 16.58428955078125 16.63315582275390625 16.695741653442382813 16.758296966552734375 16.817811965942382813 16.85488128662109375 16.845563888549804688 16.786386489868164063 16.69985198974609375 16.621419906616210938 16.570196151733398438 16.530420303344726563 16.482370376586914063 16.41536712646484375 16.325483322143554688 16.2287445068359375 16.149950027465820313 16.09250640869140625 16.07044219970703125 16.047502517700195313 15.994276046752929688 15.957211494445800781 15.948359489440917969 15.937748908996582031 15.920185089111328125 15.929659843444824219 15.915130615234375
16.610157012939453125 16.658754348754882813 16.73846435546875 16.817852020263671875 16.884717941284179688 16.915796279907226563 16.905900955200195313 16.87265777587890625 16.826169967651367188 16.783826828002929688 16.768718719482421875 16.763652801513671875 16.7727508544921875 16.7948760986328125 16.821111679077148438 16.84633636474609375 16.866411209106445313 16.871639251708984375 16.845937728881835938 16.782512664794921875 16.700464248657226563 16.624315261840820313 16.562969207763671875 16.511922836303710938 16.458162307739257813 16.396877288818359375 16.329080581665039063 16.257719039916992188 16.193761825561523438 16.142574310302734375 16.099491119384765625 16.071191787719726563 16.033674240112304688 15.990581512451171875 15.9632720947265625 15.957028388977050781 15.929108619689941406 15.910509109497070313 15.939832687377929688 15.924448966979980469
16.6671295166015625 16.71602630615234375 16.786420822143554688 16.852874755859375 16.889360427856445313 16.89641571044921875 16.887706756591796875 16.880828857421875 16.880849838256835938 16.8829193115234375 16.88140869140625 16.876501083374023438 16.869100570678710938 16.860788345336914063 16.848325729370117188 16.828310012817382813 16.794763565063476563 16.7474822998046875 16.688838958740234375 16.623586654663085938 16.56156158447265625 16.50429534912109375 16.450483322143554688 16.400846481323242188 16.35161590576171875 16.306154251098632813 16.266939163208007813 16.227718353271484375 16.188798904418945313 16.148517608642578125 16.112085342407226563 16.079618453979492188 16.0391693115234375 16.008317947387695313 15.984670639038085938 15.971699714660644531 15.970847129821777344 15.986613273620605469 15.9979400634765625 15.973966598510742188
16.680019378662109375 16.719671249389648438 16.773519515991210938 16.8219757080078125 16.855226516723632813 16.855550765991210938 16.82977294921875 16.800983428955078125 16.780717849731445313 16.761281967163085938 16.740543365478515625 16.7210845947265625 16.699468612670898438 16.676748275756835938 16.654367446899414063 16.629369735717773438 16.598928451538085938 16.562788009643554688 16.521623611450195313 16.478223800659179688 16.4350128173828125 16.392946243286132813 16.356388092041015625 16.324296951293945313 16.291296005249023438 16.260995864868164063 16.235403060913085938 16.212461471557617188 16.19078826904296875 16.165891647338867188 16.134868621826171875 16.099826812744140625 16.061105728149414063 16.027383804321289063 15.994701385498046875 15.98079681396484375 15.983716011047363281 15.981695175170898438 15.947269439697265625 15.922389984130859375
16.677135467529296875 16.709394454956054688 16.757862091064453125 16.804861068725585938 16.817457199096679688 16.798036575317382813 16.757781982421875 16.714551925659179688 16.678960800170898438 16.645000457763671875 16.617330551147460938 16.59726715087890625 16.57909393310546875 16.560565948486328125 16.541124343872070313 16.518785476684570313 16.491853713989257813 16.465251922607421875 16.439487457275390625 16.413919448852539063 16.389383316040039063 16.366399765014648438 16.346300125122070313 16.32660675048828125 16.305940628051757813 16.28469085693359375 16.263135910034179688 16.2437744140625 16.224031448364257813 16.204250335693359375 16.18117523193359375 16.145465850830078125 16.098863601684570313 16.056409835815429688 16.014249801635742188 15.988049507141113281 15.958724021911621094 15.9237213134765625 15.876463890075683594 15.864279747009277344
16.6344146728515625 16.669607162475585938 16.705728530883789063 16.743822097778320313 16.756191253662109375 16.732744216918945313 16.687746047973632813 16.640869140625 16.6059722900390625 16.578588485717773438 16.552152633666992188 16.531768798828125 16.514429092407226563 16.498355865478515625 16.486249923706054688 16.475933074951171875 16.46149444580078125 16.441785812377929688 16.419462203979492188 16.397329330444335938 16.377025604248046875 16.356031417846679688 16.334133148193359375 16.31610870361328125 16.305759429931640625 16.300899505615234375 16.295131683349609375 16.286748886108398438 16.275341033935546875 16.257154464721679688 16.229490280151367188 16.197519302368164063 16.15573883056640625 16.102052688598632813 16.041612625122070313 15.983591079711914063 15.927837371826171875 15.8902587890625 15.890091896057128906 15.893208503723144531
16.588348388671875 16.62615966796875 16.649753570556640625 16.677026748657226563 16.689884185791015625 16.671857833862304688 16.62798309326171875 16.581617355346679688 16.5426177978515625 16.513402938842773438 16.483739852905273438 16.459423065185546875 16.444360733032226563 16.433900833129882813 16.423513412475585938 16.413030624389648438 16.399316787719726563 16.381422042846679688 16.361360549926757813 16.339132308959960938 16.316141128540039063 16.292690277099609375 16.272859573364257813 16.263004302978515625 16.264928817749023438 16.2751007080078125 16.286333084106445313 16.29422760009765625 16.295515060424804688 16.287862777709960938 16.267757415771484375 16.23773956298828125 16.198144912719726563 16.142108917236328125 16.0699310302734375 15.9990234375 15.956114768981933594 15.944645881652832031 15.969663619995117188 15.957207679748535156
16.624166488647460938 16.623090744018554688 16.630434036254882813 16.647037506103515625 16.663000106811523438 16.656839370727539063 16.617486953735351563 16.571529388427734375 16.530855178833007813 16.501562118530273438 16.480892181396484375 16.46942138671875 16.467533111572265625 16.466547012329101563 16.459108352661132813 16.4462738037109375 16.430402755737304688 16.409261703491210938 16.388156890869140625 16.366947174072265625 16.343616485595703125 16.316537857055664063 16.288015365600585938 16.262292861938476563 16.2418365478515625 16.229923248291015625 16.227283477783203125 16.231891632080078125 16.239353179931640625 16.247097015380859375 16.24777984619140625 16.23795318603515625 16.218866348266601563 16.183298110961914063 16.131498336791992188 16.078821182250976563 16.045820236206054688 16.0302581787109375 16.033334732055664063 15.978404045104980469
16.916128158569335938 16.829862594604492188 16.717023849487304688 16.644428253173828125 16.641664505004882813 16.656557083129882813 16.64220428466796875 16.6036224365234375 16.5640106201171875 16.53801727294921875 16.525114059448242188 16.519689559936523438 16.516719818115234375 16.511854171752929688 16.505636215209960938 16.5084686279296875 16.517995834350585938 16.525051116943359375 16.529703140258789063 16.5304718017578125 16.5216522216796875 16.495923995971679688 16.456354141235351563 16.4136810302734375 16.378595352172851563 16.35520172119140625 16.337200164794921875 16.316354751586914063 16.288202285766601563 16.265558242797851563 16.25380706787109375 16.236063003540039063 16.210872650146484375 16.1727294921875 16.133541107177734375 16.09752655029296875 16.074010848999023438 16.0624847412109375 16.035528182983398438 15.956950187683105469
17.158254623413085938 17.276945114135742188 17.18785858154296875 16.90247344970703125 16.661037445068359375 16.63469696044921875 16.653322219848632813 16.646135330200195313 16.616485595703125 16.585287094116210938 16.560663223266601563 16.536142349243164063 16.505680084228515625 16.480390548706054688 16.476572036743164063 16.499059677124023438 16.525798797607421875 16.5439605712890625 16.5693206787109375 16.60916900634765625 16.660839080810546875 16.702253341674804688 16.717853546142578125 16.713342666625976563 16.697338104248046875 16.6742706298828125 16.63250732421875 16.563676834106445313 16.486703872680664063 16.43772125244140625 16.431577682495117188 16.434604644775390625 16.416387557983398438 16.368684768676757813 16.30750274658203125 16.239522933959960938 16.18477630615234375 16.114217758178710938 16.048198699951171875 15.996472358703613281
17.104757308959960938 17.3461151123046875 17.505710601806640625 17.405773162841796875 16.996564865112304688 16.669240951538085938 16.63292694091796875 16.650934219360351563 16.647848129272460938 16.6178436279296875 16.583539962768554688 16.547410964965820313 16.499982833862304688 16.452579498291015625 16.4364166259765625 16.452367782592773438 16.467449188232421875 16.462129592895507813 16.452943801879882813 16.461578369140625 16.499395370483398438 16.55921173095703125 16.657178878784179688 16.779466629028320313 16.87506103515625 16.934305191040039063 16.9591064453125 16.91424560546875 16.79164886474609375 16.656991958618164063 16.571100234985351563 16.54630279541015625 16.558641433715820313 16.566030502319335938 16.525213241577148438 16.410919189453125 16.24733734130859375 16.086179733276367188 16.063289642333984375 15.986692428588867188
17.323328018188476563 17.581024169921875 17.67710113525390625 17.7147369384765625 17.619371414184570313 17.246511459350585938 16.819810867309570313 16.654451370239257813 16.648258209228515625 16.645244598388671875 16.622957229614257813 16.595426559448242188 16.559963226318359375 16.509983062744140625 16.469470977783203125 16.459863662719726563 16.47815704345703125 16.49681854248046875 16.501796722412109375 16.484283447265625 16.440935134887695313 16.40180206298828125 16.387592315673828125 16.408666610717773438 16.486162185668945313 16.627950668334960938 16.810947418212890625 16.973657608032226563 17.0468292236328125 16.98758697509765625 16.82480621337890625 16.673986434936523438 16.604450225830078125 16.576810836791992188 16.493642807006835938 16.344461441040039063 16.207239151000976563 16.112035751342773438 16.025058746337890625 15.903585433959960938
