MapLinkProApp/griddata/temperature/ASCII/cmems_mod_glo_phy-thetao_anfc_0,083deg_P1D-m_1702458667101_1062,4.asc
ncols        121
nrows        120
xllcorner    -30.041666666667
yllcorner    40.041666655981
cellsize     0.083333333333
NODATA_value  9.9692099683868690468e+36
[rows 36 to 53 of 120, columns 40 to 79 of 121]
4.1806631088256835938 4.0773324966430664063 4.0732235908508300781 4.1288275718688964844 4.1940460205078125 4.2186346054077148438 4.283893585205078125 4.4170279502868652344 4.5010824203491210938 4.5361504554748535156 4.5424151420593261719 4.555599212646484375 4.5660195350646972656 4.6760120391845703125 4.8267879486083984375 4.975337982177734375 5.2135553359985351563 5.59063720703125 5.9370059967041015625 6.0606322288513183594 6.0735988616943359375 6.0732712745666503906 6.01177978515625 5.7459721565246582031 5.4813981056213378906 5.3402619361877441406 5.072113037109375 4.9199194908142089844 5.133678436279296875 5.0429067611694335938 4.7218661308288574219 4.5814471244812011719 4.6653132438659667969 4.770603179931640625 4.7867574691772460938 4.765666961669921875 4.8642687797546386719 5.1123404502868652344 5.4386544227600097656 5.6804699897766113281
4.1500339508056640625 4.0179247856140136719 4.0436167716979980469 4.1294927597045898438 4.1939535140991210938 4.2439274787902832031 4.3495068550109863281 4.4964513778686523438 4.5402026176452636719 4.4955987930297851563 4.5260815620422363281 4.5726485252380371094 4.6143832206726074219 4.6502885818481445313 4.7738480567932128906 4.9471235275268554688 5.2232451438903808594 5.6031336784362792969 5.9052577018737792969 6.0307493209838867188 6.0696554183959960938 6.0564074516296386719 5.9717578887939453125 5.68776702880859375 5.4361019134521484375 5.3837785720825195313 5.1534910202026367188 4.8534030914306640625 5.0786595344543457031 5.0031423568725585938 4.6635150909423828125 4.5047030448913574219 4.5649929046630859375 4.6707625389099121094 4.6991858482360839844 4.7389321327209472656 4.8905038833618164063 5.1929368972778320313 5.608196258544921875 5.7977757453918457031
4.1876826286315917969 4.0376081466674804688 4.0859432220458984375 4.2215871810913085938 4.3213210105895996094 4.3683376312255859375 4.4345464706420898438 4.5386910438537597656 4.5534672737121582031 4.4886107444763183594 4.5349030494689941406 4.6690869331359863281 4.64269256591796875 4.6332468986511230469 4.7607522010803222656 4.9296126365661621094 5.1601104736328125 5.5098481178283691406 5.8169932365417480469 5.9486927986145019531 5.9971523284912109375 5.9747829437255859375 5.8428378105163574219 5.6156735420227050781 5.3958797454833984375 5.298389434814453125 5.1233367919921875 4.9547495841979980469 5.1889576911926269531 4.954620361328125 4.5844659805297851563 4.4295306205749511719 4.5025439262390136719 4.6502461433410644531 4.7484683990478515625 4.7768955230712890625 4.9709429740905761719 5.346256256103515625 5.72560882568359375 5.7020201683044433594
4.16436767578125 4.0243535041809082031 4.0803875923156738281 4.2363572120666503906 4.4200081825256347656 4.5243830680847167969 4.5441007614135742188 4.51152801513671875 4.4423041343688964844 4.4834680557250976563 4.6478142738342285156 4.7186412811279296875 4.6103062629699707031 4.7175664901733398438 4.8693614006042480469 4.9200987815856933594 5.0128841400146484375 5.2803125381469726563 5.57239532470703125 5.8054471015930175781 5.9558739662170410156 5.9266252517700195313 5.7687697410583496094 5.6280636787414550781 5.379482269287109375 5.2188267707824707031 5.2338538169860839844 5.27339935302734375 5.15606689453125 4.8087496757507324219 4.4823474884033203125 4.4648251533508300781 4.5616517066955566406 4.6810774803161621094 4.7716212272644042969 4.8543443679809570313 5.16458892822265625 5.6250238418579101563 5.749828338623046875 5.7065310478210449219
4.1362433433532714844 4.0718550682067871094 4.1152973175048828125 4.2997598648071289063 4.4458861351013183594 4.499217987060546875 4.4841394424438476563 4.42562103271484375 4.4434781074523925781 4.6151595115661621094 4.7864336967468261719 4.6946845054626464844 4.5771632194519042969 4.8344907760620117188 4.9725627899169921875 4.8316564559936523438 4.8303008079528808594 5.0261554718017578125 5.1865286827087402344 5.3058152198791503906 5.5725030899047851563 5.8190326690673828125 5.7807841300964355469 5.6357855796813964844 5.3202414512634277344 5.0431542396545410156 4.9385776519775390625 4.7849755287170410156 4.5798068046569824219 4.4614877700805664063 4.387359619140625 4.5003428459167480469 4.6420607566833496094 4.7448143959045410156 4.8759708404541015625 5.0774350166320800781 5.5008139610290527344 5.7318391799926757813 5.6204104423522949219 5.6051626205444335938
4.1281504631042480469 4.2465047836303710938 4.3158445358276367188 4.4082636833190917969 4.4307346343994140625 4.3800101280212402344 4.3391427993774414063 4.3439393043518066406 4.4856467247009277344 4.7764267921447753906 4.94916534423828125 4.7677435874938964844 4.5981936454772949219 4.74703216552734375 4.8978495597839355469 4.8013582229614257813 4.841899871826171875 4.9331350326538085938 4.9739575386047363281 4.9745235443115234375 4.9246063232421875 5.0331325531005859375 5.1275162696838378906 5.0504555702209472656 4.8025841712951660156 4.5835046768188476563 4.439189910888671875 4.4022173881530761719 4.4417605400085449219 4.3507237434387207031 4.3833360671997070313 4.6373510360717773438 4.7826571464538574219 4.9005160331726074219 5.1374936103820800781 5.4173884391784667969 5.6218461990356445313 5.4554495811462402344 5.3572854995727539063 5.4740948677062988281
4.1609106063842773438 4.2944116592407226563 4.3864102363586425781 4.3938074111938476563 4.3399438858032226563 4.2679896354675292969 4.2350912094116210938 4.3025388717651367188 4.52643585205078125 4.8621959686279296875 5.0128340721130371094 4.8385553359985351563 4.6751546859741210938 4.6277890205383300781 4.874179840087890625 4.9972434043884277344 5.0605602264404296875 5.0931687355041503906 4.9884581565856933594 4.8557186126708984375 4.7209501266479492188 4.6559376716613769531 4.6638402938842773438 4.5974125862121582031 4.4824895858764648438 4.3574962615966796875 4.2772040367126464844 4.2041673660278320313 4.2513055801391601563 4.2887187004089355469 4.3913583755493164063 4.7525944709777832031 4.9213151931762695313 5.1401424407958984375 5.4758372306823730469 5.5666141510009765625 5.3437662124633789063 5.3074750900268554688 5.3278565406799316406 5.4053106307983398438
4.1218762397766113281 4.2128543853759765625 4.3110857009887695313 4.3614091873168945313 4.3194527626037597656 4.2226910591125488281 4.1819868087768554688 4.33868408203125 4.6470794677734375 4.9137258529663085938 5.0375013351440429688 5.0405564308166503906 4.8935980796813964844 4.5630908012390136719 4.6277723312377929688 4.9182314872741699219 5.0343604087829589844 5.08559417724609375 4.9584832191467285156 4.84236907958984375 4.7858490943908691406 4.6565527915954589844 4.53565216064453125 4.4324274063110351563 4.3608269691467285156 4.3356013298034667969 4.3144621849060058594 4.1937055587768554688 4.1913847923278808594 4.3426647186279296875 4.6091527938842773438 4.9188342094421386719 5.0750813484191894531 5.3558979034423828125 5.6339330673217773438 5.4916100502014160156 5.308071136474609375 5.29712677001953125 5.3347115516662597656 5.3709301948547363281
4.3101139068603515625 4.3684740066528320313 4.40479278564453125 4.41696929931640625 4.4557294845581054688 4.4514055252075195313 4.3298115730285644531 4.3081336021423339844 4.5035758018493652344 4.7560892105102539063 4.9526214599609375 5.1211109161376953125 5.2170166969299316406 4.9029150009155273438 4.5763249397277832031 4.8493404388427734375 5.1029486656188964844 5.1796317100524902344 5.1127471923828125 5.1390814781188964844 5.14965057373046875 4.9567651748657226563 4.7605195045471191406 4.6105532646179199219 4.5234932899475097656 4.5213980674743652344 4.5904040336608886719 4.4761481285095214844 4.3564047813415527344 4.4968342781066894531 4.7161746025085449219 5.0318055152893066406 5.2298102378845214844 5.4821171760559082031 5.4961571693420410156 5.3377642631530761719 5.315151214599609375 5.3805069923400878906 5.3610448837280273438 5.3064894676208496094
4.4859299659729003906 4.4162988662719726563 4.30258941650390625 4.2317748069763183594 4.3012318611145019531 4.34345245361328125 4.2261662483215332031 4.2352747917175292969 4.4800047874450683594 4.6879529953002929688 4.7709422111511230469 4.9586014747619628906 5.2682452201843261719 5.1474981307983398438 4.6722216606140136719 4.5956006050109863281 4.9607415199279785156 5.1447110176086425781 5.1216249465942382813 5.1731362342834472656 5.3491296768188476563 5.276576995849609375 5.0828990936279296875 4.8918023109436035156 4.7009515762329101563 4.5912852287292480469 4.6494431495666503906 4.6954789161682128906 4.598430633544921875 4.5812678337097167969 4.7976574897766113281 5.1144165992736816406 5.3195500373840332031 5.4747381210327148438 5.4295392036437988281 5.2500658035278320313 5.2649559974670410156 5.3737225532531738281 5.3294200897216796875 5.2466835975646972656
4.3842654228210449219 4.2048306465148925781 4.0968394279479980469 4.0649552345275878906 4.0657515525817871094 4.0645971298217773438 4.0720343589782714844 4.0990858078002929688 4.2526025772094726563 4.4281005859375 4.5192861557006835938 4.8422217369079589844 5.300689697265625 5.2954883575439453125 4.8991451263427734375 4.7048320770263671875 4.8621325492858886719 5.1054930686950683594 5.312625885009765625 5.4269003868103027344 5.4720292091369628906 5.4339432716369628906 5.347568511962890625 5.2278246879577636719 5.04376220703125 4.7838139533996582031 4.7294878959655761719 4.7760958671569824219 4.7524199485778808594 4.8276767730712890625 4.9538779258728027344 5.1825199127197265625 5.3243894577026367188 5.4501423835754394531 5.3818383216857910156 5.1691823005676269531 5.1187534332275390625 5.1760840415954589844 5.2984342575073242188 5.2503170967102050781
4.1996259689331054688 3.9958298206329345703 3.9704320430755615234 3.9983775615692138672 4.0152993202209472656 4.0397925376892089844 4.0413355827331542969 4.0272383689880371094 4.1033787727355957031 4.2587208747863769531 4.5877943038940429688 5.1189565658569335938 5.4704484939575195313 5.5108585357666015625 5.2873783111572265625 5.1675968170166015625 5.3647007942199707031 5.6180934906005859375 5.8391041755676269531 5.9574565887451171875 5.9600539207458496094 5.8242015838623046875 5.602626800537109375 5.4038252830505371094 5.3515334129333496094 5.076671600341796875 4.8628926277160644531 4.88983917236328125 4.9062633514404296875 4.9478449821472167969 5.0568051338195800781 5.2047629356384277344 5.3130469322204589844 5.4269008636474609375 5.3612523078918457031 5.2753272056579589844 5.1772122383117675781 4.9913415908813476563 4.9215073585510253906 5.0739889144897460938
4.0707006454467773438 3.9533469676971435547 3.9723021984100341797 3.9814393520355224609 4.0074229240417480469 4.0634279251098632813 4.1423344612121582031 4.2599773406982421875 4.4314718246459960938 4.7042155265808105469 5.0403552055358886719 5.2582645416259765625 5.3184933662414550781 5.3637943267822265625 5.4309415817260742188 5.5373554229736328125 5.7568058967590332031 5.9647693634033203125 6.0881028175354003906 6.1682653427124023438 6.2334675788879394531 6.2224111557006835938 6.0598654747009277344 5.8498630523681640625 5.7503786087036132813 5.516265869140625 5.2279362678527832031 5.0832662582397460938 4.9791412353515625 4.9880199432373046875 5.099552154541015625 5.2045993804931640625 5.261692047119140625 5.3806347846984863281 5.3365430831909179688 5.3123993873596191406 5.2702412605285644531 5.0789208412170410156 4.9461221694946289063 4.7667837142944335938
4.1134881973266601563 4.0528512001037597656 4.1564879417419433594 4.3430781364440917969 4.6428599357604980469 4.8968672752380371094 5.0111289024353027344 5.0070633888244628906 5.0037674903869628906 5.0584287643432617188 5.1248259544372558594 5.175872802734375 5.2418107986450195313 5.3960409164428710938 5.5544099807739257813 5.6697745323181152344 5.7996129989624023438 5.9418897628784179688 6.0458931922912597656 6.1301736831665039063 6.2216958999633789063 6.3205208778381347656 6.4213719367980957031 6.4204182624816894531 6.3083901405334472656 6.1033048629760742188 5.8838558197021484375 5.6200761795043945313 5.2742342948913574219 5.0534482002258300781 5.0937333106994628906 5.1715726852416992188 5.2181558609008789063 5.3294544219970703125 5.3078126907348632813 5.1994767189025878906 5.1601591110229492188 5.0449967384338378906 5.0241799354553222656 4.926067352294921875
4.3223514556884765625 4.3298063278198242188 4.5836234092712402344 4.9336895942687988281 5.2614417076110839844 5.4150424003601074219 5.385211944580078125 5.3214092254638671875 5.3027696609497070313 5.3138518333435058594 5.3388667106628417969 5.3723773956298828125 5.4243574142456054688 5.4545469284057617188 5.4370212554931640625 5.504604339599609375 5.6389517784118652344 5.7800874710083007813 5.8683824539184570313 6.0063195228576660156 6.1464967727661132813 6.2186059951782226563 6.2852902412414550781 6.3334569931030273438 6.2579183578491210938 6.1344523429870605469 6.0130553245544433594 5.9367895126342773438 5.7749757766723632813 5.41443634033203125 5.1568651199340820313 5.1289334297180175781 5.16753387451171875 5.2710123062133789063 5.2682013511657714844 5.1883220672607421875 5.1715183258056640625 4.9945225715637207031 4.93939208984375 5.0394678115844726563
4.6253209114074707031 4.5771784782409667969 4.855159759521484375 5.2383289337158203125 5.5461788177490234375 5.6229267120361328125 5.5478510856628417969 5.4611973762512207031 5.386962890625 5.3553647994995117188 5.3589777946472167969 5.3505215644836425781 5.3165540695190429688 5.2629389762878417969 5.2977190017700195313 5.4784855842590332031 5.6460576057434082031 5.7141709327697753906 5.8030943870544433594 6.0032801628112792969 6.1947803497314453125 6.2927832603454589844 6.3492560386657714844 6.3633894920349121094 6.372852325439453125 6.3168315887451171875 6.3171343803405761719 6.2894301414489746094 6.1817612648010253906 5.94110870361328125 5.5868821144104003906 5.3263149261474609375 5.2129077911376953125 5.2868213653564453125 5.2934122085571289063 5.1591382026672363281 5.0957789421081542969 5.0071163177490234375 5.0780901908874511719 5.175174713134765625
4.881809234619140625 4.7715826034545898438 4.9134168624877929688 5.3038811683654785156 5.658184051513671875 5.7455353736877441406 5.6248960494995117188 5.4852375984191894531 5.3876547813415527344 5.2935304641723632813 5.2026968002319335938 5.1415581703186035156 5.0946154594421386719 5.1020493507385253906 5.2608194351196289063 5.4695906639099121094 5.5908207893371582031 5.7205257415771484375 5.935821533203125 6.1140856742858886719 6.2356095314025878906 6.3983798027038574219 6.537380218505859375 6.6443376541137695313 6.7663578987121582031 6.692684173583984375 6.6502227783203125 6.6481103897094726563 6.5742311477661132813 6.4102611541748046875 6.1445436477661132813 5.814136505126953125 5.602191925048828125 5.5267710685729980469 5.3978047370910644531 5.37001800537109375 5.3906764984130859375 5.3764600753784179688 5.4568128585815429688 5.4974584579467773438
5.01009368896484375 4.9157557487487792969 4.863231658935546875 5.0067849159240722656 5.2638478279113769531 5.4472980499267578125 5.4646902084350585938 5.4016895294189453125 5.2976660728454589844 5.1698331832885742188 5.0478734970092773438 4.9476733207702636719 4.9312467575073242188 5.0244050025939941406 5.1926259994506835938 5.409832000732421875 5.6175031661987304688 5.7997722625732421875 5.9629583358764648438 6.0471110343933105469 6.1459660530090332031 6.3515658378601074219 6.5296988487243652344 6.6705160140991210938 6.8733720779418945313 6.8957834243774414063 6.8174037933349609375 6.8519835472106933594 6.8954510688781738281 6.8367428779602050781 6.6417212486267089844 6.3240671157836914063 6.0802788734436035156 5.9066591262817382813 5.8152952194213867188 5.8446717262268066406 5.794147491455078125 5.8241624832153320313 5.8904070854187011719 5.9980664253234863281
