MapLinkProApp/griddata/temperature/ASCII/cmems_mod_glo_phy-thetao_anfc_0,083deg_P1D-m_1702458667101_222,5.asc
ncols        121
nrows        120
xllcorner    -30.041666666667
yllcorner    40.041666655981
cellsize     0.083333333333
NODATA_value  9.9692099683868690468e+36
[rows 0 to 17 of 120, columns 80 to 119 of 121]
11.460932731628417969 11.294330596923828125 11.263169288635253906 11.568597793579101563 11.807490348815917969 12.038927078247070313 12.290987014770507813 12.526764869689941406 12.673274993896484375 12.68387603759765625 12.770287513732910156 12.969569206237792969 13.050405502319335938 12.987271308898925781 12.928484916687011719 12.891316413879394531 12.90856170654296875 12.915723800659179688 12.88958740234375 12.841309547424316406 12.801301002502441406 12.782113075256347656 12.7640228271484375 12.714391708374023438 12.682361602783203125 12.727738380432128906 12.786654472351074219 12.84194183349609375 12.81549072265625 12.739923477172851563 12.712895393371582031 12.732737541198730469 12.775641441345214844 12.732212066650390625 12.548022270202636719 12.324872016906738281 12.139668464660644531 12.033112525939941406 12.130708694458007813 12.368116378784179688
11.855113983154296875 11.889237403869628906 12.107069015502929688 12.225228309631347656 12.183539390563964844 12.28836822509765625 12.451352119445800781 12.63525390625 12.722992897033691406 12.672291755676269531 12.700277328491210938 12.79174041748046875 12.806344985961914063 12.798947334289550781 12.823637962341308594 12.861186981201171875 12.914213180541992188 12.926538467407226563 12.880543708801269531 12.844350814819335938 12.822458267211914063 12.820122718811035156 12.814983367919921875 12.813700675964355469 12.807765960693359375 12.797377586364746094 12.8050994873046875 12.822836875915527344 12.856930732727050781 12.905241966247558594 12.905318260192871094 12.825618743896484375 12.690237998962402344 12.521603584289550781 12.348408699035644531 12.186394691467285156 12.045749664306640625 12.005656242370605469 12.160768508911132813 12.41733551025390625
12.059489250183105469 12.25516510009765625 12.322461128234863281 12.1944580078125 12.187994003295898438 12.341663360595703125 12.506817817687988281 12.701906204223632813 12.755743026733398438 12.678895950317382813 12.66413116455078125 12.723414421081542969 12.791104316711425781 12.869582176208496094 12.933659553527832031 12.938864707946777344 12.931980133056640625 12.988930702209472656 13.035913467407226563 13.091591835021972656 12.933207511901855469 12.873172760009765625 12.838939666748046875 12.848176002502441406 12.894680976867675781 12.936837196350097656 12.958333015441894531 12.917339324951171875 12.816793441772460938 12.655880928039550781 12.499899864196777344 12.397876739501953125 12.338794708251953125 12.310091972351074219 12.291117668151855469 12.239130020141601563 12.172632217407226563 12.183766365051269531 12.292104721069335938 12.436648368835449219
12.296763420104980469 12.327334403991699219 12.164435386657714844 12.119594573974609375 12.238961219787597656 12.3980865478515625 12.544236183166503906 12.759698867797851563 12.800755500793457031 12.725880622863769531 12.695886611938476563 12.722249984741210938 12.791285514831542969 12.888982772827148438 12.942102432250976563 12.928783416748046875 12.934086799621582031 12.956400871276855469 12.948434829711914063 12.97020721435546875 12.977240562438964844 13.009577751159667969 12.991407394409179688 12.958891868591308594 12.895384788513183594 12.819911956787109375 12.719016075134277344 12.593707084655761719 12.462444305419921875 12.396870613098144531 12.378912925720214844 12.407876014709472656 12.51558685302734375 12.623765945434570313 12.672680854797363281 12.663664817810058594 12.619679450988769531 12.634781837463378906 12.680802345275878906 12.730032920837402344
12.405140876770019531 12.337521553039550781 12.201383590698242188 12.19785308837890625 12.283709526062011719 12.399263381958007813 12.544607162475585938 12.779534339904785156 12.846529006958007813 12.806103706359863281 12.7989654541015625 12.818917274475097656 12.831948280334472656 12.834109306335449219 12.821232795715332031 12.836831092834472656 12.934869766235351563 13.048181533813476563 13.14734649658203125 13.229252815246582031 13.1984405517578125 12.943239212036132813 12.86409759521484375 12.723522186279296875 12.600331306457519531 12.485114097595214844 12.369978904724121094 12.360645294189453125 12.395509719848632813 12.508401870727539063 12.524348258972167969 12.556408882141113281 12.608407974243164063 12.678033828735351563 12.775732040405273438 12.817792892456054688 12.760758399963378906 12.659292221069335938 12.612229347229003906 12.623531341552734375
12.574599266052246094 12.514147758483886719 12.371630668640136719 12.281969070434570313 12.295732498168945313 12.361502647399902344 12.510516166687011719 12.772632598876953125 12.902683258056640625 12.901098251342773438 12.976108551025390625 13.08499908447265625 13.15529632568359375 13.16407012939453125 13.161928176879882813 13.216431617736816406 13.297387123107910156 13.297235488891601563 13.179941177368164063 13.022611618041992188 12.795969963073730469 12.648487091064453125 12.502852439880371094 12.336270332336425781 12.193091392517089844 12.11037445068359375 12.092288017272949219 12.177290916442871094 12.263846397399902344 12.315138816833496094 12.245210647583007813 12.288313865661621094 12.400509834289550781 12.469178199768066406 12.601109504699707031 12.773875236511230469 12.854069709777832031 12.786526679992675781 12.6933441162109375 12.681384086608886719
12.641198158264160156 12.549220085144042969 12.42359161376953125 12.333395957946777344 12.31171417236328125 12.325336456298828125 12.454458236694335938 12.716176033020019531 12.926788330078125 12.973525047302246094 13.097314834594726563 13.210788726806640625 13.270563125610351563 13.297045707702636719 13.316104888916015625 13.268251419067382813 13.117838859558105469 12.914804458618164063 12.690430641174316406 12.527723312377929688 12.32569122314453125 12.1647491455078125 12.009063720703125 11.953255653381347656 11.940213203430175781 11.977006912231445313 11.967092514038085938 11.994219779968261719 11.970346450805664063 11.905591011047363281 11.903592109680175781 12.021704673767089844 12.179654121398925781 12.330998420715332031 12.496885299682617188 12.647808074951171875 12.793928146362304688 12.899024009704589844 12.932904243469238281 12.9258575439453125
12.682119369506835938 12.504638671875 12.409784317016601563 12.354495048522949219 12.31005859375 12.256252288818359375 12.336457252502441406 12.605013847351074219 12.871911048889160156 12.972448348999023438 13.104803085327148438 13.165973663330078125 13.213635444641113281 13.192217826843261719 13.0808563232421875 12.931870460510253906 12.761239051818847656 12.562384605407714844 12.384545326232910156 12.249544143676757813 12.093762397766113281 12.009436607360839844 11.963296890258789063 11.946626663208007813 11.894692420959472656 11.936593055725097656 12.013336181640625 12.115349769592285156 12.177857398986816406 12.138860702514648438 12.061550140380859375 12.081329345703125 12.181760787963867188 12.368371963500976563 12.549101829528808594 12.680930137634277344 12.69849395751953125 12.735116958618164063 12.831868171691894531 12.895565986633300781
12.632137298583984375 12.414892196655273438 12.397222518920898438 12.3661651611328125 12.275467872619628906 12.161067008972167969 12.195672988891601563 12.460660934448242188 12.760351181030273438 12.885595321655273438 12.944060325622558594 12.936623573303222656 12.939654350280761719 12.851731300354003906 12.6997222900390625 12.537173271179199219 12.387651443481445313 12.253809928894042969 12.133637428283691406 12.032490730285644531 11.926680564880371094 11.861113548278808594 11.756400108337402344 11.601283073425292969 11.459862709045410156 11.447032928466796875 11.574004173278808594 11.7864227294921875 12.042477607727050781 12.240052223205566406 12.339229583740234375 12.387295722961425781 12.421135902404785156 12.452594757080078125 12.552313804626464844 12.686420440673828125 12.675506591796875 12.602713584899902344 12.630719184875488281 12.762325286865234375
12.473938941955566406 12.306551933288574219 12.314035415649414063 12.261651039123535156 12.197340965270996094 12.100282669067382813 12.110114097595214844 12.344315528869628906 12.636616706848144531 12.820790290832519531 12.87744140625 12.80907440185546875 12.746721267700195313 12.623788833618164063 12.461063385009765625 12.295924186706542969 12.165614128112792969 12.066442489624023438 11.983160018920898438 11.916074752807617188 11.851840972900390625 11.808779716491699219 11.76857757568359375 11.702502250671386719 11.69272613525390625 11.569718360900878906 11.50250244140625 11.62773895263671875 11.918170928955078125 12.124057769775390625 12.23091888427734375 12.365755081176757813 12.429485321044921875 12.442448616027832031 12.557316780090332031 12.620271682739257813 12.581814765930175781 12.526533126831054688 12.466716766357421875 12.499755859375
12.308198928833007813 12.253466606140136719 12.209712982177734375 12.236243247985839844 12.237493515014648438 12.215741157531738281 12.135219573974609375 12.233530998229980469 12.455064773559570313 12.660647392272949219 12.803974151611328125 12.805477142333984375 12.676981925964355469 12.511442184448242188 12.323040008544921875 12.132561683654785156 11.999408721923828125 11.910233497619628906 11.848896980285644531 11.809115409851074219 11.758831024169921875 11.712488174438476563 11.677349090576171875 11.719765663146972656 11.774084091186523438 11.616334915161132813 11.43111419677734375 11.518105506896972656 11.777066230773925781 12.021974563598632813 12.160867691040039063 12.255047798156738281 12.319575309753417969 12.348199844360351563 12.466632843017578125 12.551794052124023438 12.513161659240722656 12.453857421875 12.448602676391601563 12.428017616271972656
12.200642585754394531 12.205409049987792969 12.212680816650390625 12.277976036071777344 12.324808120727539063 12.323792457580566406 12.214001655578613281 12.176160812377929688 12.281551361083984375 12.441498756408691406 12.625447273254394531 12.808403968811035156 12.685490608215332031 12.543325424194335938 12.360947608947753906 12.16297149658203125 11.993219375610351563 11.863000869750976563 11.777317047119140625 11.719573020935058594 11.672905921936035156 11.607874870300292969 11.49803924560546875 11.471216201782226563 11.525736808776855469 11.544615745544433594 11.499502182006835938 11.57875823974609375 11.795068740844726563 12.0288848876953125 12.186838150024414063 12.262299537658691406 12.298937797546386719 12.359517097473144531 12.466843605041503906 12.510014533996582031 12.463836669921875 12.42636871337890625 12.405548095703125 12.413521766662597656
12.028393745422363281 12.018518447875976563 12.081859588623046875 12.159402847290039063 12.254866600036621094 12.299814224243164063 12.289975166320800781 12.2779541015625 12.308146476745605469 12.336446762084960938 12.370792388916015625 12.554045677185058594 12.601643562316894531 12.630049705505371094 12.534142494201660156 12.377355575561523438 12.194136619567871094 12.022019386291503906 11.88771820068359375 11.783857345581054688 11.708059310913085938 11.645857810974121094 11.58251190185546875 11.573758125305175781 11.624773979187011719 11.671513557434082031 11.665896415710449219 11.716352462768554688 11.889094352722167969 12.08756256103515625 12.2399444580078125 12.340799331665039063 12.346773147583007813 12.411329269409179688 12.488866806030273438 12.46692657470703125 12.431721687316894531 12.420226097106933594 12.465952873229980469 12.47148895263671875
11.911311149597167969 11.979549407958984375 12.020900726318359375 12.022289276123046875 12.085968971252441406 12.106595993041992188 12.096653938293457031 12.111798286437988281 12.093233108520507813 12.169716835021972656 12.208606719970703125 12.380202293395996094 12.453197479248046875 12.504101753234863281 12.545889854431152344 12.546544075012207031 12.472902297973632813 12.34641265869140625 12.212805747985839844 12.087894439697265625 11.983507156372070313 11.907693862915039063 11.856771469116210938 11.83890533447265625 11.849240303039550781 11.862725257873535156 11.872242927551269531 11.934238433837890625 12.094915390014648438 12.246850967407226563 12.362879753112792969 12.406148910522460938 12.407744407653808594 12.436632156372070313 12.424923896789550781 12.389698982238769531 12.428904533386230469 12.483330726623535156 12.51784515380859375 12.553177833557128906
12.119143486022949219 12.151956558227539063 12.174465179443359375 12.189916610717773438 12.186437606811523438 12.217891693115234375 12.194588661193847656 12.161802291870117188 12.108124732971191406 12.061029434204101563 12.027957916259765625 12.067530632019042969 12.11322021484375 12.196294784545898438 12.314700126647949219 12.409404754638671875 12.452778816223144531 12.451430320739746094 12.415960311889648438 12.355093955993652344 12.271351814270019531 12.189738273620605469 12.131717681884765625 12.093434333801269531 12.078123092651367188 12.081571578979492188 12.104391098022460938 12.179395675659179688 12.277298927307128906 12.365700721740722656 12.432415008544921875 12.406033515930175781 12.423044204711914063 12.405751228332519531 12.352895736694335938 12.398464202880859375 12.464376449584960938 12.507096290588378906 12.539720535278320313 12.581433296203613281
12.2054595947265625 12.217916488647460938 12.241003990173339844 12.271482467651367188 12.346965789794921875 12.388205528259277344 12.444670677185058594 12.449697494506835938 12.422473907470703125 12.362566947937011719 12.280280113220214844 12.171460151672363281 12.05683135986328125 11.957528114318847656 11.92685699462890625 11.974013328552246094 12.085200309753417969 12.219526290893554688 12.300631523132324219 12.338176727294921875 12.343373298645019531 12.334097862243652344 12.325531959533691406 12.315745353698730469 12.313367843627929688 12.315155029296875 12.314671516418457031 12.336680412292480469 12.347275733947753906 12.38114166259765625 12.359930992126464844 12.36780548095703125 12.371367454528808594 12.322852134704589844 12.313941001892089844 12.39908599853515625 12.467348098754882813 12.519646644592285156 12.58065032958984375 12.632512092590332031
12.073502540588378906 12.099352836608886719 12.167878150939941406 12.261364936828613281 12.339776992797851563 12.414452552795410156 12.431796073913574219 12.461904525756835938 12.44043731689453125 12.403271675109863281 12.345378875732421875 12.278042793273925781 12.185219764709472656 12.084517478942871094 11.985921859741210938 11.877363204956054688 11.835848808288574219 11.888676643371582031 11.992084503173828125 12.101725578308105469 12.179167747497558594 12.226798057556152344 12.248158454895019531 12.264787673950195313 12.279698371887207031 12.270016670227050781 12.266332626342773438 12.263762474060058594 12.290619850158691406 12.301164627075195313 12.330576896667480469 12.344048500061035156 12.28644561767578125 12.277585983276367188 12.348191261291503906 12.463115692138671875 12.581188201904296875 12.690067291259765625 12.74510955810546875 12.767258644104003906
12.066935539245605469 12.159933090209960938 12.276681900024414063 12.392207145690917969 12.43874359130859375 12.451062202453613281 12.467620849609375 12.450213432312011719 12.434563636779785156 12.402321815490722656 12.353755950927734375 12.261951446533203125 12.168833732604980469 12.082316398620605469 12.009060859680175781 11.926060676574707031 11.838817596435546875 11.773221015930175781 11.774378776550292969 11.826153755187988281 11.900959014892578125 11.976266860961914063 12.031931877136230469 12.061687469482421875 12.085979461669921875 12.127420425415039063 12.174383163452148438 12.212284088134765625 12.269116401672363281 12.30731964111328125 12.332639694213867188 12.290975570678710938 12.243458747863769531 12.286684036254882813 12.427916526794433594 12.575166702270507813 12.688232421875 12.772774696350097656 12.777205467224121094 12.7592315673828125
