MapLinkProApp/griddata/temperature/ASCII/cmems_mod_glo_phy-thetao_anfc_0,083deg_P1D-m_1702458667101_29,4.asc
ncols        121
nrows        120
xllcorner    -30.041666666667
yllcorner    40.041666655981
cellsize     0.083333333333
NODATA_value  9.9692099683868690468e+36
[rows 18 to 35 of 120, columns 0 to 39 of 121]
13.998183250427246094 13.868773460388183594 13.723004341125488281 13.585099220275878906 13.582170486450195313 13.784560203552246094 13.967562675476074219 13.847376823425292969 13.479749679565429688 13.095560073852539063 12.820661544799804688 12.666300773620605469 12.608016014099121094 12.602353096008300781 12.611175537109375 12.62850189208984375 12.634789466857910156 12.605804443359375 12.631093978881835938 12.746472358703613281 12.963774681091308594 13.169411659240722656 13.341715812683105469 13.376362800598144531 13.338023185729980469 13.286180496215820313 13.177867889404296875 13.175673484802246094 12.953092575073242188 12.522242546081542969 12.276754379272460938 12.26392364501953125 12.338209152221679688 12.411371231079101563 12.376410484313964844 12.255367279052734375 12.158411979675292969 12.094940185546875 12.169362068176269531 12.3655242919921875
13.999627113342285156 13.833918571472167969 13.689998626708984375 13.616024017333984375 13.66278076171875 13.850481033325195313 14.035582542419433594 13.9976043701171875 13.6892852783203125 13.289308547973632813 12.966301918029785156 12.754969596862792969 12.633336067199707031 12.591746330261230469 12.604120254516601563 12.606374740600585938 12.595568656921386719 12.681732177734375 12.893921852111816406 13.144472122192382813 13.404555320739746094 13.593832015991210938 13.704251289367675781 13.655735969543457031 13.529976844787597656 13.434041976928710938 13.322671890258789063 13.223100662231445313 13.213847160339355469 12.991476058959960938 12.581867218017578125 12.288699150085449219 12.217400550842285156 12.273051261901855469 12.299431800842285156 12.260079383850097656 12.195079803466796875 12.128454208374023438 12.203381538391113281 12.396104812622070313
13.924902915954589844 13.760233879089355469 13.674223899841308594 13.683835029602050781 13.779890060424804688 13.945188522338867188 14.095007896423339844 14.061798095703125 13.780786514282226563 13.381694793701171875 13.028406143188476563 12.781981468200683594 12.640207290649414063 12.588869094848632813 12.59166717529296875 12.632678985595703125 12.753519058227539063 12.997369766235351563 13.2996978759765625 13.584209442138671875 13.818480491638183594 13.956396102905273438 13.976946830749511719 13.843419075012207031 13.665966987609863281 13.531668663024902344 13.432726860046386719 13.321895599365234375 13.243648529052734375 13.186489105224609375 13.00795745849609375 12.718571662902832031 12.44146728515625 12.285298347473144531 12.2471160888671875 12.22803497314453125 12.188626289367675781 12.156752586364746094 12.241888046264648438 12.398081779479980469
13.794061660766601563 13.736370086669921875 13.784344673156738281 13.876790046691894531 13.983855247497558594 14.0892181396484375 14.152024269104003906 14.078629493713378906 13.783079147338867188 13.363888740539550781 12.981574058532714844 12.716538429260253906 12.60297393798828125 12.615797996520996094 12.668835639953613281 12.769495964050292969 13.042586326599121094 13.455263137817382813 13.8006591796875 14.044539451599121094 14.197843551635742188 14.24544525146484375 14.157093048095703125 13.985321044921875 13.771500587463378906 13.648296356201171875 13.560855865478515625 13.479306221008300781 13.357369422912597656 13.225172042846679688 13.129503250122070313 13.02005767822265625 12.826745986938476563 12.566408157348632813 12.364333152770996094 12.258737564086914063 12.191473960876464844 12.190758705139160156 12.274394989013671875 12.358654022216796875
13.837435722351074219 13.900146484375 13.9918060302734375 14.063162803649902344 14.118413925170898438 14.163647651672363281 14.168158531188964844 14.023214340209960938 13.672780036926269531 13.236040115356445313 12.861415863037109375 12.650801658630371094 12.612428665161132813 12.636647224426269531 12.711879730224609375 12.982177734375 13.46463775634765625 13.849825859069824219 14.094926834106445313 14.230359077453613281 14.312788009643554688 14.322238922119140625 14.216023445129394531 14.047921180725097656 13.831833839416503906 13.717474937438964844 13.652462005615234375 13.595620155334472656 13.522907257080078125 13.385249137878417969 13.228680610656738281 13.084372520446777344 12.934134483337402344 12.7554931640625 12.533361434936523438 12.360751152038574219 12.250152587890625 12.227029800415039063 12.283288002014160156 12.32961273193359375
14.042895317077636719 14.082962989807128906 14.097260475158691406 14.106824874877929688 14.140593528747558594 14.172535896301269531 14.112060546875 13.905882835388183594 13.522379875183105469 13.074542999267578125 12.742435455322265625 12.613119125366210938 12.632472991943359375 12.756811141967773438 13.113463401794433594 13.629339218139648438 13.987439155578613281 14.186811447143554688 14.304925918579101563 14.362850189208984375 14.413662910461425781 14.426427841186523438 14.362852096557617188 14.197729110717773438 13.95429229736328125 13.764607429504394531 13.700470924377441406 13.657412528991699219 13.633604049682617188 13.571927070617675781 13.461910247802734375 13.3482666015625 13.084340095520019531 12.831865310668945313 12.650333404541015625 12.488968849182128906 12.353924751281738281 12.281325340270996094 12.276399612426757813 12.292705535888671875
14.119581222534179688 14.099855422973632813 14.070113182067871094 14.044293403625488281 14.066994667053222656 14.141232490539550781 14.097743988037109375 13.834763526916503906 13.415701866149902344 12.990476608276367188 12.745182991027832031 12.719478607177734375 12.859340667724609375 13.262165069580078125 13.821478843688964844 14.130067825317382813 14.280453681945800781 14.359557151794433594 14.384065628051757813 14.392537117004394531 14.417330741882324219 14.429638862609863281 14.42253875732421875 14.338726997375488281 14.110444068908691406 13.849877357482910156 13.732481956481933594 13.691376686096191406 13.674317359924316406 13.6934967041015625 13.645477294921875 13.609552383422851563 13.449799537658691406 13.059830665588378906 12.712503433227539063 12.518157005310058594 12.398186683654785156 12.308476448059082031 12.256783485412597656 12.254388809204101563
14.065833091735839844 14.027894973754882813 13.994485855102539063 13.972088813781738281 13.985540390014648438 14.062906265258789063 14.0807342529296875 13.875619888305664063 13.487126350402832031 13.134153366088867188 12.980806350708007813 13.111515045166015625 13.53466796875 14.007429122924804688 14.254042625427246094 14.338938713073730469 14.372308731079101563 14.390368461608886719 14.409825325012207031 14.438859939575195313 14.459193229675292969 14.443242073059082031 14.406001091003417969 14.385176658630371094 14.196768760681152344 13.922965049743652344 13.77501678466796875 13.741240501403808594 13.75426483154296875 13.810704231262207031 13.828693389892578125 13.78899383544921875 13.78279876708984375 13.577038764953613281 13.108023643493652344 12.700231552124023438 12.460938453674316406 12.341658592224121094 12.271055221557617188 12.247201919555664063
13.88500213623046875 13.87615203857421875 13.936765670776367188 14.027543067932128906 14.072607040405273438 14.089831352233886719 14.088744163513183594 13.93479156494140625 13.628131866455078125 13.389738082885742188 13.4808807373046875 13.888113975524902344 14.249796867370605469 14.36179351806640625 14.365968704223632813 14.36890411376953125 14.420286178588867188 14.498877525329589844 14.578390121459960938 14.646029472351074219 14.666268348693847656 14.626119613647460938 14.527894020080566406 14.483036994934082031 14.269870758056640625 14.001517295837402344 13.842822074890136719 13.814532279968261719 13.83748626708984375 13.832891464233398438 13.823643684387207031 13.780642509460449219 13.8021087646484375 13.824429512023925781 13.539254188537597656 13.054052352905273438 12.653313636779785156 12.433033943176269531 12.30562591552734375 12.276700973510742188
13.640119552612304688 13.696150779724121094 13.818485260009765625 13.888940811157226563 13.908092498779296875 13.910727500915527344 13.850681304931640625 13.719111442565917969 13.596221923828125 13.709890365600585938 14.018443107604980469 14.241018295288085938 14.335140228271484375 14.314076423645019531 14.338228225708007813 14.413851737976074219 14.515133857727050781 14.629119873046875 14.735526084899902344 14.827763557434082031 14.861392021179199219 14.825694084167480469 14.734185218811035156 14.621603965759277344 14.445517539978027344 14.118058204650878906 13.947498321533203125 13.89191436767578125 13.862775802612304688 13.742961883544921875 13.697910308837890625 13.721440315246582031 13.760392189025878906 13.844056129455566406 13.724297523498535156 13.336686134338378906 12.87506866455078125 12.591688156127929688 12.411280632019042969 12.384598731994628906
13.520092010498046875 13.610632896423339844 13.69924163818359375 13.749802589416503906 13.786726951599121094 13.837786674499511719 13.906721115112304688 13.988097190856933594 14.092709541320800781 14.231042861938476563 14.322283744812011719 14.315248489379882813 14.298395156860351563 14.297559738159179688 14.326378822326660156 14.385191917419433594 14.495141983032226563 14.627161026000976563 14.765841484069824219 14.872158050537109375 14.91510009765625 14.890443801879882813 14.825261116027832031 14.734027862548828125 14.60332489013671875 14.343129158020019531 14.1204833984375 14.024984359741210938 13.912410736083984375 13.711110115051269531 13.630138397216796875 13.809140205383300781 13.889943122863769531 13.939360618591308594 13.881013870239257813 13.61235809326171875 13.183882713317871094 12.859449386596679688 12.622231483459472656 12.616892814636230469
13.719058036804199219 13.855269432067871094 13.945576667785644531 14.011752128601074219 14.062952041625976563 14.12018585205078125 14.182476997375488281 14.247387886047363281 14.304351806640625 14.318538665771484375 14.278516769409179688 14.222085952758789063 14.19437408447265625 14.204820632934570313 14.243206977844238281 14.320458412170410156 14.41828155517578125 14.53014373779296875 14.663289070129394531 14.786211013793945313 14.860096931457519531 14.847720146179199219 14.782895088195800781 14.707857131958007813 14.615147590637207031 14.4804840087890625 14.276052474975585938 14.170202255249023438 14.005443572998046875 13.75308990478515625 13.64804840087890625 13.859319686889648438 14.07241058349609375 14.094591140747070313 14.022465705871582031 13.768159866333007813 13.384214401245117188 13.048928260803222656 12.846937179565429688 12.835391998291015625
13.957297325134277344 14.023453712463378906 14.056135177612304688 14.088421821594238281 14.128688812255859375 14.182287216186523438 14.243643760681152344 14.274136543273925781 14.245539665222167969 14.172476768493652344 14.093159675598144531 14.043476104736328125 14.030362129211425781 14.050048828125 14.11988067626953125 14.238850593566894531 14.352280616760253906 14.443101882934570313 14.531313896179199219 14.642366409301757813 14.747676849365234375 14.800615310668945313 14.773166656494140625 14.698092460632324219 14.588361740112304688 14.4844512939453125 14.367888450622558594 14.289539337158203125 14.140130043029785156 13.838346481323242188 13.675722122192382813 13.782037734985351563 14.040897369384765625 14.117158889770507813 14.051103591918945313 13.809040069580078125 13.473090171813964844 13.180112838745117188 13.03159332275390625 12.969946861267089844
14.037181854248046875 14.003187179565429688 13.969045639038085938 13.963369369506835938 13.988340377807617188 14.030562400817871094 14.034246444702148438 13.97582244873046875 13.884455680847167969 13.801987648010253906 13.754697799682617188 13.737092971801757813 13.752847671508789063 13.813115119934082031 13.925258636474609375 14.073714256286621094 14.228891372680664063 14.335539817810058594 14.392710685729980469 14.448604583740234375 14.547352790832519531 14.655832290649414063 14.722009658813476563 14.718506813049316406 14.653286933898925781 14.540637016296386719 14.429155349731445313 14.335445404052734375 14.21135711669921875 13.949886322021484375 13.729010581970214844 13.681871414184570313 13.757024765014648438 13.840559005737304688 13.788222312927246094 13.6239013671875 13.388770103454589844 13.207547187805175781 13.173694610595703125 13.134127616882324219
13.976996421813964844 13.889484405517578125 13.8227996826171875 13.792657852172851563 13.798162460327148438 13.787072181701660156 13.728727340698242188 13.646241188049316406 13.577184677124023438 13.540440559387207031 13.528746604919433594 13.535452842712402344 13.564077377319335938 13.623020172119140625 13.726498603820800781 13.878930091857910156 14.064578056335449219 14.229493141174316406 14.319720268249511719 14.35227203369140625 14.393279075622558594 14.480770111083984375 14.586908340454101563 14.663702011108398438 14.679753303527832031 14.628757476806640625 14.522881507873535156 14.410924911499023438 14.269713401794433594 14.053006172180175781 13.825620651245117188 13.687696456909179688 13.640962600708007813 13.635939598083496094 13.591872215270996094 13.503064155578613281 13.394495010375976563 13.3109130859375 13.367826461791992188 13.387472152709960938
13.865073204040527344 13.763525009155273438 13.700175285339355469 13.674500465393066406 13.655602455139160156 13.617522239685058594 13.560219764709472656 13.509350776672363281 13.489264488220214844 13.492566108703613281 13.498633384704589844 13.5044097900390625 13.507511138916015625 13.513866424560546875 13.541658401489257813 13.609593391418457031 13.740332603454589844 13.924269676208496094 14.1120758056640625 14.241422653198242188 14.303709030151367188 14.348024368286132813 14.412005424499511719 14.495609283447265625 14.581418991088867188 14.635453224182128906 14.625032424926757813 14.567432403564453125 14.494205474853515625 14.381869316101074219 14.209916114807128906 14.036754608154296875 13.914671897888183594 13.839145660400390625 13.758943557739257813 13.6663818359375 13.6340789794921875 13.616199493408203125 13.690912246704101563 13.690494537353515625
13.810379981994628906 13.729892730712890625 13.674132347106933594 13.644048690795898438 13.615496635437011719 13.583302497863769531 13.556077957153320313 13.540706634521484375 13.538949012756347656 13.539463043212890625 13.541604042053222656 13.553111076354980469 13.554189682006835938 13.54531097412109375 13.531055450439453125 13.525170326232910156 13.553378105163574219 13.637894630432128906 13.788631439208984375 13.974915504455566406 14.145308494567871094 14.270206451416015625 14.359734535217285156 14.417565345764160156 14.45961761474609375 14.532171249389648438 14.610950469970703125 14.618620872497558594 14.587789535522460938 14.563607215881347656 14.533695220947265625 14.454774856567382813 14.361482620239257813 14.262837409973144531 14.157843589782714844 14.062949180603027344 14.010048866271972656 13.978789329528808594 14.014001846313476563 13.966561317443847656
13.790897369384765625 13.730904579162597656 13.702307701110839844 13.679850578308105469 13.649609565734863281 13.620004653930664063 13.598233222961425781 13.586890220642089844 13.585544586181640625 13.5922393798828125 13.60179901123046875 13.609972953796386719 13.61480712890625 13.6118316650390625 13.598109245300292969 13.57294464111328125 13.546597480773925781 13.549579620361328125 13.599139213562011719 13.693249702453613281 13.824759483337402344 13.989200592041015625 14.174747467041015625 14.346388816833496094 14.440019607543945313 14.442431449890136719 14.46240234375 14.538931846618652344 14.579289436340332031 14.56951141357421875 14.566435813903808594 14.575406074523925781 14.573245048522949219 14.549181938171386719 14.510428428649902344 14.450747489929199219 14.363272666931152344 14.273653030395507813 14.187643051147460938 14.032365798950195313
