MapLinkProApp/griddata/temperature/ASCII/cmems_mod_glo_phy-thetao_anfc_0,083deg_P1D-m_1702458667101_453,9.asc
ncols        121
nrows        120
xllcorner    -30.041666666667
yllcorner    40.041666655981
cellsize     0.083333333333
NODATA_value  9.9692099683868690468e+36
[rows 18 to 35 of 120, columns 0 to 39 of 121]
10.374527931213378906 10.497150421142578125 10.618276596069335938 10.623972892761230469 10.489742279052734375 10.196714401245117188 9.7946653366088867188 9.3993349075317382813 9.0455598831176757813 8.6835775375366210938 8.315097808837890625 8.0103921890258789063 7.8262414932250976563 7.8008542060852050781 7.9337849617004394531 8.0759229660034179688 8.068965911865234375 8.0548181533813476563 8.135593414306640625 8.3835363388061523438 8.7183980941772460938 9.0843067169189453125 9.4365520477294921875 9.7316226959228515625 9.972522735595703125 10.089376449584960938 10.024394989013671875 9.7778196334838867188 9.5706930160522460938 9.3178796768188476563 8.8688182830810546875 8.3837099075317382813 7.9977746009826660156 7.757259368896484375 7.5734319686889648438 7.4252901077270507813 7.3490662574768066406 7.3146944046020507813 7.2805323600769042969 7.2387623786926269531
10.778491020202636719 10.801198959350585938 10.823449134826660156 10.730854034423828125 10.539882659912109375 10.228230476379394531 9.8172435760498046875 9.417041778564453125 9.0303802490234375 8.6288423538208007813 8.2473440170288085938 7.9657688140869140625 7.8660192489624023438 7.9543609619140625 8.0706605911254882813 8.0902738571166992188 8.19745635986328125 8.4105558395385742188 8.6524553298950195313 8.9542798995971679688 9.2853403091430664063 9.6045103073120117188 9.8798770904541015625 10.123260498046875 10.317025184631347656 10.454624176025390625 10.430170059204101563 10.177074432373046875 9.8498172760009765625 9.6009130477905273438 9.3325929641723632813 8.924587249755859375 8.4518489837646484375 8.077880859375 7.7595820426940917969 7.5323286056518554688 7.4342265129089355469 7.4218401908874511719 7.400634765625 7.3706498146057128906
11.044054031372070313 10.972205162048339844 10.866411209106445313 10.687265396118164063 10.447521209716796875 10.129865646362304688 9.7525835037231445313 9.3790540695190429688 9.0106687545776367188 8.639148712158203125 8.3194684982299804688 8.1235818862915039063 8.0743198394775390625 8.1305856704711914063 8.2218904495239257813 8.3501539230346679688 8.580516815185546875 8.8302507400512695313 9.1051721572875976563 9.4052686691284179688 9.7100887298583984375 9.9820461273193359375 10.223031997680664063 10.437045097351074219 10.611220359802246094 10.707977294921875 10.709515571594238281 10.578336715698242188 10.2671661376953125 9.9167051315307617188 9.633701324462890625 9.3325204849243164063 8.9429769515991210938 8.5246219635009765625 8.1208677291870117188 7.8002719879150390625 7.6676554679870605469 7.6060538291931152344 7.5106091499328613281 7.470104217529296875
11.13605499267578125 10.971211433410644531 10.780559539794921875 10.559698104858398438 10.282137870788574219 9.9466409683227539063 9.63236236572265625 9.32370758056640625 9.0133571624755859375 8.7246503829956054688 8.5094318389892578125 8.3828887939453125 8.3552045822143554688 8.4370107650756835938 8.5462493896484375 8.6776742935180664063 8.915584564208984375 9.2670764923095703125 9.618015289306640625 9.903659820556640625 10.145359039306640625 10.350447654724121094 10.559083938598632813 10.787566184997558594 10.890203475952148438 10.881710052490234375 10.824322700500488281 10.748819351196289063 10.646295547485351563 10.389720916748046875 10.072620391845703125 9.7706127166748046875 9.4402933120727539063 9.0072498321533203125 8.5371541976928710938 8.1852207183837890625 7.9928345680236816406 7.8022933006286621094 7.6475510597229003906 7.674564361572265625
11.080645561218261719 10.862711906433105469 10.61032867431640625 10.374937057495117188 10.101785659790039063 9.8470277786254882813 9.59722137451171875 9.363910675048828125 9.0882291793823242188 8.8028612136840820313 8.59250640869140625 8.4891643524169921875 8.4831609725952148438 8.537059783935546875 8.6483402252197265625 8.8718996047973632813 9.283077239990234375 9.7225522994995117188 10.060803413391113281 10.278948783874511719 10.443871498107910156 10.599961280822753906 10.775979042053222656 10.967490196228027344 11.027452468872070313 10.941414833068847656 10.824564933776855469 10.735011100769042969 10.6736602783203125 10.584086418151855469 10.367671012878417969 10.082040786743164063 9.761608123779296875 9.3627185821533203125 8.8836994171142578125 8.4981212615966796875 8.2248897552490234375 7.9457573890686035156 7.7625651359558105469 7.7544651031494140625
10.693006515502929688 10.487887382507324219 10.341930389404296875 10.19071197509765625 10.002778053283691406 9.854228973388671875 9.7047367095947265625 9.51338958740234375 9.2301778793334960938 8.8825387954711914063 8.6267566680908203125 8.5387907028198242188 8.573215484619140625 8.7243986129760742188 9.0063228607177734375 9.4426336288452148438 9.9175386428833007813 10.309167861938476563 10.57293701171875 10.701137542724609375 10.785969734191894531 10.883528709411621094 11.035531044006347656 11.158034324645996094 11.138463973999023438 11.040835380554199219 10.961559295654296875 10.944751739501953125 10.88422393798828125 10.795931816101074219 10.681242942810058594 10.488712310791015625 10.207699775695800781 9.8258619308471679688 9.3520336151123046875 8.9054441452026367188 8.5044698715209960938 8.1038274765014648438 7.8127551078796386719 7.6894736289978027344
10.265474319458007813 10.192135810852050781 10.156136512756347656 10.148896217346191406 10.104017257690429688 9.9826526641845703125 9.8558502197265625 9.62766265869140625 9.2809209823608398438 8.9304151535034179688 8.746368408203125 8.739105224609375 8.8087339401245117188 9.0569658279418945313 9.512676239013671875 10.010778427124023438 10.438492774963378906 10.800053596496582031 11.009127616882324219 11.050228118896484375 11.062778472900390625 11.102083206176757813 11.207161903381347656 11.296893119812011719 11.22182464599609375 11.147723197937011719 11.185132980346679688 11.213549613952636719 11.130335807800292969 10.970368385314941406 10.837357521057128906 10.716740608215332031 10.497310638427734375 10.167409896850585938 9.7269611358642578125 9.2350330352783203125 8.765972137451171875 8.312778472900390625 7.9439439773559570313 7.7224335670471191406
10.207678794860839844 10.2365875244140625 10.273877143859863281 10.296433448791503906 10.264342308044433594 10.128306388854980469 9.9611024856567382813 9.7250738143920898438 9.4024362564086914063 9.160198211669921875 9.0656223297119140625 9.04865264892578125 9.2192440032958984375 9.6568822860717773438 10.116474151611328125 10.499026298522949219 10.858755111694335938 11.128398895263671875 11.249139785766601563 11.285276412963867188 11.334707260131835938 11.348143577575683594 11.408964157104492188 11.470371246337890625 11.359450340270996094 11.301492691040039063 11.368947029113769531 11.303571701049804688 11.144608497619628906 10.9663848876953125 10.854779243469238281 10.824479103088378906 10.701184272766113281 10.437348365783691406 10.040998458862304688 9.568515777587890625 9.0856256484985351563 8.615650177001953125 8.1921110153198242188 7.9056162834167480469
10.363194465637207031 10.406641006469726563 10.397356986999511719 10.312769889831542969 10.248455047607421875 10.118337631225585938 9.904567718505859375 9.6813526153564453125 9.5085582733154296875 9.4199619293212890625 9.4204120635986328125 9.56719970703125 9.861202239990234375 10.136583328247070313 10.420574188232421875 10.752285003662109375 11.020342826843261719 11.240653038024902344 11.431153297424316406 11.55281829833984375 11.655514717102050781 11.650357246398925781 11.6609649658203125 11.697482109069824219 11.544522285461425781 11.464412689208984375 11.554902076721191406 11.434309959411621094 11.176092147827148438 11.046285629272460938 10.989565849304199219 10.978677749633789063 10.923583984375 10.711743354797363281 10.342642784118652344 9.8988065719604492188 9.4271478652954101563 8.9779233932495117188 8.5519351959228515625 8.2294626235961914063
10.225650787353515625 10.248574256896972656 10.284112930297851563 10.230648040771484375 10.108819961547851563 9.9424142837524414063 9.755413055419921875 9.6243457794189453125 9.5978937149047851563 9.6529102325439453125 9.7465925216674804688 9.860439300537109375 9.9886751174926757813 10.159864425659179688 10.437327384948730469 10.725172042846679688 10.983562469482421875 11.248059272766113281 11.468532562255859375 11.594235420227050781 11.700824737548828125 11.768061637878417969 11.816184043884277344 11.878841400146484375 11.73963165283203125 11.558642387390136719 11.580179214477539063 11.531231880187988281 11.225354194641113281 11.079970359802246094 11.037267684936523438 11.065266609191894531 11.035158157348632813 10.850588798522949219 10.525487899780273438 10.13179779052734375 9.7123126983642578125 9.2891759872436523438 8.839824676513671875 8.4960651397705078125
10.09276580810546875 10.127907752990722656 10.068839073181152344 9.9736995697021484375 9.8777942657470703125 9.7717924118041992188 9.6677312850952148438 9.6031780242919921875 9.5746469497680664063 9.5466098785400390625 9.5309362411499023438 9.5625448226928710938 9.6615800857543945313 9.877838134765625 10.21138763427734375 10.567955970764160156 10.831495285034179688 11.019488334655761719 11.208448410034179688 11.382346153259277344 11.585048675537109375 11.836231231689453125 12.112540245056152344 12.312291145324707031 12.2295989990234375 11.867921829223632813 11.633158683776855469 11.55094146728515625 11.32730865478515625 11.0775604248046875 11.023958206176757813 11.08737945556640625 11.077454566955566406 10.945015907287597656 10.674872398376464844 10.353611946105957031 9.9837903976440429688 9.5480241775512695313 9.089458465576171875 8.7987575531005859375
9.8511486053466796875 9.762958526611328125 9.6884307861328125 9.5958166122436523438 9.5040388107299804688 9.4016141891479492188 9.2864208221435546875 9.187992095947265625 9.102294921875 9.0329570770263671875 9.01610565185546875 9.0701389312744140625 9.2221574783325195313 9.5053472518920898438 9.8595905303955078125 10.153508186340332031 10.376752853393554688 10.613817214965820313 10.863692283630371094 11.120462417602539063 11.406744956970214844 11.776384353637695313 12.134972572326660156 12.446115493774414063 12.496552467346191406 12.275175094604492188 11.929301261901855469 11.637517929077148438 11.450328826904296875 11.157390594482421875 10.900678634643554688 10.891027450561523438 10.936010360717773438 10.861064910888671875 10.669001579284667969 10.373076438903808594 10.018718719482421875 9.6313066482543945313 9.2658853530883789063 9.0384845733642578125
9.4954347610473632813 9.3573331832885742188 9.2275705337524414063 9.0922975540161132813 8.940685272216796875 8.7829637527465820313 8.6371822357177734375 8.52307891845703125 8.4418821334838867188 8.3948211669921875 8.404041290283203125 8.4811964035034179688 8.6416978836059570313 8.909435272216796875 9.25218963623046875 9.6319065093994140625 9.9290533065795898438 10.181014060974121094 10.453351974487304688 10.725023269653320313 11.009273529052734375 11.368701934814453125 11.736990928649902344 12.082259178161621094 12.231806755065917969 12.214365959167480469 12.058839797973632813 11.797229766845703125 11.554197311401367188 11.368603706359863281 11.088726997375488281 10.95538330078125 10.902215003967285156 10.746671676635742188 10.55522918701171875 10.301844596862792969 10.005875587463378906 9.6960477828979492188 9.4011821746826171875 9.1998538970947265625
9.0420989990234375 8.8052654266357421875 8.5925016403198242188 8.355022430419921875 8.112026214599609375 7.8976802825927734375 7.7226338386535644531 7.6089906692504882813 7.5445246696472167969 7.52008056640625 7.553699493408203125 7.6556034088134765625 7.8698625564575195313 8.2062625885009765625 8.6567411422729492188 9.097415924072265625 9.4500713348388671875 9.7214879989624023438 10.010814666748046875 10.338830947875976563 10.620653152465820313 10.911089897155761719 11.257203102111816406 11.624895095825195313 11.916753768920898438 11.936783790588378906 11.896325111389160156 11.772961616516113281 11.619287490844726563 11.471761703491210938 11.297490119934082031 11.159089088439941406 11.08097076416015625 10.895914077758789063 10.604351043701171875 10.29878997802734375 9.9803018569946289063 9.7069082260131835938 9.4818210601806640625 9.3198223114013671875
8.6145648956298828125 8.2951412200927734375 7.984188079833984375 7.6746315956115722656 7.4044122695922851563 7.1734242439270019531 7.005702972412109375 6.9082689285278320313 6.8531646728515625 6.8451075553894042969 6.8920311927795410156 7.0039801597595214844 7.2117862701416015625 7.5230083465576171875 7.9932279586791992188 8.5262517929077148438 8.9997415542602539063 9.3505926132202148438 9.6792469024658203125 10.045680999755859375 10.359803199768066406 10.604384422302246094 10.84119415283203125 11.094532012939453125 11.483598709106445313 11.732905387878417969 11.811758995056152344 11.828499794006347656 11.758656501770019531 11.559368133544921875 11.322054862976074219 11.132502555847167969 10.984104156494140625 10.806305885314941406 10.575406074523925781 10.278973579406738281 9.9588537216186523438 9.6672420501708984375 9.4830875396728515625 9.3820581436157226563
7.9639983177185058594 7.5995044708251953125 7.2846899032592773438 7.0105147361755371094 6.7904958724975585938 6.6209764480590820313 6.5050263404846191406 6.4351758956909179688 6.4139270782470703125 6.4412569999694824219 6.4917249679565429688 6.5716729164123535156 6.6763548851013183594 6.8263721466064453125 7.1065235137939453125 7.5738711357116699219 8.158359527587890625 8.6891756057739257813 9.1015186309814453125 9.5400190353393554688 10.008067131042480469 10.425503730773925781 10.673571586608886719 10.689117431640625 10.733263969421386719 11.015561103820800781 11.356902122497558594 11.536535263061523438 11.599341392517089844 11.590112686157226563 11.403674125671386719 11.160297393798828125 10.957849502563476563 10.736823081970214844 10.497325897216796875 10.2573394775390625 9.9882173538208007813 9.7143716812133789063 9.5899553298950195313 9.56887054443359375
7.5341892242431640625 7.2491965293884277344 6.9780035018920898438 6.761615753173828125 6.5963549613952636719 6.4623041152954101563 6.3765711784362792969 6.3454623222351074219 6.3762712478637695313 6.4557046890258789063 6.5520720481872558594 6.6658277511596679688 6.755802154541015625 6.7976732254028320313 6.799243927001953125 6.9004836082458496094 7.2452831268310546875 7.8127665519714355469 8.3198766708374023438 8.7344303131103515625 9.210720062255859375 9.799724578857421875 10.373179435729980469 10.664499282836914063 10.603357315063476563 10.496229171752929688 10.716439247131347656 11.090224266052246094 11.269736289978027344 11.3388214111328125 11.326672554016113281 11.179340362548828125 10.970355033874511719 10.798801422119140625 10.586939811706542969 10.353482246398925781 10.111829757690429688 9.91736602783203125 9.8403949737548828125 9.83332061767578125
7.4479422569274902344 7.1878042221069335938 6.9890871047973632813 6.8248953819274902344 6.679492950439453125 6.5577363967895507813 6.4724836349487304688 6.4383940696716308594 6.4568157196044921875 6.5190081596374511719 6.6324739456176757813 6.7843923568725585938 6.9525318145751953125 7.1032605171203613281 7.1955599784851074219 7.1765727996826171875 7.0985164642333984375 7.1658143997192382813 7.5029463768005371094 7.9439096450805664063 8.3602857589721679688 8.8403120040893554688 9.4167985916137695313 10.001244544982910156 10.400409698486328125 10.482244491577148438 10.439863204956054688 10.53633880615234375 10.788617134094238281 10.984196662902832031 11.124176025390625 11.144718170166015625 11.067524909973144531 10.946565628051757813 10.828991889953613281 10.693918228149414063 10.545377731323242188 10.379713058471679688 10.240468978881835938 10.080799102783203125
