MapLinkProApp/griddata/temperature/ASCII/cmems_mod_glo_phy-thetao_anfc_0,083deg_P1D-m_1702458667101_380,2.asc
ncols        121
nrows        120
xllcorner    -30.041666666667
yllcorner    40.041666655981
cellsize     0.083333333333
NODATA_value  9.9692099683868690468e+36
[rows 18 to 35 of 120, columns 0 to 39 of 121]
11.551027297973632813 11.609642982482910156 11.701303482055664063 11.782288551330566406 11.761454582214355469 11.513491630554199219 11.102169036865234375 10.636325836181640625 10.136770248413085938 9.6489801406860351563 9.2417459487915039063 8.9224529266357421875 8.7273654937744140625 8.7207927703857421875 8.8397426605224609375 8.9485626220703125 8.9927387237548828125 9.0069513320922851563 9.0779485702514648438 9.2257013320922851563 9.5172758102416992188 9.9098052978515625 10.316363334655761719 10.703801155090332031 10.912384986877441406 11.048490524291992188 11.028990745544433594 10.792809486389160156 10.587977409362792969 10.316659927368164063 9.865215301513671875 9.339496612548828125 8.8991079330444335938 8.59466552734375 8.3674716949462890625 8.1548900604248046875 8.057407379150390625 8.1153659820556640625 8.2143545150756835938 8.2523660659790039063
11.743622779846191406 11.770168304443359375 11.807307243347167969 11.8534698486328125 11.79363250732421875 11.563154220581054688 11.17742156982421875 10.689799308776855469 10.177593231201171875 9.6910123825073242188 9.2919206619262695313 9.0080327987670898438 8.8538122177124023438 8.8525838851928710938 8.9649524688720703125 9.09175872802734375 9.1335859298706054688 9.1956424713134765625 9.3711023330688476563 9.6881809234619140625 10.142649650573730469 10.595219612121582031 10.975191116333007813 11.263436317443847656 11.452823638916015625 11.412423133850097656 11.370822906494140625 11.188363075256347656 10.863040924072265625 10.6050567626953125 10.319820404052734375 9.9022064208984375 9.4384365081787109375 9.025543212890625 8.6850385665893554688 8.3747014999389648438 8.2156391143798828125 8.2489347457885742188 8.324146270751953125 8.287540435791015625
11.848000526428222656 11.857614517211914063 11.872828483581542969 11.856778144836425781 11.76861572265625 11.499913215637207031 11.108282089233398438 10.624134063720703125 10.138143539428710938 9.7254962921142578125 9.388874053955078125 9.1317548751831054688 9.0153493881225585938 9.0472583770751953125 9.1178741455078125 9.1727647781372070313 9.2581624984741210938 9.5169401168823242188 9.9382839202880859375 10.421984672546386719 10.872731208801269531 11.242017745971679688 11.495585441589355469 11.703833580017089844 11.765362739562988281 11.705567359924316406 11.570840835571289063 11.453701019287109375 11.213174819946289063 10.9069366455078125 10.623068809509277344 10.323618888854980469 9.9714794158935546875 9.5558862686157226563 9.1271524429321289063 8.7565221786499023438 8.549419403076171875 8.5091199874877929688 8.4487371444702148438 8.3848018646240234375
11.998064994812011719 11.941769599914550781 11.867331504821777344 11.766345977783203125 11.610228538513183594 11.348131179809570313 10.961476325988769531 10.565731048583984375 10.21231842041015625 9.8823099136352539063 9.5516920089721679688 9.3227968215942382813 9.2568902969360351563 9.2216901779174804688 9.1977891921997070313 9.3267993927001953125 9.702838897705078125 10.244096755981445313 10.776004791259765625 11.188039779663085938 11.454195976257324219 11.614713668823242188 11.769865036010742188 11.922938346862792969 11.927747726440429688 11.781872749328613281 11.680813789367675781 11.639311790466308594 11.588985443115234375 11.398961067199707031 11.107293128967285156 10.762363433837890625 10.437969207763671875 10.079596519470214844 9.6257448196411132813 9.2078647613525390625 8.948200225830078125 8.7859935760498046875 8.6327228546142578125 8.6309823989868164063
11.941506385803222656 11.886082649230957031 11.849976539611816406 11.727376937866210938 11.495671272277832031 11.199496269226074219 10.928912162780761719 10.633886337280273438 10.329633712768554688 9.9913482666015625 9.6302013397216796875 9.3774347305297851563 9.2812128067016601563 9.26335906982421875 9.3586788177490234375 9.72589111328125 10.2735748291015625 10.816342353820800781 11.259140968322753906 11.5762786865234375 11.766359329223632813 11.849555015563964844 11.941066741943359375 12.0562744140625 12.050994873046875 11.857737541198730469 11.711643218994140625 11.655817985534667969 11.619131088256835938 11.589191436767578125 11.445450782775878906 11.16770172119140625 10.844137191772460938 10.457096099853515625 9.980121612548828125 9.5176019668579101563 9.2127542495727539063 8.9591083526611328125 8.741252899169921875 8.6989641189575195313
11.82410430908203125 11.712695121765136719 11.592693328857421875 11.5199127197265625 11.421803474426269531 11.208713531494140625 10.979055404663085938 10.723877906799316406 10.395148277282714844 9.9870309829711914063 9.5913066864013671875 9.3367757797241210938 9.2917633056640625 9.483608245849609375 9.8929491043090820313 10.43918609619140625 10.986886024475097656 11.484643936157226563 11.878668785095214844 12.12868499755859375 12.198582649230957031 12.186252593994140625 12.143847465515136719 12.178423881530761719 12.210431098937988281 12.09761810302734375 11.945961952209472656 11.809374809265136719 11.675874710083007813 11.568614959716796875 11.497610092163085938 11.399465560913085938 11.222586631774902344 10.944989204406738281 10.49506378173828125 9.9713182449340820313 9.5441541671752929688 9.161952972412109375 8.8508701324462890625 8.6952724456787109375
11.447854995727539063 11.309901237487792969 11.294210433959960938 11.296504974365234375 11.296321868896484375 11.255281448364257813 11.076174736022949219 10.7984161376953125 10.406557083129882813 9.9786357879638671875 9.6272077560424804688 9.4531507492065429688 9.615192413330078125 10.064885139465332031 10.5821380615234375 11.114198684692382813 11.647076606750488281 12.063731193542480469 12.334683418273925781 12.455638885498046875 12.414011001586914063 12.384157180786132813 12.325249671936035156 12.273365974426269531 12.289371490478515625 12.236626625061035156 12.074528694152832031 11.844671249389648438 11.632825851440429688 11.470993995666503906 11.346222877502441406 11.293513298034667969 11.248931884765625 11.108251571655273438 10.7950439453125 10.334529876708984375 9.8383731842041015625 9.3509416580200195313 8.9519567489624023438 8.721286773681640625
11.418297767639160156 11.463082313537597656 11.481283187866210938 11.382666587829589844 11.325045585632324219 11.3113861083984375 11.148906707763671875 10.8411712646484375 10.487111091613769531 10.174870491027832031 9.9494924545288085938 9.9383649826049804688 10.257864952087402344 10.731074333190917969 11.235622406005859375 11.755999565124511719 12.1579742431640625 12.408511161804199219 12.536958694458007813 12.591076850891113281 12.553890228271484375 12.567450523376464844 12.534044265747070313 12.454071044921875 12.441390037536621094 12.397000312805175781 12.189675331115722656 11.832101821899414063 11.525620460510253906 11.408015251159667969 11.342577934265136719 11.233106613159179688 11.193364143371582031 11.142788887023925781 10.968991279602050781 10.619002342224121094 10.156203269958496094 9.6454248428344726563 9.2041654586791992188 8.909648895263671875
11.305316925048828125 11.288052558898925781 11.237050056457519531 11.23477935791015625 11.198672294616699219 11.176977157592773438 11.109196662902832031 10.9458160400390625 10.724717140197753906 10.522721290588378906 10.458548545837402344 10.630931854248046875 10.996804237365722656 11.421909332275390625 11.828841209411621094 12.142030715942382813 12.351596832275390625 12.514866828918457031 12.610744476318359375 12.703609466552734375 12.701810836791992188 12.747022628784179688 12.734338760375976563 12.665065765380859375 12.66767120361328125 12.612971305847167969 12.310150146484375 11.858737945556640625 11.520270347595214844 11.475889205932617188 11.491816520690917969 11.407835960388183594 11.226044654846191406 11.143328666687011719 11.066244125366210938 10.857592582702636719 10.500396728515625 10.025310516357421875 9.5793409347534179688 9.2191896438598632813
11.202330589294433594 11.221118927001953125 11.174790382385253906 11.105557441711425781 11.054105758666992188 11.032082557678222656 10.983654022216796875 10.871547698974609375 10.747854232788085938 10.708452224731445313 10.814500808715820313 11.036346435546875 11.298151969909667969 11.577882766723632813 11.876671791076660156 12.197536468505859375 12.480166435241699219 12.58873748779296875 12.625532150268554688 12.672507286071777344 12.685763359069824219 12.704608917236328125 12.737463951110839844 12.717907905578613281 12.804262161254882813 12.82347869873046875 12.489825248718261719 11.976741790771484375 11.541684150695800781 11.429337501525878906 11.549631118774414063 11.554863929748535156 11.387806892395019531 11.225380897521972656 11.13292694091796875 10.991861343383789063 10.707062721252441406 10.305161476135253906 9.8744554519653320313 9.4936609268188476563
11.174757957458496094 11.116282463073730469 11.052603721618652344 10.984462738037109375 10.9277801513671875 10.876955986022949219 10.834758758544921875 10.798022270202636719 10.786768913269042969 10.818695068359375 10.856945037841796875 10.913344383239746094 11.088543891906738281 11.396382331848144531 11.733883857727050781 11.995500564575195313 12.167516708374023438 12.2525787353515625 12.324114799499511719 12.440627098083496094 12.490508079528808594 12.503430366516113281 12.508475303649902344 12.551814079284667969 12.687989234924316406 12.849699974060058594 12.809180259704589844 12.38580322265625 11.860444068908691406 11.519715309143066406 11.502759933471679688 11.547631263732910156 11.528319358825683594 11.41873931884765625 11.323887825012207031 11.182111740112304688 10.936574935913085938 10.559071540832519531 10.134891510009765625 9.7929258346557617188
10.906445503234863281 10.851377487182617188 10.798130035400390625 10.787395477294921875 10.756517410278320313 10.706333160400390625 10.638567924499511719 10.535945892333984375 10.438307762145996094 10.378096580505371094 10.377539634704589844 10.483942031860351563 10.655600547790527344 10.805482864379882813 11.024507522583007813 11.448918342590332031 11.839501380920410156 12.040864944458007813 12.204314231872558594 12.349688529968261719 12.452679634094238281 12.505865097045898438 12.582441329956054688 12.622430801391601563 12.71668243408203125 12.772130966186523438 12.830791473388671875 12.687829971313476563 12.237320899963378906 11.834454536437988281 11.687618255615234375 11.636661529541015625 11.583655357360839844 11.514421463012695313 11.431356430053710938 11.288809776306152344 11.017795562744140625 10.624355316162109375 10.234025955200195313 9.9811258316040039063
10.69073486328125 10.609698295593261719 10.536588668823242188 10.448483467102050781 10.310520172119140625 10.143481254577636719 9.98541259765625 9.8670797348022460938 9.8022432327270507813 9.7704629898071289063 9.7498197555541992188 9.748035430908203125 9.8084259033203125 10.037870407104492188 10.485303878784179688 10.989381790161132813 11.413128852844238281 11.680812835693359375 11.898993492126464844 12.124882698059082031 12.328891754150390625 12.456928253173828125 12.590847969055175781 12.711989402770996094 12.851263046264648438 12.890590667724609375 12.869977951049804688 12.758144378662109375 12.465493202209472656 12.065152168273925781 11.836859703063964844 11.692223548889160156 11.578671455383300781 11.501294136047363281 11.362020492553710938 11.180772781372070313 10.915709495544433594 10.610535621643066406 10.358862876892089844 10.204751014709472656
10.414295196533203125 10.217548370361328125 9.9746198654174804688 9.7235050201416015625 9.472782135009765625 9.2625484466552734375 9.1225996017456054688 9.0158243179321289063 8.9300537109375 8.8758001327514648438 8.8738155364990234375 8.966800689697265625 9.1496524810791015625 9.4401798248291015625 9.83318328857421875 10.346732139587402344 10.821425437927246094 11.170351028442382813 11.45691680908203125 11.744296073913574219 12.032074928283691406 12.245012283325195313 12.389063835144042969 12.514470100402832031 12.605998039245605469 12.76576995849609375 12.823764801025390625 12.843341827392578125 12.6915283203125 12.339524269104003906 11.975317955017089844 11.711490631103515625 11.566021919250488281 11.469221115112304688 11.336228370666503906 11.157190322875976563 10.95359039306640625 10.703291893005371094 10.536908149719238281 10.455687522888183594
10.029677391052246094 9.6879549026489257813 9.3617534637451171875 9.074039459228515625 8.8300914764404296875 8.6573305130004882813 8.5209531784057617188 8.4063177108764648438 8.3432321548461914063 8.3339023590087890625 8.3793163299560546875 8.4731740951538085938 8.6268873214721679688 8.8993234634399414063 9.29196929931640625 9.8066930770874023438 10.324121475219726563 10.740899085998535156 11.073991775512695313 11.409130096435546875 11.763386726379394531 12.046568870544433594 12.235612869262695313 12.378863334655761719 12.428954124450683594 12.511881828308105469 12.539181709289550781 12.54091644287109375 12.528383255004882813 12.422907829284667969 12.183472633361816406 11.907427787780761719 11.747194290161132813 11.596568107604980469 11.434391021728515625 11.254332542419433594 11.044335365295410156 10.795306205749511719 10.619340896606445313 10.59964752197265625
9.3884134292602539063 9.0502595901489257813 8.7613735198974609375 8.55321502685546875 8.393795013427734375 8.2603282928466796875 8.1510982513427734375 8.0824718475341796875 8.0509119033813476563 8.0491399765014648438 8.0894451141357421875 8.1444101333618164063 8.2239227294921875 8.3386716842651367188 8.52704620361328125 8.8724660873413085938 9.4021139144897460938 9.9507598876953125 10.411147117614746094 10.785943031311035156 11.212624549865722656 11.64531707763671875 11.956201553344726563 12.103428840637207031 12.181822776794433594 12.314916610717773438 12.4205322265625 12.413416862487792969 12.304124832153320313 12.238821029663085938 12.180758476257324219 12.084206581115722656 11.9306182861328125 11.801065444946289063 11.663965225219726563 11.452470779418945313 11.14865875244140625 10.890619277954101563 10.761072158813476563 10.782025337219238281
9.004398345947265625 8.7352952957153320313 8.5647735595703125 8.4265298843383789063 8.29461669921875 8.1766080856323242188 8.0853424072265625 8.0362882614135742188 8.0055971145629882813 8.0063610076904296875 8.0741891860961914063 8.1592655181884765625 8.26770782470703125 8.3565607070922851563 8.3980579376220703125 8.415729522705078125 8.5964612960815429688 9.0155391693115234375 9.5549535751342773438 10.013860702514648438 10.477001190185546875 11.037840843200683594 11.598934173583984375 11.934522628784179688 11.934117317199707031 11.953478813171386719 12.141835212707519531 12.352025032043457031 12.340800285339355469 12.207102775573730469 12.136014938354492188 12.076539039611816406 12.022173881530761719 11.923603057861328125 11.796418190002441406 11.596906661987304688 11.34185791015625 11.119414329528808594 11.053522109985351563 11.054387092590332031
8.9233846664428710938 8.7322168350219726563 8.586772918701171875 8.4684152603149414063 8.3869314193725585938 8.3166055679321289063 8.2534961700439453125 8.193500518798828125 8.1318569183349609375 8.113193511962890625 8.1432161331176757813 8.2034769058227539063 8.3079433441162109375 8.4573040008544921875 8.592437744140625 8.6718263626098632813 8.6635894775390625 8.6336641311645507813 8.8092298507690429688 9.137165069580078125 9.5559902191162109375 10.031908988952636719 10.682573318481445313 11.354428291320800781 11.741641998291015625 11.758695602416992188 11.704668998718261719 11.887325286865234375 12.124081611633300781 12.191600799560546875 12.119429588317871094 12.069936752319335938 12.015478134155273438 11.968204498291015625 11.899333953857421875 11.807239532470703125 11.690462112426757813 11.572558403015136719 11.45709228515625 11.323848724365234375
