MapLinkProApp/griddata/temperature/ASCII/cmems_mod_glo_phy-thetao_anfc_0,083deg_P1D-m_1702458667101_7,9.asc
ncols        121
nrows        120
xllcorner    -30.041666666667
yllcorner    40.041666655981
cellsize     0.083333333333
NODATA_value  9.9692099683868690468e+36
[rows 72 to 89 of 120, columns 40 to 79 of 121]
16.972286224365234375 16.95905303955078125 16.938684463500976563 16.91223907470703125 16.881969451904296875 16.851581573486328125 16.820024490356445313 16.785856246948242188 16.742010116577148438 16.691362380981445313 16.63497161865234375 16.578092575073242188 16.538127899169921875 16.52336883544921875 16.535383224487304688 16.5685882568359375 16.609775543212890625 16.657888412475585938 16.6949310302734375 16.67989349365234375 16.617769241333007813 16.54476165771484375 16.473711013793945313 16.417722702026367188 16.357616424560546875 16.264101028442382813 16.237087249755859375 16.320917129516601563 16.329275131225585938 16.159671783447265625 15.995629310607910156 15.95388031005859375 15.948541641235351563 15.930227279663085938 15.927968978881835938 15.947313308715820313 15.982160568237304688 16.00045013427734375 16.007701873779296875 16.009790420532226563
16.7896575927734375 16.776752471923828125 16.752201080322265625 16.721117019653320313 16.690845489501953125 16.667896270751953125 16.651641845703125 16.64113616943359375 16.632144927978515625 16.622091293334960938 16.609546661376953125 16.5928802490234375 16.577762603759765625 16.56664276123046875 16.569995880126953125 16.5924530029296875 16.628194808959960938 16.68048095703125 16.730833053588867188 16.743831634521484375 16.717576980590820313 16.67479705810546875 16.630346298217773438 16.568700790405273438 16.463476181030273438 16.338710784912109375 16.29190826416015625 16.346454620361328125 16.343151092529296875 16.171312332153320313 16.00142669677734375 15.957879066467285156 15.962494850158691406 15.965948104858398438 15.991768836975097656 16.015104293823242188 16.02260589599609375 16.011793136596679688 16.004823684692382813 16.003543853759765625
16.5067596435546875 16.498411178588867188 16.484310150146484375 16.469573974609375 16.458301544189453125 16.45285797119140625 16.450136184692382813 16.448301315307617188 16.448217391967773438 16.448663711547851563 16.448434829711914063 16.45040130615234375 16.454114913940429688 16.461244583129882813 16.479791641235351563 16.51811981201171875 16.582004547119140625 16.665735244750976563 16.739231109619140625 16.773586273193359375 16.769548416137695313 16.745208740234375 16.707248687744140625 16.634763717651367188 16.521709442138671875 16.409574508666992188 16.361614227294921875 16.38513946533203125 16.35794830322265625 16.193145751953125 16.029218673706054688 15.985437393188476563 16.002916336059570313 16.014631271362304688 16.02423858642578125 16.010677337646484375 15.971430778503417969 15.948984146118164063 15.947482109069824219 15.950121879577636719
16.35956573486328125 16.356344223022460938 16.358837127685546875 16.365468978881835938 16.372371673583984375 16.376575469970703125 16.377016067504882813 16.371423721313476563 16.36148834228515625 16.349964141845703125 16.336406707763671875 16.331264495849609375 16.336698532104492188 16.346185684204101563 16.367826461791992188 16.424562454223632813 16.525234222412109375 16.644083023071289063 16.74102783203125 16.792083740234375 16.797048568725585938 16.772214889526367188 16.727083206176757813 16.653865814208984375 16.556842803955078125 16.4660797119140625 16.420652389526367188 16.417589187622070313 16.364831924438476563 16.208421707153320313 16.05866241455078125 16.016397476196289063 16.037372589111328125 16.0405731201171875 16.01320648193359375 15.959277153015136719 15.913995742797851563 15.905692100524902344 15.912667274475097656 15.916699409484863281
16.353473663330078125 16.371751785278320313 16.401454925537109375 16.431676864624023438 16.458209991455078125 16.477830886840820313 16.485530853271484375 16.474912643432617188 16.4502716064453125 16.421878814697265625 16.39279937744140625 16.373321533203125 16.364530563354492188 16.364919662475585938 16.385351181030273438 16.446147918701171875 16.55127716064453125 16.672281265258789063 16.767988204956054688 16.812587738037109375 16.808584213256835938 16.773708343505859375 16.7157745361328125 16.635240554809570313 16.547163009643554688 16.48077392578125 16.455114364624023438 16.442232131958007813 16.358495712280273438 16.201358795166015625 16.071491241455078125 16.034765243530273438 16.046911239624023438 16.037021636962890625 15.988389968872070313 15.928309440612792969 15.904101371765136719 15.905821800231933594 15.912020683288574219 15.917875289916992188
16.406490325927734375 16.454771041870117188 16.517988204956054688 16.579416275024414063 16.63542938232421875 16.675432205200195313 16.690050125122070313 16.67746734619140625 16.645872116088867188 16.608997344970703125 16.566341400146484375 16.526157379150390625 16.49474334716796875 16.481271743774414063 16.504892349243164063 16.561275482177734375 16.641515731811523438 16.735027313232421875 16.80754852294921875 16.830484390258789063 16.805698394775390625 16.749425888061523438 16.676397323608398438 16.601972579956054688 16.544015884399414063 16.508413314819335938 16.480436325073242188 16.421186447143554688 16.3054962158203125 16.171594619750976563 16.07970428466796875 16.050449371337890625 16.050447463989257813 16.025859832763671875 15.972054481506347656 15.932435989379882813 15.929020881652832031 15.926396369934082031 15.916570663452148438 15.913990020751953125
16.527912139892578125 16.591062545776367188 16.67301177978515625 16.764139175415039063 16.8361663818359375 16.87480926513671875 16.87590789794921875 16.849529266357421875 16.811887741088867188 16.769510269165039063 16.721464157104492188 16.67819976806640625 16.640741348266601563 16.631040573120117188 16.66373443603515625 16.713071823120117188 16.76428985595703125 16.817174911499023438 16.852472305297851563 16.845584869384765625 16.78617095947265625 16.696369171142578125 16.61876678466796875 16.567800521850585938 16.527944564819335938 16.48009490966796875 16.41304779052734375 16.3242034912109375 16.227586746215820313 16.14665985107421875 16.090856552124023438 16.068403244018554688 16.051790237426757813 16.012468338012695313 15.96933746337890625 15.954804420471191406 15.955008506774902344 15.945032119750976563 15.932300567626953125 15.917604446411132813
16.611936569213867188 16.681972503662109375 16.77309417724609375 16.861125946044921875 16.920135498046875 16.93819427490234375 16.930135726928710938 16.905035018920898438 16.874942779541015625 16.845272064208984375 16.816585540771484375 16.794340133666992188 16.785291671752929688 16.7975921630859375 16.82268524169921875 16.847209930419921875 16.8661041259765625 16.871603012084960938 16.845897674560546875 16.780513763427734375 16.696603775024414063 16.620718002319335938 16.560396194458007813 16.50946044921875 16.455524444580078125 16.3939056396484375 16.326459884643554688 16.255853652954101563 16.191473007202148438 16.138782501220703125 16.09847259521484375 16.07403564453125 16.044078826904296875 16.006542205810546875 15.979593276977539063 15.969014167785644531 15.960775375366210938 15.955861091613769531 15.954840660095214844 15.937554359436035156
16.675273895263671875 16.740156173706054688 16.823032379150390625 16.89501953125 16.930162429809570313 16.928630828857421875 16.9130706787109375 16.899415969848632813 16.89167022705078125 16.886674880981445313 16.88091278076171875 16.87298583984375 16.866758346557617188 16.86054229736328125 16.8485260009765625 16.826456069946289063 16.791767120361328125 16.744029998779296875 16.684259414672851563 16.618526458740234375 16.5567626953125 16.49945068359375 16.4453887939453125 16.395763397216796875 16.34609222412109375 16.300426483154296875 16.261005401611328125 16.221515655517578125 16.185153961181640625 16.148813247680664063 16.115446090698242188 16.086383819580078125 16.052280426025390625 16.02394866943359375 16.001857757568359375 15.981759071350097656 15.981429100036621094 16.00179290771484375 16.011707305908203125 15.997587203979492188
16.67975616455078125 16.726083755493164063 16.798543930053710938 16.860914230346679688 16.883253097534179688 16.865320205688476563 16.831514358520507813 16.801433563232421875 16.777313232421875 16.7544403076171875 16.732671737670898438 16.713018417358398438 16.691743850708007813 16.66962432861328125 16.647577285766601563 16.622800827026367188 16.5927734375 16.557409286499023438 16.516862869262695313 16.473211288452148438 16.429569244384765625 16.38776397705078125 16.351991653442382813 16.320661544799804688 16.28802490234375 16.257848739624023438 16.232309341430664063 16.209814071655273438 16.18946075439453125 16.16628265380859375 16.137500762939453125 16.105060577392578125 16.0683135986328125 16.0373687744140625 16.006875991821289063 15.985463142395019531 15.98365020751953125 15.987499237060546875 15.963995933532714844 15.946504592895507813
16.671985626220703125 16.705808639526367188 16.759756088256835938 16.809467315673828125 16.822614669799804688 16.796129226684570313 16.751676559448242188 16.707332611083984375 16.671649932861328125 16.637945175170898438 16.610292434692382813 16.590456008911132813 16.572614669799804688 16.554370880126953125 16.535192489624023438 16.512966156005859375 16.48604583740234375 16.45978546142578125 16.434656143188476563 16.409688949584960938 16.385599136352539063 16.363046646118164063 16.343534469604492188 16.324506759643554688 16.3043975830078125 16.283483505249023438 16.262447357177734375 16.243932723999023438 16.224779129028320313 16.205657958984375 16.18300628662109375 16.149301528930664063 16.10497283935546875 16.064252853393554688 16.025356292724609375 15.990889549255371094 15.958482742309570313 15.925333976745605469 15.883823394775390625 15.874231338500976563
16.628931045532226563 16.665250778198242188 16.701681137084960938 16.739871978759765625 16.752019882202148438 16.727710723876953125 16.681619644165039063 16.634660720825195313 16.599496841430664063 16.57253265380859375 16.546163558959960938 16.525938034057617188 16.508932113647460938 16.493089675903320313 16.481243133544921875 16.471158981323242188 16.45684814453125 16.4375152587890625 16.415723800659179688 16.393926620483398438 16.373783111572265625 16.35283660888671875 16.330907821655273438 16.31325531005859375 16.30370330810546875 16.29956817626953125 16.294630050659179688 16.28697967529296875 16.275674819946289063 16.257846832275390625 16.231479644775390625 16.200254440307617188 16.159608840942382813 16.108074188232421875 16.051515579223632813 15.993638992309570313 15.938527107238769531 15.90145111083984375 15.89420318603515625 15.897009849548339844
16.584131240844726563 16.622545242309570313 16.645914077758789063 16.672883987426757813 16.6859283447265625 16.6683349609375 16.6236572265625 16.576837539672851563 16.536762237548828125 16.507562637329101563 16.478481292724609375 16.454683303833007813 16.439943313598632813 16.4295196533203125 16.419099807739257813 16.40863800048828125 16.394947052001953125 16.377166748046875 16.357595443725585938 16.335832595825195313 16.31296539306640625 16.2893829345703125 16.269359588623046875 16.259471893310546875 16.261575698852539063 16.2722015380859375 16.284214019775390625 16.292911529541015625 16.294816970825195313 16.287885665893554688 16.268514633178710938 16.239328384399414063 16.20108795166015625 16.14766693115234375 16.081256866455078125 16.01651763916015625 15.969092369079589844 15.951572418212890625 15.972779273986816406 15.960493087768554688
16.65096282958984375 16.644954681396484375 16.63745880126953125 16.6458587646484375 16.660108566284179688 16.655378341674804688 16.617166519165039063 16.569711685180664063 16.528860092163085938 16.499546051025390625 16.478763580322265625 16.467393875122070313 16.465867996215820313 16.464691162109375 16.45719146728515625 16.4447784423828125 16.430683135986328125 16.412382125854492188 16.393667221069335938 16.373746871948242188 16.351060867309570313 16.324005126953125 16.29361724853515625 16.2647857666015625 16.242336273193359375 16.229745864868164063 16.226713180541992188 16.230920791625976563 16.2379913330078125 16.245397567749023438 16.24613189697265625 16.23691558837890625 16.21903228759765625 16.185329437255859375 16.137607574462890625 16.0895843505859375 16.052618026733398438 16.033863067626953125 16.034597396850585938 15.984328269958496094
16.995317459106445313 16.960132598876953125 16.852525711059570313 16.725435256958007813 16.663274765014648438 16.658910751342773438 16.6437225341796875 16.60543060302734375 16.564910888671875 16.538028717041015625 16.52388763427734375 16.51738739013671875 16.513902664184570313 16.508632659912109375 16.502626419067382813 16.507816314697265625 16.521244049072265625 16.532321929931640625 16.5413970947265625 16.54656982421875 16.540971755981445313 16.518924713134765625 16.481298446655273438 16.4371185302734375 16.400648117065429688 16.376775741577148438 16.357030868530273438 16.333234786987304688 16.30278778076171875 16.27864837646484375 16.26840972900390625 16.252634048461914063 16.226289749145507813 16.196086883544921875 16.159252166748046875 16.120786666870117188 16.090524673461914063 16.07285308837890625 16.056474685668945313 16.006084442138671875
17.182600021362304688 17.321359634399414063 17.361417770385742188 17.219110488891601563 16.891412734985351563 16.702312469482421875 16.66362762451171875 16.648691177368164063 16.618883132934570313 16.586118698120117188 16.559946060180664063 16.53469085693359375 16.50304412841796875 16.476474761962890625 16.47235107421875 16.495759963989257813 16.52390289306640625 16.543003082275390625 16.573434829711914063 16.624135971069335938 16.6763763427734375 16.713830947875976563 16.731731414794921875 16.73130035400390625 16.719799041748046875 16.703594207763671875 16.671527862548828125 16.6068878173828125 16.522716522216796875 16.461841583251953125 16.4487457275390625 16.456090927124023438 16.455438613891601563 16.442094802856445313 16.40329742431640625 16.340892791748046875 16.267841339111328125 16.213436126708984375 16.158750534057617188 16.228708267211914063
17.1964263916015625 17.388690948486328125 17.521087646484375 17.607950210571289063 17.458894729614257813 17.046163558959960938 16.751173019409179688 16.67028045654296875 16.651170730590820313 16.620409011840820313 16.584779739379882813 16.548107147216796875 16.499574661254882813 16.450639724731445313 16.432683944702148438 16.447971343994140625 16.463352203369140625 16.45904541015625 16.451105117797851563 16.458042144775390625 16.498170852661132813 16.579132080078125 16.685831069946289063 16.7893524169921875 16.874172210693359375 16.93920135498046875 16.978738784790039063 16.961820602416992188 16.86220550537109375 16.720239639282226563 16.606090545654296875 16.559015274047851563 16.563867568969726563 16.571237564086914063 16.541433334350585938 16.469835281372070313 16.36867523193359375 16.267080307006835938 16.294647216796875 16.356708526611328125
17.550140380859375 17.735595703125 17.797182083129882813 17.784650802612304688 17.789478302001953125 17.708400726318359375 17.333784103393554688 16.915582656860351563 16.707414627075195313 16.651720046997070313 16.623975753784179688 16.596639633178710938 16.562345504760742188 16.514085769653320313 16.472255706787109375 16.46019744873046875 16.477449417114257813 16.497488021850585938 16.505008697509765625 16.489732742309570313 16.447931289672851563 16.407756805419921875 16.397130966186523438 16.451215744018554688 16.5576171875 16.690320968627929688 16.849363327026367188 16.988527297973632813 17.056928634643554688 17.02112579345703125 16.875682830810546875 16.70790863037109375 16.614498138427734375 16.579942703247070313 16.504774093627929688 16.382198333740234375 16.289468765258789063 16.301958084106445313 16.384082794189453125 16.2668609619140625
