MapLinkProApp/griddata/temperature/ASCII/cmems_mod_glo_phy-thetao_anfc_0,083deg_P1D-m_1702458667101_2865,7.asc
ncols        121
nrows        120
xllcorner    -30.041666666667
yllcorner    40.041666655981
cellsize     0.083333333333
NODATA_value  9.9692099683868690468e+36
[rows 17 to 33 of 120, columns 39 to 77 of 121]
2.9382665157318115234 2.9105513095855712891 2.8767681121826171875 2.8516666889190673828 2.8258810043334960938 2.8049917221069335938 2.7897684574127197266 2.7712399959564208984 2.7485496997833251953 2.7409329414367675781 2.7660064697265625 2.8293795585632324219 2.9021024703979492188 2.9337403774261474609 2.9355530738830566406 2.9432532787322998047 2.9519402980804443359 2.9737443923950195313 2.9652302265167236328 2.9428839683532714844 2.9087436199188232422 2.8705296516418457031 2.8355364799499511719 2.8350162506103515625 2.8527839183807373047 2.8841454982757568359 2.8989040851593017578 2.8926272392272949219 2.884281158447265625 2.8731782436370849609 2.8719944953918457031 2.8655202388763427734 2.8610832691192626953 2.85469818115234375 2.8235263824462890625 2.7706949710845947266 2.7226529121398925781 2.6940402984619140625 2.6846077442169189453
9.9692099683868690468e+36 9.9692099683868690468e+36 9.9692099683868690468e+36 9.9692099683868690468e+36 9.9692099683868690468e+36 2.8332755565643310547 2.8207352161407470703 2.7983896732330322266 2.7736239433288574219 2.7646002769470214844 2.8066771030426025391 2.8580532073974609375 2.8769066333770751953 2.8690533638000488281 2.8878879547119140625 2.9037292003631591797 2.9303979873657226563 2.9465742111206054688 2.9519128799438476563 2.9224879741668701172 2.8968281745910644531 2.8717374801635742188 2.8606722354888916016 2.8621475696563720703 2.88066864013671875 2.8961980342864990234 2.898036956787109375 2.9004559516906738281 2.8939218521118164063 2.8904180526733398438 2.8937175273895263672 2.8862857818603515625 2.8699390888214111328 2.8454289436340332031 2.8000223636627197266 2.7389361858367919922 2.6875920295715332031 2.6603648662567138672 2.6520111560821533203
9.9692099683868690468e+36 2.9538204669952392578 2.9341914653778076172 2.9264607429504394531 9.9692099683868690468e+36 9.9692099683868690468e+36 2.8268153667449951172 2.8140835762023925781 2.7774279117584228516 2.7676751613616943359 2.8055527210235595703 2.8458132743835449219 2.848468780517578125 2.8734281063079833984 9.9692099683868690468e+36 2.9242951869964599609 2.8973355293273925781 2.9090979099273681641 2.9107897281646728516 2.9058370590209960938 2.8888947963714599609 2.8763356208801269531 2.8824870586395263672 2.8951933383941650391 2.8924870491027832031 2.8964030742645263672 2.8981070518493652344 2.9057011604309082031 2.8966488838195800781 2.8916280269622802734 2.8874080181121826172 2.8758494853973388672 2.8454496860504150391 2.7994329929351806641 2.7500944137573242188 2.6990866661071777344 2.6572985649108886719 2.6405014991760253906 2.6399927139282226563
2.9448807239532470703 2.9043817520141601563 2.876102447509765625 2.8731403350830078125 2.8731873035430908203 2.84867095947265625 2.8132681846618652344 2.78145599365234375 2.7616057395935058594 2.7703504562377929688 2.8196113109588623047 2.8567597866058349609 2.866970062255859375 2.8471324443817138672 2.8691263198852539063 2.9048521518707275391 2.8829746246337890625 2.8831810951232910156 2.8945043087005615234 2.9061329364776611328 2.8948750495910644531 2.8988206386566162109 2.8996515274047851563 2.8739297389984130859 2.8540809154510498047 2.8514528274536132813 2.8572614192962646484 2.8632619380950927734 2.8608338832855224609 2.8572618961334228516 2.8471462726593017578 2.8319857120513916016 2.7902696132659912109 2.7424757480621337891 2.7022633552551269531 2.6642277240753173828 2.6338825225830078125 2.6250925064086914063 2.6388592720031738281
2.9079558849334716797 2.8693399429321289063 2.856281280517578125 2.8499937057495117188 2.8432455062866210938 2.8291857242584228516 2.7966208457946777344 2.7602071762084960938 2.7541868686676025391 2.775928497314453125 2.8101727962493896484 2.8357594013214111328 2.8496010303497314453 2.8257324695587158203 2.8334565162658691406 2.8404181003570556641 2.8508098125457763672 2.8715159893035888672 2.8782567977905273438 2.8686859607696533203 2.8455595970153808594 2.8519213199615478516 2.8399295806884765625 2.8175117969512939453 2.8058223724365234375 2.7983167171478271484 2.8173403739929199219 2.8056812286376953125 2.7961962223052978516 2.7852945327758789063 2.7728173732757568359 2.7535459995269775391 2.7278728485107421875 2.7051825523376464844 2.6881489753723144531 2.6744220256805419922 2.66474151611328125 2.6645781993865966797 2.6767041683197021484
9.9692099683868690468e+36 9.9692099683868690468e+36 2.8735780715942382813 2.8457746505737304688 2.8457167148590087891 2.8438568115234375 2.8135230541229248047 2.7726204395294189453 2.7510056495666503906 2.7511198520660400391 2.7868242263793945313 2.8184864521026611328 2.8327214717864990234 2.8226783275604248047 2.8112092018127441406 2.8208467960357666016 2.8286151885986328125 2.8448803424835205078 2.842960357666015625 2.8366615772247314453 2.8261318206787109375 2.8431744575500488281 2.8277463912963867188 2.8116314411163330078 2.7978246212005615234 2.7810275554656982422 2.7900302410125732422 2.7761256694793701172 2.7693848609924316406 2.7600429058074951172 2.7418787479400634766 2.7290408611297607422 2.7115209102630615234 2.6972019672393798828 2.6909091472625732422 2.6968855857849121094 2.7083747386932373047 2.7188560962677001953 2.7244944572448730469
9.9692099683868690468e+36 9.9692099683868690468e+36 9.9692099683868690468e+36 2.8695478439331054688 2.8735697269439697266 9.9692099683868690468e+36 9.9692099683868690468e+36 2.821056365966796875 2.7926528453826904297 2.7669637203216552734 2.7517135143280029297 2.7561712265014648438 2.791004180908203125 2.8058724403381347656 2.7995901107788085938 2.8043010234832763672 2.8230893611907958984 2.824581146240234375 2.8320071697235107422 2.8365604877471923828 2.8356347084045410156 2.8517076969146728516 2.84023284912109375 2.8301038742065429688 2.8057422637939453125 2.7894990444183349609 2.7835037708282470703 2.7740988731384277344 2.7801516056060791016 2.7715561389923095703 2.7602448463439941406 2.7507245540618896484 2.73046875 2.7135059833526611328 2.7087540626525878906 2.7178328037261962891 2.7343280315399169922 2.7462215423583984375 2.7474689483642578125
2.8436958789825439453 2.8465528488159179688 2.8535311222076416016 2.8642079830169677734 2.8657793998718261719 2.8512563705444335938 2.8291316032409667969 2.7948062419891357422 2.7636437416076660156 2.7593753337860107422 2.7209267616271972656 2.7006134986877441406 2.7418339252471923828 2.7489078044891357422 2.7839505672454833984 2.8182506561279296875 2.8158094882965087891 2.8224837779998779297 2.8274471759796142578 2.8383214473724365234 2.8338747024536132813 2.8548192977905273438 2.8565912246704101563 2.8516325950622558594 2.8215484619140625 2.8042697906494140625 2.7960972785949707031 2.7989947795867919922 2.79936981201171875 2.7887511253356933594 2.7883913516998291016 2.7830362319946289063 2.7788372039794921875 2.7741849422454833984 2.7706835269927978516 2.7746038436889648438 2.7807188034057617188 2.7824902534484863281 2.7818543910980224609
2.8713147640228271484 2.8456490039825439453 2.8424382209777832031 2.8510255813598632813 2.8423354625701904297 2.8299376964569091797 2.8154952526092529297 2.7873826026916503906 2.7594401836395263672 2.7540159225463867188 2.7689054012298583984 9.9692099683868690468e+36 9.9692099683868690468e+36 2.8004205226898193359 2.7659778594970703125 2.7753419876098632813 2.7781903743743896484 2.7641892433166503906 2.7840120792388916016 2.8042645454406738281 2.8294870853424072266 2.8481338024139404297 2.8464570045471191406 2.85887908935546875 2.8368389606475830078 2.8201735019683837891 2.8057816028594970703 2.8052113056182861328 2.7964725494384765625 2.7887008190155029297 2.7981617450714111328 2.8025329113006591797 2.8077852725982666016 2.8134276866912841797 2.8204569816589355469 2.8215360641479492188 2.8166508674621582031 2.8106355667114257813 2.7970974445343017578
9.9692099683868690468e+36 9.9692099683868690468e+36 9.9692099683868690468e+36 2.8725545406341552734 2.8558213710784912109 2.8071954250335693359 2.8027791976928710938 9.9692099683868690468e+36 9.9692099683868690468e+36 9.9692099683868690468e+36 9.9692099683868690468e+36 2.7665662765502929688 9.9692099683868690468e+36 9.9692099683868690468e+36 2.7669520378112792969 9.9692099683868690468e+36 2.7849600315093994141 2.7601275444030761719 2.7968039512634277344 2.7484726905822753906 2.7803964614868164063 2.8142211437225341797 2.8290529251098632813 2.8095724582672119141 2.8118038177490234375 2.8327198028564453125 2.8205819129943847656 2.8108119964599609375 2.8104009628295898438 2.8156838417053222656 2.8259429931640625 2.8245131969451904297 2.8190758228302001953 2.8205738067626953125 2.8151605129241943359 2.7987015247344970703 2.7860245704650878906 2.7728884220123291016 2.7512989044189453125
9.9692099683868690468e+36 9.9692099683868690468e+36 9.9692099683868690468e+36 9.9692099683868690468e+36 2.8336689472198486328 2.7959558963775634766 2.7701244354248046875 2.7983222007751464844 9.9692099683868690468e+36 9.9692099683868690468e+36 2.7059345245361328125 2.6727242469787597656 2.7129840850830078125 2.6939520835876464844 2.6823143959045410156 2.6907906532287597656 2.7093732357025146484 2.7147078514099121094 2.7763323783874511719 2.7542378902435302734 2.7709512710571289063 2.7530345916748046875 2.7713692188262939453 2.7622456550598144531 2.7771947383880615234 2.807125091552734375 2.8247892856597900391 2.8437349796295166016 2.8262956142425537109 2.8202762603759765625 2.8266952037811279297 2.8298108577728271484 2.8301701545715332031 2.8185460567474365234 2.7986266613006591797 2.7885520458221435547 2.7718689441680908203 2.74779510498046875 2.7291100025177001953
9.9692099683868690468e+36 9.9692099683868690468e+36 9.9692099683868690468e+36 9.9692099683868690468e+36 2.8589382171630859375 2.7505216598510742188 2.71573638916015625 2.7622613906860351563 9.9692099683868690468e+36 9.9692099683868690468e+36 2.6256268024444580078 2.6091225147247314453 2.6275441646575927734 2.6402907371520996094 2.6661932468414306641 2.6824681758880615234 2.6961686611175537109 2.718109130859375 2.7203972339630126953 2.7380068302154541016 2.7539317607879638672 2.7358865737915039063 2.7411978244781494141 2.7798814773559570313 2.7865998744964599609 2.8005681037902832031 2.8363399505615234375 2.8413875102996826172 2.8292596340179443359 2.8286736011505126953 2.8294579982757568359 2.8348290920257568359 2.8353869915008544922 2.8274734020233154297 2.7967450618743896484 2.7747509479522705078 2.7568407058715820313 2.7339763641357421875 2.7146117687225341797
2.9150993824005126953 9.9692099683868690468e+36 2.9589171409606933594 2.9224076271057128906 9.9692099683868690468e+36 9.9692099683868690468e+36 2.6743285655975341797 2.6541948318481445313 2.6266081333160400391 2.6141011714935302734 2.5865547657012939453 2.5764293670654296875 2.5938050746917724609 2.6286842823028564453 2.6653285026550292969 2.6912760734558105469 2.7118086814880371094 2.7319216728210449219 2.7326052188873291016 2.7329549789428710938 2.7500050067901611328 2.7490715980529785156 2.7537362575531005859 2.7745695114135742188 2.7980241775512695313 2.7997567653656005859 2.8110592365264892578 2.8220293521881103516 2.822399139404296875 2.8290040493011474609 2.8331828117370605469 2.8316006660461425781 2.8078281879425048828 2.8062059879302978516 2.7967216968536376953 2.7701203823089599609 2.7460248470306396484 2.7197921276092529297 2.6998691558837890625
2.9491405487060546875 2.9369530677795410156 2.9088897705078125 9.9692099683868690468e+36 9.9692099683868690468e+36 9.9692099683868690468e+36 9.9692099683868690468e+36 2.6388363838195800781 2.6198866367340087891 2.6173131465911865234 2.5877094268798828125 2.5810248851776123047 2.5958187580108642578 2.627582550048828125 2.6643152236938476563 2.6937148571014404297 2.7316679954528808594 2.7612404823303222656 2.7721235752105712891 2.7741034030914306641 2.7784960269927978516 2.7762529850006103516 2.7693009376525878906 2.7649126052856445313 2.7940428256988525391 2.7987043857574462891 2.8045248985290527344 2.8025114536285400391 2.795429229736328125 2.8221077919006347656 2.8284876346588134766 2.8189556598663330078 2.7933032512664794922 2.7914662361145019531 2.7974534034729003906 2.7827742099761962891 2.7533695697784423828 2.716541290283203125 2.6921384334564208984
9.9692099683868690468e+36 9.9692099683868690468e+36 9.9692099683868690468e+36 2.9260401725769042969 9.9692099683868690468e+36 9.9692099683868690468e+36 9.9692099683868690468e+36 9.9692099683868690468e+36 2.6595366001129150391 2.6443490982055664063 2.6185665130615234375 2.6062426567077636719 2.6031937599182128906 2.6243238449096679688 2.6611969470977783203 2.7088718414306640625 2.7465693950653076172 2.7922098636627197266 2.8000895977020263672 2.7914032936096191406 2.7939214706420898438 2.7948467731475830078 2.7750904560089111328 2.7732677459716796875 2.7776522636413574219 2.7810885906219482422 2.7930543422698974609 2.8082625865936279297 2.806793212890625 2.8310806751251220703 2.8040597438812255859 2.8177270889282226563 2.8183484077453613281 2.7994897365570068359 2.7952132225036621094 2.78350830078125 2.7615807056427001953 2.7306177616119384766 2.6996173858642578125
9.9692099683868690468e+36 9.9692099683868690468e+36 9.9692099683868690468e+36 2.9419579505920410156 2.9038379192352294922 2.8888850212097167969 9.9692099683868690468e+36 9.9692099683868690468e+36 9.9692099683868690468e+36 9.9692099683868690468e+36 2.6537995338439941406 2.63304901123046875 2.6369931697845458984 2.6390585899353027344 2.7015943527221679688 2.7535443305969238281 9.9692099683868690468e+36 9.9692099683868690468e+36 2.8184256553649902344 2.7919573783874511719 2.7823903560638427734 2.7818884849548339844 2.7958261966705322266 2.8065106868743896484 2.7978060245513916016 2.7982013225555419922 2.7991149425506591797 2.8017187118530273438 2.8012082576751708984 2.8045232295989990234 2.8106069564819335938 2.8192703723907470703 2.8251025676727294922 2.8023009300231933594 2.7945845127105712891 2.7872190475463867188 2.7642612457275390625 2.7347118854522705078 2.7024543285369873047
9.9692099683868690468e+36 9.9692099683868690468e+36 9.9692099683868690468e+36 9.9692099683868690468e+36 2.8946580886840820313 9.9692099683868690468e+36 9.9692099683868690468e+36 9.9692099683868690468e+36 9.9692099683868690468e+36 9.9692099683868690468e+36 2.6710233688354492188 2.6716101169586181641 9.9692099683868690468e+36 9.9692099683868690468e+36 2.7374584674835205078 2.7618038654327392578 2.8081161975860595703 2.8761301040649414063 2.8577005863189697266 2.8203074932098388672 2.8126211166381835938 2.7875864505767822266 2.7840285301208496094 2.775482177734375 2.7692553997039794922 2.7663466930389404297 2.7802603244781494141 2.7916324138641357422 2.7835896015167236328 2.7803304195404052734 2.7922837734222412109 2.8065948486328125 2.8174235820770263672 2.8319835662841796875 2.8268594741821289063 2.8012108802795410156 2.7670855522155761719 2.7277283668518066406 2.6830773353576660156
