MapLinkProApp/griddata/temperature/ASCII/cmems_mod_glo_phy-thetao_anfc_0,083deg_P1D-m_1702458667101_2,6.asc
ncols        121
nrows        120
xllcorner    -30.041666666667
yllcorner    40.041666655981
cellsize     0.083333333333
NODATA_value  9.9692099683868690468e+36
[rows 18 to 35 of 120, columns 0 to 39 of 121]
13.989748954772949219 13.860466957092285156 13.714138984680175781 13.576747894287109375 13.574997901916503906 13.777026176452636719 13.959584236145019531 13.840231895446777344 13.473380088806152344 13.089047431945800781 12.813857078552246094 12.659495353698730469 12.601176261901855469 12.59539794921875 12.604266166687011719 12.621736526489257813 12.627972602844238281 12.599008560180664063 12.624934196472167969 12.741215705871582031 12.958631515502929688 13.164569854736328125 13.335979461669921875 13.369597434997558594 13.330368995666503906 13.278555870056152344 13.169908523559570313 13.16819000244140625 12.947627067565917969 12.516850471496582031 12.270033836364746094 12.256219863891601563 12.329380989074707031 12.403128623962402344 12.369128227233886719 12.248723983764648438 12.151812553405761719 12.085223197937011719 12.160601615905761719 12.359070777893066406
13.991034507751464844 13.8247833251953125 13.680989265441894531 13.607857704162597656 13.655885696411132813 13.843488693237304688 14.027788162231445313 13.990133285522460938 13.68276214599609375 13.282945632934570313 12.959532737731933594 12.748021125793457031 12.626490592956542969 12.584987640380859375 12.597350120544433594 12.599666595458984375 12.5890960693359375 12.676190376281738281 12.889399528503417969 13.140264511108398438 13.400217056274414063 13.58905792236328125 13.697910308837890625 13.648542404174804688 13.521936416625976563 13.425978660583496094 13.31513214111328125 13.215406417846679688 13.206418991088867188 12.986255645751953125 12.578228950500488281 12.282491683959960938 12.209979057312011719 12.260499954223632813 12.289302825927734375 12.252264022827148438 12.186269760131835938 12.118279457092285156 12.195391654968261719 12.389941215515136719
13.9157867431640625 13.750861167907714844 13.665752410888671875 13.676409721374511719 13.773510932922363281 13.938350677490234375 14.087105751037597656 14.0538330078125 13.773652076721191406 13.374858856201171875 13.02132415771484375 12.774723052978515625 12.633029937744140625 12.582109451293945313 12.585209846496582031 12.62641143798828125 12.748155593872070313 12.993754386901855469 13.296570777893066406 13.580462455749511719 13.813356399536132813 13.94985198974609375 13.969297409057617188 13.835435867309570313 13.657785415649414063 13.524015426635742188 13.425456047058105469 13.314929962158203125 13.23671722412109375 13.179652214050292969 13.002124786376953125 12.713888168334960938 12.437306404113769531 12.276629447937011719 12.237774848937988281 12.22031402587890625 12.175692558288574219 12.146065711975097656 12.2347564697265625 12.391650199890136719
13.785589218139648438 13.728693962097167969 13.778102874755859375 13.871148109436035156 13.977881431579589844 14.082077980041503906 14.143813133239746094 14.070751190185546875 13.775963783264160156 13.356839179992675781 12.974002838134765625 12.708760261535644531 12.595937728881835938 12.609564781188964844 12.662716865539550781 12.764941215515136719 13.041547775268554688 13.453139305114746094 13.796543121337890625 14.038163185119628906 14.18999481201171875 14.236824989318847656 14.148382186889648438 13.9771575927734375 13.763906478881835938 13.641020774841308594 13.553892135620117188 13.473128318786621094 13.351613044738769531 13.219477653503417969 13.123041152954101563 13.013154983520507813 12.82117462158203125 12.560304641723632813 12.357678413391113281 12.251474380493164063 12.182261466979980469 12.183072090148925781 12.268212318420410156 12.352450370788574219
13.831124305725097656 13.894698143005371094 13.98627471923828125 14.056987762451171875 14.111419677734375 14.1558837890625 14.160060882568359375 14.01573944091796875 13.665629386901855469 13.228297233581542969 12.852945327758789063 12.642981529235839844 12.606103897094726563 12.630696296691894531 12.707370758056640625 12.9812469482421875 13.463871955871582031 13.845890998840332031 14.088419914245605469 14.222425460815429688 14.304286956787109375 14.313609123229980469 14.207490921020507813 14.040082931518554688 13.824353218078613281 13.710008621215820313 13.644979476928710938 13.588678359985351563 13.516452789306640625 13.379227638244628906 13.223337173461914063 13.077643394470214844 12.926938056945800781 12.747926712036132813 12.526601791381835938 12.353951454162597656 12.242952346801757813 12.220999717712402344 12.27758026123046875 12.323624610900878906
14.036643028259277344 14.0761260986328125 14.089834213256835938 14.099022865295410156 14.132628440856933594 14.164319992065429688 14.103902816772460938 13.898118019104003906 13.514654159545898438 13.065944671630859375 12.734043121337890625 12.60648345947265625 12.626989364624023438 12.754399299621582031 13.116396903991699219 13.630513191223144531 13.983358383178710938 14.180205345153808594 14.296651840209960938 14.354297637939453125 14.404593467712402344 14.417161941528320313 14.353910446166992188 14.189975738525390625 13.947399139404296875 13.757231712341308594 13.692841529846191406 13.649907112121582031 13.626277923583984375 13.565082550048828125 13.455282211303710938 13.343371391296386719 13.079270362854003906 12.825369834899902344 12.642889976501464844 12.481999397277832031 12.34763336181640625 12.275645256042480469 12.270618438720703125 12.286645889282226563
14.111893653869628906 14.091740608215332031 14.061826705932617188 14.036022186279296875 14.058674812316894531 14.133048057556152344 14.089854240417480469 13.827668190002441406 13.408617019653320313 12.982947349548339844 12.738680839538574219 12.714487075805664063 12.858437538146972656 13.26920318603515625 13.827035903930664063 14.124827384948730469 14.272703170776367188 14.350643157958984375 14.375168800354003906 14.383758544921875 14.408514022827148438 14.420654296875 14.413823127746582031 14.330852508544921875 14.103455543518066406 13.842637062072753906 13.724728584289550781 13.683887481689453125 13.666782379150390625 13.686307907104492188 13.6390380859375 13.603390693664550781 13.446473121643066406 13.057312965393066406 12.707743644714355469 12.51200103759765625 12.391940116882324219 12.302572250366210938 12.250982284545898438 12.248342514038085938
14.057692527770996094 14.01963043212890625 13.986481666564941406 13.964531898498535156 13.978082656860351563 14.055189132690429688 14.073514938354492188 13.869452476501464844 13.481426239013671875 13.128997802734375 12.977723121643066406 13.115056037902832031 13.548039436340332031 14.018523216247558594 14.248513221740722656 14.329889297485351563 14.363320350646972656 14.382319450378417969 14.402379989624023438 14.431468963623046875 14.451895713806152344 14.435776710510253906 14.398328781127929688 14.377829551696777344 14.189478874206542969 13.915762901306152344 13.76741790771484375 13.73387908935546875 13.747185707092285156 13.803895950317382813 13.822132110595703125 13.782039642333984375 13.776798248291015625 13.574498176574707031 13.106318473815917969 12.697040557861328125 12.456035614013671875 12.336248397827148438 12.265364646911621094 12.241106033325195313
13.877279281616210938 13.868668556213378906 13.930266380310058594 14.020876884460449219 14.065472602844238281 14.082657814025878906 14.081469535827636719 13.928137779235839844 13.622214317321777344 13.387429237365722656 13.488882064819335938 13.9000244140625 14.249139785766601563 14.352040290832519531 14.357152938842773438 14.361059188842773438 14.41284942626953125 14.491833686828613281 14.571566581726074219 14.63942718505859375 14.659687042236328125 14.618897438049316406 14.521013259887695313 14.475625038146972656 14.263309478759765625 13.994457244873046875 13.835597038269042969 13.807526588439941406 13.830762863159179688 13.826554298400878906 13.816514968872070313 13.773180007934570313 13.794513702392578125 13.817661285400390625 13.535736083984375 13.051336288452148438 12.649503707885742188 12.427828788757324219 12.29950714111328125 12.270540237426757813
13.632282257080078125 13.68848419189453125 13.810674667358398438 13.881015777587890625 13.90059661865234375 13.903029441833496094 13.84354400634765625 13.714285850524902344 13.59648895263671875 13.720726966857910156 14.035517692565917969 14.245838165283203125 14.3253021240234375 14.306940078735351563 14.330896377563476563 14.405853271484375 14.506927490234375 14.620926856994628906 14.72768402099609375 14.819594383239746094 14.853297233581542969 14.817678451538085938 14.726155281066894531 14.613971710205078125 14.437815666198730469 14.11151885986328125 13.940862655639648438 13.885117530822753906 13.856314659118652344 13.736918449401855469 13.690309524536132813 13.713975906372070313 13.753348350524902344 13.836861610412597656 13.719092369079589844 13.333500862121582031 12.871707916259765625 12.587259292602539063 12.406369209289550781 12.379571914672851563
13.514696121215820313 13.604701995849609375 13.692834854125976563 13.7438201904296875 13.781186103820800781 13.832604408264160156 13.902119636535644531 13.98418426513671875 14.089870452880859375 14.226019859313964844 14.313245773315429688 14.306104660034179688 14.28977203369140625 14.288694381713867188 14.317872047424316406 14.376791000366210938 14.486617088317871094 14.618143081665039063 14.75707244873046875 14.863307952880859375 14.906294822692871094 14.881801605224609375 14.816704750061035156 14.725159645080566406 14.595042228698730469 14.335849761962890625 14.113424301147460938 14.018523216247558594 13.906219482421875 13.705087661743164063 13.623235702514648438 13.802333831787109375 13.883774757385253906 13.932582855224609375 13.875077247619628906 13.608259201049804688 13.180520057678222656 12.855721473693847656 12.617838859558105469 12.612782478332519531
13.715200424194335938 13.850127220153808594 13.939554214477539063 14.005903244018554688 14.057049751281738281 14.114044189453125 14.175969123840332031 14.239984512329101563 14.295729637145996094 14.309023857116699219 14.268816947937011719 14.212670326232910156 14.18518829345703125 14.19585418701171875 14.234813690185546875 14.3124847412109375 14.409709930419921875 14.521162033081054688 14.654150962829589844 14.777737617492675781 14.85158538818359375 14.839373588562011719 14.774669647216796875 14.699306488037109375 14.606519699096679688 14.472144126892089844 14.267765045166015625 14.163821220397949219 13.999892234802246094 13.7474822998046875 13.641893386840820313 13.852701187133789063 14.065989494323730469 14.087725639343261719 14.015951156616210938 13.762941360473632813 13.380393028259277344 13.044878005981445313 12.843148231506347656 12.831442832946777344
13.951212882995605469 14.016385078430175781 14.048964500427246094 14.081089019775390625 14.120671272277832031 14.174075126647949219 14.234968185424804688 14.264302253723144531 14.234810829162597656 14.161829948425292969 14.083180427551269531 14.0339508056640625 14.021326065063476563 14.041605949401855469 14.111658096313476563 14.230126380920410156 14.343374252319335938 14.433996200561523438 14.522008895874023438 14.633602142333984375 14.738887786865234375 14.792005538940429688 14.764766693115234375 14.689563751220703125 14.58010101318359375 14.476166725158691406 14.359823226928710938 14.281429290771484375 14.133439064025878906 13.832353591918945313 13.669417381286621094 13.775949478149414063 14.034259796142578125 14.109830856323242188 14.044536590576171875 13.803514480590820313 13.468203544616699219 13.175175666809082031 13.026919364929199219 12.964884757995605469
14.029219627380371094 13.9946746826171875 13.960187911987304688 13.953558921813964844 13.97815704345703125 14.020144462585449219 14.023347854614257813 13.964763641357421875 13.873830795288085938 13.792249679565429688 13.745862007141113281 13.728888511657714844 13.744906425476074219 13.80492401123046875 13.916798591613769531 14.065038681030273438 14.219374656677246094 14.325802803039550781 14.383453369140625 14.439596176147460938 14.538153648376464844 14.646396636962890625 14.713196754455566406 14.71025848388671875 14.645322799682617188 14.5329437255859375 14.421315193176269531 14.327512741088867188 14.203740119934082031 13.943340301513671875 13.722437858581542969 13.675153732299804688 13.74996185302734375 13.8327484130859375 13.7807159423828125 13.616796493530273438 13.382265090942382813 13.201733589172363281 13.168160438537597656 13.128790855407714844
13.968780517578125 13.880747795104980469 13.813703536987304688 13.783774375915527344 13.788990020751953125 13.777408599853515625 13.719313621520996094 13.637836456298828125 13.569818496704101563 13.533477783203125 13.521788597106933594 13.528470039367675781 13.556835174560546875 13.615522384643554688 13.718504905700683594 13.870157241821289063 14.055048942565917969 14.219509124755859375 14.309910774230957031 14.343060493469238281 14.384276390075683594 14.471501350402832031 14.577726364135742188 14.654979705810546875 14.671276092529296875 14.621053695678710938 14.515650749206542969 14.403857231140136719 14.262770652770996094 14.04671478271484375 13.819756507873535156 13.681559562683105469 13.634309768676757813 13.629336357116699219 13.585324287414550781 13.496534347534179688 13.388598442077636719 13.3060455322265625 13.362367630004882813 13.3819122314453125
13.856999397277832031 13.75565338134765625 13.692597389221191406 13.666988372802734375 13.6481781005859375 13.610144615173339844 13.553078651428222656 13.502802848815917969 13.483126640319824219 13.486462593078613281 13.492544174194335938 13.498340606689453125 13.501445770263671875 13.50774383544921875 13.535186767578125 13.602581024169921875 13.732537269592285156 13.915279388427734375 14.102151870727539063 14.2318115234375 14.294580459594726563 14.339322090148925781 14.403359413146972656 14.486825942993164063 14.572689056396484375 14.627080917358398438 14.617383003234863281 14.560277938842773438 14.487440109252929688 14.3760528564453125 14.204839706420898438 14.032170295715332031 13.910188674926757813 13.8344573974609375 13.754115104675292969 13.661642074584960938 13.630360603332519531 13.613453865051269531 13.686385154724121094 13.684792518615722656
13.802668571472167969 13.722235679626464844 13.666954994201660156 13.637556076049804688 13.609385490417480469 13.577497482299804688 13.55048370361328125 13.535111427307128906 13.533199310302734375 13.533647537231445313 13.536041259765625 13.54756927490234375 13.548649787902832031 13.53980255126953125 13.525543212890625 13.519356727600097656 13.547055244445800781 13.631125450134277344 13.780735969543457031 13.966091156005859375 14.135967254638671875 14.260965347290039063 14.350839614868164063 14.408797264099121094 14.45084381103515625 14.523316383361816406 14.603234291076660156 14.610711097717285156 14.580377578735351563 14.556413650512695313 14.5274658203125 14.4492340087890625 14.356684684753417969 14.258329391479492188 14.153544425964355469 14.058989524841308594 14.005976676940917969 13.975140571594238281 14.008805274963378906 13.960217475891113281
13.784053802490234375 13.72432708740234375 13.695815086364746094 13.673699378967285156 13.643686294555664063 13.614083290100097656 13.592513084411621094 13.581396102905273438 13.580104827880859375 13.586816787719726563 13.596388816833496094 13.604615211486816406 13.609325408935546875 13.606408119201660156 13.5926971435546875 13.567539215087890625 13.541120529174804688 13.543953895568847656 13.593100547790527344 13.686588287353515625 13.817605018615722656 13.981403350830078125 14.166293144226074219 14.337588310241699219 14.431303977966308594 14.434056282043457031 14.453947067260742188 14.530982017517089844 14.571454048156738281 14.561642646789550781 14.558504104614257813 14.567625045776367188 14.565794944763183594 14.54201507568359375 14.503752708435058594 14.444443702697753906 14.357003211975097656 14.267392158508300781 14.180781364440917969 14.025273323059082031
