MapLinkProApp/griddata/temperature/ASCII/cmems_mod_glo_phy-thetao_anfc_0,083deg_P1D-m_1702458667101_77,9.asc
ncols        121
nrows        120
xllcorner    -30.041666666667
yllcorner    40.041666655981
cellsize     0.083333333333
NODATA_value  9.9692099683868690468e+36
[rows 72 to 89 of 120, columns 40 to 79 of 121]
16.981197357177734375 16.967363357543945313 16.946851730346679688 16.920207977294921875 16.889791488647460938 16.85701751708984375 16.823167800903320313 16.78751373291015625 16.73419189453125 16.658937454223632813 16.592599868774414063 16.543331146240234375 16.5113677978515625 16.49849700927734375 16.511911392211914063 16.549131393432617188 16.592052459716796875 16.639331817626953125 16.681554794311523438 16.672763824462890625 16.60680389404296875 16.527025222778320313 16.4532470703125 16.398181915283203125 16.339975357055664063 16.2514801025390625 16.23352813720703125 16.322261810302734375 16.33254241943359375 16.168117523193359375 16.025949478149414063 15.984394073486328125 15.950775146484375 15.937994956970214844 15.95281219482421875 15.970369338989257813 15.954183578491210938 15.899115562438964844 15.830756187438964844 15.833766937255859375
16.804689407348632813 16.79180145263671875 16.765895843505859375 16.733251571655273438 16.700525283813476563 16.675327301025390625 16.658720016479492188 16.646770477294921875 16.6267547607421875 16.605596542358398438 16.597660064697265625 16.590135574340820313 16.573102951049804688 16.557222366333007813 16.557291030883789063 16.577661514282226563 16.617279052734375 16.676670074462890625 16.732202529907226563 16.746984481811523438 16.718929290771484375 16.672315597534179688 16.623659133911132813 16.56040191650390625 16.454195022583007813 16.330617904663085938 16.28931427001953125 16.34944915771484375 16.34644317626953125 16.172800064086914063 16.033475875854492188 15.994732856750488281 15.975128173828125 15.969745635986328125 15.972105979919433594 15.929126739501953125 15.840758323669433594 15.780405998229980469 15.795058250427246094 15.867908477783203125
16.521863937377929688 16.515546798706054688 16.50115203857421875 16.47573089599609375 16.453939437866210938 16.443822860717773438 16.442415237426757813 16.445878982543945313 16.45053863525390625 16.452493667602539063 16.452356338500976563 16.452386856079101563 16.453271865844726563 16.453561782836914063 16.460474014282226563 16.49758148193359375 16.573160171508789063 16.666246414184570313 16.7423858642578125 16.776739120483398438 16.771757125854492188 16.745744705200195313 16.704187393188476563 16.627649307250976563 16.511810302734375 16.400644302368164063 16.360471725463867188 16.389753341674804688 16.358327865600585938 16.19426727294921875 16.0556488037109375 16.009943008422851563 15.990584373474121094 15.963042259216308594 15.919442176818847656 15.8523406982421875 15.802241325378417969 15.761044502258300781 15.792240142822265625 15.853549003601074219
16.372697830200195313 16.366146087646484375 16.362352371215820313 16.35118865966796875 16.350513458251953125 16.359354019165039063 16.36273193359375 16.360605239868164063 16.354885101318359375 16.346998214721679688 16.332853317260742188 16.324876785278320313 16.326311111450195313 16.314428329467773438 16.301782608032226563 16.348581314086914063 16.475984573364257813 16.62827301025390625 16.741441726684570313 16.793695449829101563 16.795940399169921875 16.769762039184570313 16.722673416137695313 16.647039413452148438 16.550500869750976563 16.466838836669921875 16.424957275390625 16.414556503295898438 16.358898162841796875 16.197462081909179688 16.061281204223632813 16.020294189453125 15.99481964111328125 15.934133529663085938 15.864984512329101563 15.831613540649414063 15.84621429443359375 15.820646286010742188 15.8541259765625 15.878024101257324219
16.343463897705078125 16.354825973510742188 16.368928909301757813 16.375520706176757813 16.39466094970703125 16.426359176635742188 16.445096969604492188 16.444122314453125 16.428007125854492188 16.40677642822265625 16.37827301025390625 16.358926773071289063 16.334197998046875 16.30184173583984375 16.291604995727539063 16.333271026611328125 16.45674896240234375 16.62530517578125 16.754114151000976563 16.805601119995117188 16.797986984252929688 16.75884246826171875 16.702533721923828125 16.631841659545898438 16.549549102783203125 16.485042572021484375 16.45319366455078125 16.433294296264648438 16.32965850830078125 16.160030364990234375 16.053379058837890625 16.018899917602539063 15.966600418090820313 15.875204086303710938 15.812518119812011719 15.816369056701660156 15.820899009704589844 15.768933296203613281 15.849431991577148438 15.887850761413574219
16.328874588012695313 16.333482742309570313 16.3292999267578125 16.375658035278320313 16.4521636962890625 16.5518035888671875 16.613420486450195313 16.601654052734375 16.554952621459960938 16.508916854858398438 16.47601318359375 16.450529098510742188 16.405895233154296875 16.360513687133789063 16.335399627685546875 16.375986099243164063 16.511648178100585938 16.672849655151367188 16.783046722412109375 16.819383621215820313 16.791042327880859375 16.732694625854492188 16.667028427124023438 16.599132537841796875 16.542011260986328125 16.504434585571289063 16.4591827392578125 16.372327804565429688 16.240543365478515625 16.107025146484375 16.050416946411132813 16.016040802001953125 15.947313308715820313 15.839083671569824219 15.827724456787109375 15.858213424682617188 15.815022468566894531 15.795598983764648438 15.873644828796386719 15.907680511474609375
16.293338775634765625 16.252103805541992188 16.248670578002929688 16.32837677001953125 16.480327606201171875 16.619741439819335938 16.687898635864257813 16.679058074951171875 16.60982513427734375 16.53435516357421875 16.44354248046875 16.326839447021484375 16.300098419189453125 16.33880615234375 16.393413543701171875 16.494176864624023438 16.631765365600585938 16.749950408935546875 16.804876327514648438 16.78302764892578125 16.722614288330078125 16.653486251831054688 16.580341339111328125 16.531902313232421875 16.500989913940429688 16.453550338745117188 16.375818252563476563 16.27233123779296875 16.175403594970703125 16.11212921142578125 16.063388824462890625 16.015472412109375 15.907906532287597656 15.798055648803710938 15.851040840148925781 15.866429328918457031 15.786761283874511719 15.755488395690917969 15.807915687561035156 15.811071395874023438
16.335084915161132813 16.304691314697265625 16.312051773071289063 16.396852493286132813 16.509115219116210938 16.601306915283203125 16.62943267822265625 16.605083465576171875 16.539110183715820313 16.493144989013671875 16.492603302001953125 16.51923370361328125 16.567426681518554688 16.59909820556640625 16.619777679443359375 16.67005157470703125 16.732030868530273438 16.752153396606445313 16.730926513671875 16.679355621337890625 16.606008529663085938 16.543729782104492188 16.503171920776367188 16.466604232788085938 16.418462753295898438 16.356603622436523438 16.286029815673828125 16.222652435302734375 16.174383163452148438 16.129213333129882813 16.073589324951171875 16.0048675537109375 15.8900909423828125 15.828831672668457031 15.868214607238769531 15.815060615539550781 15.698081016540527344 15.696684837341308594 15.77313995361328125 15.707449913024902344
16.491725921630859375 16.44235992431640625 16.397741317749023438 16.39382171630859375 16.459331512451171875 16.555902481079101563 16.622570037841796875 16.665864944458007813 16.7009735107421875 16.711732864379882813 16.721036911010742188 16.731966018676757813 16.727359771728515625 16.710601806640625 16.69208526611328125 16.688501358032226563 16.678203582763671875 16.6461181640625 16.600128173828125 16.545452117919921875 16.4951934814453125 16.45305633544921875 16.410190582275390625 16.368993759155273438 16.336246490478515625 16.298091888427734375 16.254993438720703125 16.2347259521484375 16.198123931884765625 16.148057937622070313 16.091579437255859375 16.021512985229492188 15.9215545654296875 15.88161468505859375 15.8702850341796875 15.835276603698730469 15.846040725708007813 15.855246543884277344 15.842878341674804688 15.727708816528320313
16.58180999755859375 16.561067581176757813 16.514812469482421875 16.487640380859375 16.546779632568359375 16.638078689575195313 16.672924041748046875 16.673280715942382813 16.691225051879882813 16.706563949584960938 16.692655563354492188 16.667026519775390625 16.646442413330078125 16.6248626708984375 16.600147247314453125 16.568937301635742188 16.536199569702148438 16.504549026489257813 16.47049713134765625 16.436620712280273438 16.40479278564453125 16.37291717529296875 16.3433990478515625 16.317966461181640625 16.297481536865234375 16.283987045288085938 16.268011093139648438 16.240701675415039063 16.20595550537109375 16.168262481689453125 16.13126373291015625 16.08325958251953125 16.016788482666015625 15.960583686828613281 15.920754432678222656 15.92005157470703125 15.915770530700683594 15.914326667785644531 15.887264251708984375 15.785089492797851563
16.639066696166992188 16.639551162719726563 16.634937286376953125 16.62332916259765625 16.653989791870117188 16.726779937744140625 16.736581802368164063 16.71002960205078125 16.678567886352539063 16.644683837890625 16.616933822631835938 16.596637725830078125 16.577182769775390625 16.551031112670898438 16.524362564086914063 16.500776290893554688 16.477468490600585938 16.454076766967773438 16.43038177490234375 16.408014297485351563 16.386739730834960938 16.36524200439453125 16.345340728759765625 16.32694244384765625 16.3101806640625 16.295915603637695313 16.2780609130859375 16.25225830078125 16.22624969482421875 16.204233169555664063 16.177753448486328125 16.140483856201171875 16.092409133911132813 16.028162002563476563 15.960837364196777344 15.949893951416015625 15.926235198974609375 15.895070075988769531 15.846963882446289063 15.775586128234863281
16.623086929321289063 16.646409988403320313 16.661989212036132813 16.6804351806640625 16.691518783569335938 16.69707489013671875 16.682775497436523438 16.642364501953125 16.60861968994140625 16.580255508422851563 16.5533905029296875 16.53189849853515625 16.5136260986328125 16.496967315673828125 16.484411239624023438 16.473339080810546875 16.45865631103515625 16.440206527709960938 16.41898345947265625 16.397169113159179688 16.376943588256835938 16.356000900268554688 16.334325790405273438 16.316509246826171875 16.306377410888671875 16.30210113525390625 16.29645538330078125 16.28684234619140625 16.274524688720703125 16.256368637084960938 16.22826385498046875 16.19536590576171875 16.152181625366210938 16.086397171020507813 15.995571136474609375 15.919104576110839844 15.85260772705078125 15.846339225769042969 15.882746696472167969 15.8667144775390625
16.57818603515625 16.624263763427734375 16.638172149658203125 16.653348922729492188 16.661108016967773438 16.654430389404296875 16.625627517700195313 16.583517074584960938 16.549531936645507813 16.517839431762695313 16.484487533569335938 16.457616806030273438 16.442073822021484375 16.432741165161132813 16.42292022705078125 16.412321090698242188 16.398309707641601563 16.3806304931640625 16.360933303833007813 16.338787078857421875 16.315904617309570313 16.292734146118164063 16.273151397705078125 16.263355255126953125 16.265237808227539063 16.27532958984375 16.286235809326171875 16.29312896728515625 16.293323516845703125 16.285692214965820313 16.266046524047851563 16.235895156860351563 16.194332122802734375 16.127704620361328125 16.028726577758789063 15.935457229614257813 15.909505844116210938 15.923382759094238281 15.968665122985839844 15.952485084533691406
16.560911178588867188 16.61040496826171875 16.624675750732421875 16.637731552124023438 16.647817611694335938 16.642322540283203125 16.611112594604492188 16.571161270141601563 16.53087615966796875 16.500766754150390625 16.478412628173828125 16.466859817504882813 16.465641021728515625 16.463846206665039063 16.454523086547851563 16.440160751342773438 16.4237060546875 16.403507232666015625 16.383333206176757813 16.362392425537109375 16.339435577392578125 16.313413619995117188 16.286066055297851563 16.26131439208984375 16.24163818359375 16.229997634887695313 16.227483749389648438 16.232137680053710938 16.23960113525390625 16.247316360473632813 16.248044967651367188 16.238292694091796875 16.218631744384765625 16.176458358764648438 16.105777740478515625 16.042949676513671875 16.027767181396484375 16.024621963500976563 16.028003692626953125 15.941529273986816406
16.714664459228515625 16.717817306518554688 16.663387298583984375 16.62534332275390625 16.632549285888671875 16.6426849365234375 16.626222610473632813 16.592464447021484375 16.55594635009765625 16.532571792602539063 16.519771575927734375 16.512517929077148438 16.501157760620117188 16.486337661743164063 16.46799468994140625 16.453273773193359375 16.444095611572265625 16.44362640380859375 16.449613571166992188 16.456708908081054688 16.45641326904296875 16.440992355346679688 16.4171142578125 16.388833999633789063 16.362247467041015625 16.344903945922851563 16.329854965209960938 16.309881210327148438 16.282205581665039063 16.257810592651367188 16.241243362426757813 16.220874786376953125 16.199275970458984375 16.165296554565429688 16.127058029174804688 16.092132568359375 16.067373275756835938 16.043878555297851563 15.967261314392089844 15.84226226806640625
16.983066558837890625 17.046480178833007813 16.97693634033203125 16.787538528442382813 16.623943328857421875 16.625612258911132813 16.6423187255859375 16.626302719116210938 16.590557098388671875 16.57027435302734375 16.553281784057617188 16.523136138916015625 16.485902786254882813 16.452917098999023438 16.434329986572265625 16.435903549194335938 16.445234298706054688 16.453708648681640625 16.465036392211914063 16.49147796630859375 16.53914642333984375 16.591609954833984375 16.626585006713867188 16.635540008544921875 16.621494293212890625 16.59850311279296875 16.567888259887695313 16.51662445068359375 16.458057403564453125 16.425111770629882813 16.423002243041992188 16.410366058349609375 16.359111785888671875 16.28339385986328125 16.19647216796875 16.106258392333984375 16.024957656860351563 15.927154541015625 15.874964714050292969 15.891320228576660156
16.995630264282226563 17.223697662353515625 17.288892745971679688 17.151857376098632813 16.848951339721679688 16.619432449340820313 16.617023468017578125 16.631368637084960938 16.627565383911132813 16.587865829467773438 16.565662384033203125 16.536451339721679688 16.492403030395507813 16.44789886474609375 16.433437347412109375 16.449369430541992188 16.4644317626953125 16.45932769775390625 16.448408126831054688 16.4514617919921875 16.465484619140625 16.499025344848632813 16.569070816040039063 16.686956405639648438 16.799787521362304688 16.863065719604492188 16.876628875732421875 16.80918121337890625 16.68901824951171875 16.591327667236328125 16.5403289794921875 16.537776947021484375 16.556415557861328125 16.550079345703125 16.451784133911132813 16.200862884521484375 15.945994377136230469 15.945168495178222656 15.977972984313964844 15.760865211486816406
17.163930892944335938 17.372697830200195313 17.46480560302734375 17.445430755615234375 17.304037094116210938 17.02056884765625 16.721836090087890625 16.62157440185546875 16.617998123168945313 16.618038177490234375 16.602678298950195313 16.581602096557617188 16.549867630004882813 16.50116729736328125 16.463941574096679688 16.456876754760742188 16.476736068725585938 16.494077682495117188 16.492330551147460938 16.47452545166015625 16.43141937255859375 16.390691757202148438 16.367425918579101563 16.37398529052734375 16.432245254516601563 16.548345565795898438 16.7360076904296875 16.9221038818359375 16.999322891235351563 16.93895721435546875 16.766859054565429688 16.624723434448242188 16.586275100708007813 16.567096710205078125 16.46105194091796875 16.26433563232421875 16.102489471435546875 15.978250503540039063 15.792318344116210938 15.5846099853515625
