MapLinkProApp/griddata/temperature/ASCII/cmems_mod_glo_phy-thetao_anfc_0,083deg_P1D-m_1702458667101_11,4.asc
ncols        121
nrows        120
xllcorner    -30.041666666667
yllcorner    40.041666655981
cellsize     0.083333333333
NODATA_value  9.9692099683868690468e+36
[rows 54 to 71 of 120, columns 40 to 79 of 121]
14.707187652587890625 14.806750297546386719 14.848099708557128906 14.753316879272460938 14.514821052551269531 14.383190155029296875 14.571106910705566406 14.925164222717285156 15.222790718078613281 15.376120567321777344 15.347299575805664063 15.2542266845703125 15.261048316955566406 15.270159721374511719 15.205035209655761719 15.165238380432128906 15.066608428955078125 14.939457893371582031 14.867842674255371094 14.899516105651855469 15.044787406921386719 15.247013092041015625 15.390806198120117188 15.481983184814453125 15.639217376708984375 15.856227874755859375 15.993709564208984375 16.032379150390625 16.018602371215820313 15.991982460021972656 15.994695663452148438 16.032159805297851563 16.07701873779296875 16.099340438842773438 16.086278915405273438 16.044956207275390625 15.994767189025878906 15.946639060974121094 15.912654876708984375 15.892251968383789063
14.780757904052734375 14.833931922912597656 14.897314071655273438 14.823657035827636719 14.576331138610839844 14.39817047119140625 14.506193161010742188 14.808051109313964844 15.095148086547851563 15.212833404541015625 15.145114898681640625 15.113550186157226563 15.232586860656738281 15.32085418701171875 15.342299461364746094 15.357380867004394531 15.246636390686035156 15.050261497497558594 14.882767677307128906 14.817351341247558594 14.89221954345703125 15.0837554931640625 15.266506195068359375 15.420596122741699219 15.64481353759765625 15.915926933288574219 16.062496185302734375 16.103496551513671875 16.099355697631835938 16.078657150268554688 16.079347610473632813 16.101770401000976563 16.129404067993164063 16.137994766235351563 16.125253677368164063 16.09624481201171875 16.062559127807617188 16.030536651611328125 16.005649566650390625 15.984992027282714844
14.847242355346679688 14.854529380798339844 14.952315330505371094 14.921827316284179688 14.664288520812988281 14.426812171936035156 14.440896987915039063 14.669726371765136719 14.929815292358398438 15.03783416748046875 14.994582176208496094 15.02651214599609375 15.198761940002441406 15.343473434448242188 15.42981719970703125 15.465242385864257813 15.35282135009765625 15.137594223022460938 14.938257217407226563 14.811361312866210938 14.811354637145996094 14.965832710266113281 15.184478759765625 15.384306907653808594 15.6373138427734375 15.946745872497558594 16.120634078979492188 16.142791748046875 16.130451202392578125 16.109430313110351563 16.0939483642578125 16.093753814697265625 16.097730636596679688 16.089513778686523438 16.065826416015625 16.033510208129882813 16.0028533935546875 15.976618766784667969 15.9505767822265625 15.9343109130859375
14.919526100158691406 14.891936302185058594 14.990869522094726563 15.064442634582519531 14.856814384460449219 14.542593002319335938 14.4140777587890625 14.525059700012207031 14.732666015625 14.839124679565429688 14.824479103088378906 14.884741783142089844 15.073755264282226563 15.267864227294921875 15.422151565551757813 15.468015670776367188 15.324590682983398438 15.098572731018066406 14.925183296203613281 14.81932830810546875 14.78476715087890625 14.87635040283203125 15.067910194396972656 15.295109748840332031 15.591989517211914063 15.936876296997070313 16.145263671875 16.172018051147460938 16.14548492431640625 16.110502243041992188 16.079561233520507813 16.062480926513671875 16.046251296997070313 16.024988174438476563 15.988271713256835938 15.948176383972167969 15.915033340454101563 15.891488075256347656 15.878195762634277344 15.890529632568359375
14.907906532287597656 14.919217109680175781 15.014802932739257813 15.145461082458496094 15.067421913146972656 14.739282608032226563 14.472682952880859375 14.43602752685546875 14.567168235778808594 14.678845405578613281 14.685382843017578125 14.732201576232910156 14.903809547424316406 15.142543792724609375 15.364359855651855469 15.390588760375976563 15.165556907653808594 14.918675422668457031 14.816097259521484375 14.793901443481445313 14.774011611938476563 14.819711685180664063 14.992490768432617188 15.247694969177246094 15.574019432067871094 15.936808586120605469 16.170370101928710938 16.19451904296875 16.146699905395507813 16.082899093627929688 16.028720855712890625 16.002836227416992188 15.984289169311523438 15.96175384521484375 15.919764518737792969 15.8840484619140625 15.861620903015136719 15.857396125793457031 15.875363349914550781 15.9033355712890625
14.993722915649414063 15.059737205505371094 15.119052886962890625 15.179224967956542969 15.19812774658203125 15.024751663208007813 14.715153694152832031 14.504123687744140625 14.485077857971191406 14.543528556823730469 14.558200836181640625 14.586661338806152344 14.741571426391601563 15.032238006591796875 15.286870002746582031 15.245955467224121094 14.958477020263671875 14.74144744873046875 14.715314865112304688 14.766387939453125 14.779089927673339844 14.804563522338867188 14.958982467651367188 15.235457420349121094 15.58160400390625 15.94103240966796875 16.17974853515625 16.209531784057617188 16.148731231689453125 16.062814712524414063 15.994365692138671875 15.946660041809082031 15.921755790710449219 15.899847984313964844 15.876573562622070313 15.855647087097167969 15.850879669189453125 15.868243217468261719 15.894985198974609375 15.912625312805175781
15.15528106689453125 15.232316970825195313 15.253954887390136719 15.211427688598632813 15.175202369689941406 15.151113510131835938 15.024498939514160156 14.786707878112792969 14.602318763732910156 14.534472465515136719 14.503284454345703125 14.498867034912109375 14.643674850463867188 14.951819419860839844 15.135478019714355469 14.984599113464355469 14.722314834594726563 14.615413665771484375 14.677867889404296875 14.786001205444335938 14.813916206359863281 14.820383071899414063 14.976629257202148438 15.280103683471679688 15.625258445739746094 15.972332954406738281 16.204927444458007813 16.227207183837890625 16.149744033813476563 16.055696487426757813 15.984447479248046875 15.92620086669921875 15.887681961059570313 15.873003959655761719 15.857504844665527344 15.864088058471679688 15.874227523803710938 15.887965202331542969 15.890221595764160156 15.86052703857421875
15.3337554931640625 15.373030662536621094 15.400236129760742188 15.349131584167480469 15.220386505126953125 15.113266944885253906 15.039276123046875 14.914330482482910156 14.761725425720214844 14.636548042297363281 14.542510032653808594 14.497382164001464844 14.592038154602050781 14.801485061645507813 14.874114036560058594 14.726048469543457031 14.592725753784179688 14.611554145812988281 14.734188079833984375 14.854805946350097656 14.866605758666992188 14.861683845520019531 15.03008270263671875 15.339550971984863281 15.670174598693847656 16.003316879272460938 16.224712371826171875 16.2381744384765625 16.144107818603515625 16.046962738037109375 15.984980583190917969 15.933665275573730469 15.892043113708496094 15.879372596740722656 15.870453834533691406 15.877593040466308594 15.882391929626464844 15.876414299011230469 15.853255271911621094 15.811464309692382813
15.403264045715332031 15.401059150695800781 15.404379844665527344 15.419599533081054688 15.399884223937988281 15.278527259826660156 15.080277442932128906 14.898171424865722656 14.780162811279296875 14.701566696166992188 14.611026763916015625 14.535218238830566406 14.563735008239746094 14.6479644775390625 14.636412620544433594 14.559564590454101563 14.5731048583984375 14.701581001281738281 14.864465713500976563 14.949590682983398438 14.924960136413574219 14.921361923217773438 15.100232124328613281 15.402191162109375 15.708925247192382813 16.032640457153320313 16.245235443115234375 16.250280380249023438 16.147142410278320313 16.044773101806640625 15.987338066101074219 15.942360877990722656 15.907778739929199219 15.894285202026367188 15.880687713623046875 15.879465103149414063 15.877079010009765625 15.864577293395996094 15.844631195068359375 15.812387466430664063
15.459385871887207031 15.452646255493164063 15.414345741271972656 15.379938125610351563 15.405832290649414063 15.43994903564453125 15.3441925048828125 15.103673934936523438 14.844679832458496094 14.670161247253417969 14.565042495727539063 14.508780479431152344 14.506155014038085938 14.509823799133300781 14.499935150146484375 14.561859130859375 14.745004653930664063 14.946032524108886719 15.043856620788574219 15.037591934204101563 14.980693817138671875 14.997557640075683594 15.184167861938476563 15.460679054260253906 15.749820709228515625 16.067445755004882813 16.271825790405273438 16.27249908447265625 16.165302276611328125 16.060947418212890625 16.002862930297851563 15.96268463134765625 15.929975509643554688 15.909807205200195313 15.888060569763183594 15.876135826110839844 15.8695068359375 15.855988502502441406 15.835402488708496094 15.804568290710449219
15.517251968383789063 15.505290985107421875 15.448457717895507813 15.391416549682617188 15.393227577209472656 15.451004981994628906 15.45780181884765625 15.320784568786621094 15.068212509155273438 14.810864448547363281 14.621151924133300781 14.525380134582519531 14.501362800598144531 14.516139984130859375 14.615232467651367188 14.829152107238769531 15.052661895751953125 15.154902458190917969 15.127625465393066406 15.059125900268554688 15.017439842224121094 15.071298599243164063 15.259902000427246094 15.513275146484375 15.789364814758300781 16.099058151245117188 16.293310165405273438 16.287248611450195313 16.184833526611328125 16.08526611328125 16.022741317749023438 15.986104011535644531 15.951775550842285156 15.926727294921875 15.9009552001953125 15.880010604858398438 15.866153717041015625 15.850874900817871094 15.825787544250488281 15.804211616516113281
15.553818702697753906 15.527747154235839844 15.469964981079101563 15.445208549499511719 15.475243568420410156 15.526401519775390625 15.543505668640136719 15.482562065124511719 15.345446586608886719 15.170136451721191406 15.013253211975097656 14.922444343566894531 14.907222747802734375 14.97426605224609375 15.100290298461914063 15.202902793884277344 15.231367111206054688 15.191338539123535156 15.120008468627929688 15.083861351013183594 15.105841636657714844 15.200773239135742188 15.371059417724609375 15.584476470947265625 15.837121009826660156 16.130659103393554688 16.309999465942382813 16.29503631591796875 16.196720123291015625 16.103242874145507813 16.0386962890625 16.000833511352539063 15.969643592834472656 15.941280364990234375 15.917611122131347656 15.889126777648925781 15.868330955505371094 15.850652694702148438 15.8269195556640625 15.812685012817382813
15.542403221130371094 15.50347900390625 15.469516754150390625 15.475047111511230469 15.510105133056640625 15.53842926025390625 15.539587974548339844 15.511365890502929688 15.461733818054199219 15.403262138366699219 15.350572586059570313 15.313145637512207031 15.293639183044433594 15.284087181091308594 15.253735542297363281 15.206378936767578125 15.190857887268066406 15.201666831970214844 15.213824272155761719 15.252129554748535156 15.318172454833984375 15.409280776977539063 15.526182174682617188 15.670774459838867188 15.882791519165039063 16.150587081909179688 16.3217620849609375 16.303384780883789063 16.201871871948242188 16.113277435302734375 16.052173614501953125 16.01274871826171875 15.984521865844726563 15.957137107849121094 15.936444282531738281 15.91412353515625 15.889138221740722656 15.865556716918945313 15.842517852783203125 15.827070236206054688
15.587079048156738281 15.511397361755371094 15.462922096252441406 15.451869964599609375 15.451581954956054688 15.43364715576171875 15.393499374389648438 15.344507217407226563 15.300355911254882813 15.267605781555175781 15.247236251831054688 15.229344367980957031 15.204993247985839844 15.188669204711914063 15.181696891784667969 15.189345359802246094 15.251435279846191406 15.343642234802246094 15.403540611267089844 15.453372001647949219 15.516919136047363281 15.58310699462890625 15.646372795104980469 15.726716041564941406 15.896450042724609375 16.138772964477539063 16.324121475219726563 16.32094573974609375 16.214563369750976563 16.115718841552734375 16.055894851684570313 16.023891448974609375 15.993248939514160156 15.965561866760253906 15.940953254699707031 15.922961235046386719 15.90352630615234375 15.87757110595703125 15.848705291748046875 15.827454566955566406
15.781162261962890625 15.715112686157226563 15.6140899658203125 15.520150184631347656 15.448012351989746094 15.389194488525390625 15.3314971923828125 15.270086288452148438 15.21256256103515625 15.162355422973632813 15.128567695617675781 15.1169281005859375 15.116016387939453125 15.141954421997070313 15.204314231872558594 15.2985382080078125 15.434042930603027344 15.564936637878417969 15.63008880615234375 15.65853118896484375 15.693095207214355469 15.724603652954101563 15.735309600830078125 15.772320747375488281 15.886518478393554688 16.089168548583984375 16.302095413208007813 16.3415069580078125 16.240070343017578125 16.115320205688476563 16.03900909423828125 16.01439666748046875 15.995649337768554688 15.968167304992675781 15.937220573425292969 15.91097259521484375 15.8874664306640625 15.858536720275878906 15.836305618286132813 15.842334747314453125
15.773649215698242188 15.804044723510742188 15.818081855773925781 15.810168266296386719 15.772047042846679688 15.710369110107421875 15.639797210693359375 15.561202049255371094 15.491777420043945313 15.434123039245605469 15.383290290832519531 15.352442741394042969 15.352282524108886719 15.396123886108398438 15.478745460510253906 15.586438179016113281 15.721223831176757813 15.843195915222167969 15.891004562377929688 15.879794120788574219 15.871048927307128906 15.872061729431152344 15.84490966796875 15.827207565307617188 15.873805999755859375 16.010532379150390625 16.227893829345703125 16.346981048583984375 16.278345108032226563 16.130458831787109375 16.022710800170898438 15.996313095092773438 15.986475944519042969 15.963656425476074219 15.924234390258789063 15.882863998413085938 15.856092453002929688 15.847340583801269531 15.8668670654296875 15.8998565673828125
16.039722442626953125 16.003566741943359375 15.999568939208984375 16.014745712280273438 16.029605865478515625 16.029249191284179688 16.0107879638671875 15.96826934814453125 15.913187026977539063 15.85546112060546875 15.792502403259277344 15.739575386047363281 15.708308219909667969 15.708841323852539063 15.747071266174316406 15.822872161865234375 15.936456680297851563 16.05548095703125 16.113035202026367188 16.087499618530273438 16.040655136108398438 16.010622024536132813 15.959609031677246094 15.912917137145996094 15.922231674194335938 15.984236717224121094 16.154100418090820313 16.326852798461914063 16.300382614135742188 16.14316558837890625 16.016063690185546875 15.983361244201660156 15.975498199462890625 15.952130317687988281 15.910786628723144531 15.870411872863769531 15.862345695495605469 15.886661529541015625 15.923310279846191406 15.956129074096679688
16.82381439208984375 16.786365509033203125 16.759782791137695313 16.742315292358398438 16.72356414794921875 16.697528839111328125 16.656072616577148438 16.600284576416015625 16.532033920288085938 16.449392318725585938 16.35468292236328125 16.253810882568359375 16.173471450805664063 16.132221221923828125 16.15045928955078125 16.221096038818359375 16.308923721313476563 16.40399169921875 16.46662139892578125 16.437511444091796875 16.355480194091796875 16.279605865478515625 16.198101043701171875 16.13068389892578125 16.10608673095703125 16.090074539184570313 16.155366897583007813 16.305025100708007813 16.313751220703125 16.150604248046875 16.0074615478515625 15.97087860107421875 15.963093757629394531 15.938012123107910156 15.907247543334960938 15.890336036682128906 15.90703582763671875 15.940433502197265625 15.973063468933105469 15.997406959533691406
