MapLinkProApp/griddata/temperature/ASCII/cmems_mod_glo_phy-thetao_anfc_0,083deg_P1D-m_1702458667101_18,5.asc
ncols        121
nrows        120
xllcorner    -30.041666666667
yllcorner    40.041666655981
cellsize     0.083333333333
NODATA_value  9.9692099683868690468e+36
[rows 54 to 71 of 120, columns 40 to 79 of 121]
14.708016395568847656 14.807656288146972656 14.848967552185058594 14.75415802001953125 14.515608787536621094 14.383901596069335938 14.571924209594726563 14.92620849609375 15.224001884460449219 15.377449989318847656 15.348706245422363281 15.255549430847167969 15.262166976928710938 15.271093368530273438 15.205776214599609375 15.165818214416503906 15.067167282104492188 14.940118789672851563 14.868628501892089844 14.900441169738769531 15.045893669128417969 15.24822235107421875 15.392017364501953125 15.48311614990234375 15.640246391296386719 15.857197761535644531 15.994711875915527344 16.033428192138671875 16.019596099853515625 15.992948532104492188 15.995618820190429688 16.033061981201171875 16.077962875366210938 16.100374221801757813 16.087324142456054688 16.045978546142578125 15.995728492736816406 15.947535514831542969 15.913527488708496094 15.893097877502441406
14.781584739685058594 14.834865570068359375 14.89813995361328125 14.824444770812988281 14.577051162719726563 14.398866653442382813 14.50705718994140625 14.809163093566894531 15.096453666687011719 15.214185714721679688 15.146375656127929688 15.114670753479003906 15.233557701110839844 15.321675300598144531 15.342998504638671875 15.358004570007324219 15.247220993041992188 15.050827980041503906 14.883373260498046875 14.818026542663574219 14.893011093139648438 15.084801673889160156 15.267619132995605469 15.421656608581542969 15.645860671997070313 15.916983604431152344 16.063495635986328125 16.104534149169921875 16.100399017333984375 16.079694747924804688 16.080362319946289063 16.102811813354492188 16.1304931640625 16.139141082763671875 16.126455307006835938 16.097448348999023438 16.063745498657226563 16.031702041625976563 16.00678253173828125 15.986118316650390625
14.84801483154296875 14.855375289916992188 14.953084945678710938 14.922454833984375 14.66480255126953125 14.427334785461425781 14.441658973693847656 14.670795440673828125 14.931038856506347656 15.03903961181640625 14.995688438415527344 15.027537345886230469 15.199717521667480469 15.3443603515625 15.430674552917480469 15.466051101684570313 15.353580474853515625 15.138319015502929688 14.938924789428710938 14.811975479125976563 14.812039375305175781 14.966622352600097656 15.185455322265625 15.385358810424804688 15.638344764709472656 15.947803497314453125 16.12169647216796875 16.143819808959960938 16.13147735595703125 16.110464096069335938 16.0949859619140625 16.094821929931640625 16.098855972290039063 16.09070587158203125 16.067047119140625 16.034746170043945313 16.004117965698242188 15.97788238525390625 15.951839447021484375 15.935520172119140625
14.920380592346191406 14.892729759216308594 14.991717338562011719 15.065106391906738281 14.8571014404296875 14.542788505554199219 14.414541244506835938 14.525904655456542969 14.733723640441894531 14.840184211730957031 14.82544708251953125 14.885707855224609375 15.074793815612792969 15.268883705139160156 15.423084259033203125 15.468911170959472656 15.325519561767578125 15.09954071044921875 14.926076889038085938 14.820019721984863281 14.785382270812988281 14.877050399780273438 15.068761825561523438 15.296032905578613281 15.592883110046386719 15.937817573547363281 16.146261215209960938 16.173013687133789063 16.146465301513671875 16.111494064331054688 16.080579757690429688 16.063520431518554688 16.047304153442382813 16.026079177856445313 15.989403724670410156 15.949347496032714844 15.916222572326660156 15.892649650573730469 15.879267692565917969 15.891604423522949219
14.908732414245605469 14.919862747192382813 15.015486717224121094 15.146241188049316406 15.067803382873535156 14.739247322082519531 14.472799301147460938 14.436548233032226563 14.568063735961914063 14.679867744445800781 14.686320304870605469 14.733120918273925781 14.904796600341796875 15.143528938293457031 15.365294456481933594 15.391499519348144531 15.166441917419433594 14.919572830200195313 14.816956520080566406 14.794614791870117188 14.774592399597167969 14.8203125 14.993191719055175781 15.248495101928710938 15.574855804443359375 15.937740325927734375 16.171375274658203125 16.195522308349609375 16.147703170776367188 16.083959579467773438 16.029779434204101563 16.003950119018554688 15.985395431518554688 15.962862014770507813 15.920868873596191406 15.885129928588867188 15.862674713134765625 15.858364105224609375 15.876285552978515625 15.904309272766113281
14.994318962097167969 15.060247421264648438 15.119653701782226563 15.180031776428222656 15.199110031127929688 15.024982452392578125 14.714936256408691406 14.504212379455566406 14.485627174377441406 14.544370651245117188 14.559047698974609375 14.587418556213378906 14.742357254028320313 15.0330963134765625 15.287802696228027344 15.246884346008300781 14.959269523620605469 14.742146492004394531 14.715931892395019531 14.766928672790527344 14.77956390380859375 14.805082321166992188 14.959511756896972656 15.236071586608886719 15.582331657409667969 15.941862106323242188 16.18070220947265625 16.210527420043945313 16.149747848510742188 16.06386566162109375 15.995401382446289063 15.947652816772460938 15.922785758972167969 15.900884628295898438 15.877590179443359375 15.856573104858398438 15.851784706115722656 15.869130134582519531 15.89589691162109375 15.913582801818847656
15.155683517456054688 15.232798576354980469 15.254445075988769531 15.211958885192871094 15.175911903381347656 15.151940345764160156 15.024950027465820313 14.78679656982421875 14.602437973022460938 14.534811973571777344 14.50376129150390625 14.499318122863769531 14.6441650390625 14.952610015869140625 15.136559486389160156 14.9856109619140625 14.723028182983398438 14.61591339111328125 14.678273200988769531 14.786386489868164063 14.814313888549804688 14.820796966552734375 14.977029800415039063 15.280634880065917969 15.625948905944824219 15.973128318786621094 16.2058563232421875 16.228174209594726563 16.150707244873046875 16.056657791137695313 15.985407829284667969 15.927065849304199219 15.888539314270019531 15.873867034912109375 15.858384132385253906 15.864901542663574219 15.875060081481933594 15.888857841491699219 15.891161918640136719 15.86151885986328125
15.334157943725585938 15.373547554016113281 15.400827407836914063 15.3495635986328125 15.220739364624023438 15.113811492919921875 15.040019035339355469 14.914926528930664063 14.762048721313476563 14.63677215576171875 14.54276275634765625 14.497731208801269531 14.592450141906738281 14.802216529846191406 14.875233650207519531 14.7270050048828125 14.593355178833007813 14.611944198608398438 14.73447418212890625 14.855123519897460938 14.86698150634765625 14.862049102783203125 15.030461311340332031 15.340105056762695313 15.670873641967773438 16.00414276123046875 16.225660324096679688 16.23915863037109375 16.145076751708984375 16.047918319702148438 15.9859466552734375 15.934546470642089844 15.8928985595703125 15.880213737487792969 15.871294021606445313 15.878449440002441406 15.883260726928710938 15.877326011657714844 15.85419464111328125 15.812365531921386719
15.403860092163085938 15.4017181396484375 15.405158042907714844 15.420429229736328125 15.400519371032714844 15.278841018676757813 15.080489158630371094 14.898507118225097656 14.780613899230957031 14.702029228210449219 14.611401557922363281 14.535544395446777344 14.564150810241699219 14.648655891418457031 14.637292861938476563 14.560205459594726563 14.5734100341796875 14.701747894287109375 14.864656448364257813 14.94991302490234375 14.925327301025390625 14.921718597412109375 15.100610733032226563 15.402794837951660156 15.709682464599609375 16.03350067138671875 16.2462005615234375 16.251247406005859375 16.148101806640625 16.045742034912109375 15.988283157348632813 15.943255424499511719 15.908641815185546875 15.895113945007324219 15.881537437438964844 15.880331039428710938 15.877950668334960938 15.865456581115722656 15.845498085021972656 15.813215255737304688
15.460019111633300781 15.453307151794433594 15.415058135986328125 15.380690574645996094 15.406636238098144531 15.440710067749023438 15.344542503356933594 15.103679656982421875 14.844717979431152344 14.670437812805175781 14.565478324890136719 14.509229660034179688 14.506653785705566406 14.510382652282714844 14.500356674194335938 14.561913490295410156 14.744820594787597656 14.946028709411621094 15.044135093688964844 15.038022041320800781 14.981059074401855469 14.997883796691894531 15.184563636779785156 15.461300849914550781 15.750520706176757813 16.0682373046875 16.272747039794921875 16.273410797119140625 16.166196823120117188 16.061834335327148438 16.00373077392578125 15.963506698608398438 15.930784225463867188 15.910627365112304688 15.888890266418457031 15.876979827880859375 15.870351791381835938 15.856823921203613281 15.836263656616210938 15.805417060852050781
15.517908096313476563 15.506037712097167969 15.449221611022949219 15.392114639282226563 15.393885612487792969 15.451716423034667969 15.458439826965332031 15.321103096008300781 15.068186759948730469 14.810729026794433594 14.621075630187988281 14.525387763977050781 14.501433372497558594 14.516058921813964844 14.614805221557617188 14.8285980224609375 15.052437782287597656 15.155185699462890625 15.128147125244140625 15.059637069702148438 15.017794609069824219 15.071557998657226563 15.260266304016113281 15.51387786865234375 15.790030479431152344 16.099842071533203125 16.29422760009765625 16.288166046142578125 16.185720443725585938 16.086137771606445313 16.023609161376953125 15.986954689025878906 15.952551841735839844 15.927519798278808594 15.901751518249511719 15.880835533142089844 15.866979598999023438 15.851706504821777344 15.826648712158203125 15.805075645446777344
15.554567337036132813 15.52850341796875 15.470668792724609375 15.445810317993164063 15.475827217102050781 15.527032852172851563 15.544193267822265625 15.483137130737304688 15.345720291137695313 15.170057296752929688 15.012869834899902344 14.921889305114746094 14.9066009521484375 14.97365570068359375 15.099916458129882813 15.203033447265625 15.231899261474609375 15.191918373107910156 15.120496749877929688 15.084206581115722656 15.106052398681640625 15.200930595397949219 15.371390342712402344 15.585107803344726563 15.837787628173828125 16.131465911865234375 16.310943603515625 16.295999526977539063 16.197641372680664063 16.104137420654296875 16.0395965576171875 16.001712799072265625 15.970463752746582031 15.94208526611328125 15.918431282043457031 15.889962196350097656 15.869189262390136719 15.8514862060546875 15.827757835388183594 15.813559532165527344
15.543021202087402344 15.504151344299316406 15.470182418823242188 15.4757232666015625 15.510823249816894531 15.539239883422851563 15.540488243103027344 15.512287139892578125 15.462551116943359375 15.403899192810058594 15.351040840148925781 15.313527107238769531 15.294047355651855469 15.284644126892089844 15.25443267822265625 15.207066535949707031 15.191445350646972656 15.202088356018066406 15.214035987854003906 15.252245903015136719 15.318288803100585938 15.409452438354492188 15.526584625244140625 15.671477317810058594 15.883507728576660156 16.151454925537109375 16.322748184204101563 16.304351806640625 16.20281219482421875 16.114248275756835938 16.053171157836914063 16.013729095458984375 15.985449790954589844 15.958058357238769531 15.937365531921386719 15.915001869201660156 15.889996528625488281 15.866421699523925781 15.843385696411132813 15.827972412109375
15.5874176025390625 15.511730194091796875 15.463364601135253906 15.452475547790527344 15.452330589294433594 15.434494972229003906 15.394395828247070313 15.345421791076660156 15.301260948181152344 15.268490791320800781 15.248125076293945313 15.230288505554199219 15.205980300903320313 15.189600944519042969 15.182474136352539063 15.189896583557128906 15.251811027526855469 15.343924522399902344 15.403735160827636719 15.453568458557128906 15.5171661376953125 15.583464622497558594 15.646966934204101563 15.727415084838867188 15.897233963012695313 16.139696121215820313 16.325151443481445313 16.32190704345703125 16.21546173095703125 16.11667633056640625 16.05692291259765625 16.024923324584960938 15.994219779968261719 15.96652984619140625 15.941946983337402344 15.923933029174804688 15.904453277587890625 15.878473281860351563 15.849615097045898438 15.82840728759765625
15.781701087951660156 15.71549224853515625 15.614284515380859375 15.520289421081542969 15.448198318481445313 15.389454841613769531 15.331810951232910156 15.270457267761230469 15.2129669189453125 15.162749290466308594 15.128968238830566406 15.117345809936523438 15.116422653198242188 15.142342567443847656 15.204674720764160156 15.298799514770507813 15.434237480163574219 15.565137863159179688 15.630270004272460938 15.658754348754882813 15.693424224853515625 15.725033760070800781 15.735875129699707031 15.773029327392578125 15.887411117553710938 16.090131759643554688 16.303188323974609375 16.34250640869140625 16.240955352783203125 16.116235733032226563 16.0400543212890625 16.015485763549804688 15.996673583984375 15.969129562377929688 15.938197135925292969 15.911952018737792969 15.888437271118164063 15.859516143798828125 15.837366104125976563 15.843519210815429688
15.77394866943359375 15.80448150634765625 15.818477630615234375 15.810393333435058594 15.772098541259765625 15.710275650024414063 15.639563560485839844 15.560892105102539063 15.491490364074707031 15.43381500244140625 15.382960319519042969 15.352160453796386719 15.352108955383300781 15.396017074584960938 15.47867584228515625 15.586423873901367188 15.721278190612792969 15.84328460693359375 15.891031265258789063 15.879810333251953125 15.871214866638183594 15.872364997863769531 15.845360755920410156 15.827886581420898438 15.87474822998046875 16.011478424072265625 16.22898101806640625 16.34804534912109375 16.279249191284179688 16.131368637084960938 16.023813247680664063 15.997468948364257813 15.987489700317382813 15.964589118957519531 15.925158500671386719 15.883816719055175781 15.857241630554199219 15.848805427551269531 15.868272781372070313 15.901582717895507813
16.038494110107421875 16.002527236938476563 15.998691558837890625 16.0139617919921875 16.028856277465820313 16.028490066528320313 16.010026931762695313 15.967482566833496094 15.912384986877441406 15.854703903198242188 15.79180145263671875 15.738957405090332031 15.707789421081542969 15.708465576171875 15.74684906005859375 15.822646141052246094 15.936251640319824219 16.055398941040039063 16.112913131713867188 16.08733367919921875 16.04061126708984375 16.010715484619140625 15.959853172302246094 15.913405418395996094 15.922956466674804688 15.985057830810546875 16.15509796142578125 16.327898025512695313 16.301305770874023438 16.14410400390625 16.017223358154296875 15.984543800354003906 15.97657012939453125 15.953154563903808594 15.911810874938964844 15.87152862548828125 15.863749504089355469 15.888344764709472656 15.925373077392578125 15.95818328857421875
16.823545455932617188 16.785997390747070313 16.759403228759765625 16.741968154907226563 16.723272323608398438 16.697298049926757813 16.65587615966796875 16.600057601928710938 16.531728744506835938 16.449010848999023438 16.354215621948242188 16.253271102905273438 16.172870635986328125 16.1316680908203125 16.149904251098632813 16.220514297485351563 16.30849456787109375 16.403860092163085938 16.46669769287109375 16.43756866455078125 16.355485916137695313 16.2796478271484375 16.198211669921875 16.130924224853515625 16.106502532958984375 16.090646743774414063 16.156093597412109375 16.3058929443359375 16.314573287963867188 16.15146636962890625 16.008617401123046875 15.972137451171875 15.964221954345703125 15.939096450805664063 15.908420562744140625 15.89176177978515625 15.909077644348144531 15.942276954650878906 15.974568367004394531 15.998651504516601563
