MapLinkProApp/griddata/temperature/ASCII/cmems_mod_glo_phy-thetao_anfc_0,083deg_P1D-m_1702458667101_3992,5.asc
ncols        121
nrows        120
xllcorner    -30.041666666667
yllcorner    40.041666655981
cellsize     0.083333333333
NODATA_value  9.9692099683868690468e+36
[rows 0 to 15 of 120, columns 74 to 110 of 121]
9.9692099683868690468e+36 2.2660052776336669922 9.9692099683868690468e+36 9.9692099683868690468e+36 9.9692099683868690468e+36 9.9692099683868690468e+36 9.9692099683868690468e+36 2.2937400341033935547 2.2798008918762207031 2.2729525566101074219 9.9692099683868690468e+36 9.9692099683868690468e+36 9.9692099683868690468e+36 9.9692099683868690468e+36 9.9692099683868690468e+36 9.9692099683868690468e+36 9.9692099683868690468e+36 9.9692099683868690468e+36 9.9692099683868690468e+36 9.9692099683868690468e+36 9.9692099683868690468e+36 9.9692099683868690468e+36 9.9692099683868690468e+36 9.9692099683868690468e+36 9.9692099683868690468e+36 9.9692099683868690468e+36 2.2618463039398193359 9.9692099683868690468e+36 9.9692099683868690468e+36 9.9692099683868690468e+36 9.9692099683868690468e+36 9.9692099683868690468e+36 9.9692099683868690468e+36 9.9692099683868690468e+36 9.9692099683868690468e+36 9.9692099683868690468e+36 9.9692099683868690468e+36
9.9692099683868690468e+36 9.9692099683868690468e+36 9.9692099683868690468e+36 9.9692099683868690468e+36 9.9692099683868690468e+36 9.9692099683868690468e+36 2.2848370075225830078 2.2664723396301269531 2.2660725116729736328 2.2641158103942871094 2.2629046440124511719 2.2605228424072265625 2.2591485977172851563 2.2590162754058837891 2.2642369270324707031 2.2746331691741943359 2.2802040576934814453 2.2871363162994384766 2.2979006767272949219 9.9692099683868690468e+36 9.9692099683868690468e+36 9.9692099683868690468e+36 9.9692099683868690468e+36 9.9692099683868690468e+36 9.9692099683868690468e+36 2.3118581771850585938 2.2713305950164794922 2.2579088211059570313 2.25310516357421875 2.227291107177734375 2.2011959552764892578 2.1944212913513183594 2.1922447681427001953 2.1889750957489013672 2.1836810111999511719 9.9692099683868690468e+36 9.9692099683868690468e+36
9.9692099683868690468e+36 9.9692099683868690468e+36 9.9692099683868690468e+36 9.9692099683868690468e+36 9.9692099683868690468e+36 2.2977573871612548828 2.2758831977844238281 2.2656292915344238281 2.2679839134216308594 2.2707819938659667969 2.2715332508087158203 2.2699120044708251953 2.2660193443298339844 2.2578277587890625 2.25689697265625 2.2643451690673828125 2.2755668163299560547 2.2831232547760009766 2.2935745716094970703 2.3165886402130126953 2.34392547607421875 2.3550157546997070313 2.3378462791442871094 2.3191077709197998047 2.3068728446960449219 2.2728035449981689453 2.2567164897918701172 2.2365508079528808594 2.2210938930511474609 2.2207229137420654297 2.2219307422637939453 2.2147538661956787109 2.2057497501373291016 2.1839222908020019531 2.186679840087890625 2.1923854351043701172 2.1914739608764648438
2.2731938362121582031 2.273479461669921875 2.2960827350616455078 2.2992103099822998047 2.3039696216583251953 2.3099532127380371094 2.3011190891265869141 2.27407073974609375 2.2700653076171875 2.2678925991058349609 2.2806041240692138672 2.2899701595306396484 2.2717394828796386719 2.2467076778411865234 9.9692099683868690468e+36 9.9692099683868690468e+36 9.9692099683868690468e+36 2.2804687023162841797 2.2846467494964599609 2.2946832180023193359 2.2984344959259033203 2.2876288890838623047 2.2695000171661376953 2.2570855617523193359 2.2493090629577636719 2.2427103519439697266 2.2451050281524658203 2.2421331405639648438 2.2167329788208007813 2.2008249759674072266 2.2172787189483642578 2.2153034210205078125 2.1984846591949462891 2.1840443611145019531 2.1829409599304199219 2.1813220977783203125 2.1766824722290039063
2.2600061893463134766 2.2568457126617431641 2.2680454254150390625 2.2698092460632324219 2.2949635982513427734 9.9692099683868690468e+36 9.9692099683868690468e+36 2.3161673545837402344 2.2743794918060302734 2.2752470970153808594 2.2771596908569335938 2.2790155410766601563 2.2633557319641113281 9.9692099683868690468e+36 9.9692099683868690468e+36 9.9692099683868690468e+36 9.9692099683868690468e+36 9.9692099683868690468e+36 2.28031158447265625 2.2789092063903808594 2.2721772193908691406 2.2582757472991943359 2.2431693077087402344 2.2392857074737548828 2.2398154735565185547 2.2395923137664794922 2.2478137016296386719 2.2247002124786376953 9.9692099683868690468e+36 2.1903026103973388672 2.1996705532073974609 2.1933476924896240234 2.1926562786102294922 2.1987328529357910156 9.9692099683868690468e+36 9.9692099683868690468e+36 2.1706366539001464844
2.3027920722961425781 2.2930326461791992188 2.2881321907043457031 2.2797799110412597656 2.3258237838745117188 9.9692099683868690468e+36 9.9692099683868690468e+36 9.9692099683868690468e+36 2.3181014060974121094 9.9692099683868690468e+36 2.3111104965209960938 2.3218901157379150391 2.2747461795806884766 2.2342705726623535156 9.9692099683868690468e+36 9.9692099683868690468e+36 9.9692099683868690468e+36 9.9692099683868690468e+36 9.9692099683868690468e+36 2.2577993869781494141 2.2515006065368652344 2.2348132133483886719 2.2271034717559814453 2.2243249416351318359 2.2193348407745361328 2.2185533046722412109 2.2182228565216064453 9.9692099683868690468e+36 9.9692099683868690468e+36 2.1845180988311767578 2.1927475929260253906 2.1987881660461425781 9.9692099683868690468e+36 9.9692099683868690468e+36 9.9692099683868690468e+36 9.9692099683868690468e+36 2.1767828464508056641
2.323055267333984375 2.3006739616394042969 2.2863624095916748047 2.2888059616088867188 2.3192882537841796875 9.9692099683868690468e+36 2.3425593376159667969 2.3093595504760742188 2.2829825878143310547 2.2878427505493164063 9.9692099683868690468e+36 9.9692099683868690468e+36 2.2477638721466064453 2.2333831787109375 9.9692099683868690468e+36 9.9692099683868690468e+36 9.9692099683868690468e+36 9.9692099683868690468e+36 9.9692099683868690468e+36 2.2365555763244628906 2.2330968379974365234 2.2195651531219482422 2.2219140529632568359 2.2249035835266113281 2.2137513160705566406 2.2149591445922851563 9.9692099683868690468e+36 9.9692099683868690468e+36 9.9692099683868690468e+36 9.9692099683868690468e+36 9.9692099683868690468e+36 9.9692099683868690468e+36 9.9692099683868690468e+36 9.9692099683868690468e+36 9.9692099683868690468e+36 9.9692099683868690468e+36 9.9692099683868690468e+36
9.9692099683868690468e+36 9.9692099683868690468e+36 9.9692099683868690468e+36 9.9692099683868690468e+36 9.9692099683868690468e+36 9.9692099683868690468e+36 2.3108339309692382813 2.2856910228729248047 2.2749414443969726563 2.2850189208984375 9.9692099683868690468e+36 9.9692099683868690468e+36 9.9692099683868690468e+36 9.9692099683868690468e+36 9.9692099683868690468e+36 9.9692099683868690468e+36 2.2333531379699707031 9.9692099683868690468e+36 2.2239401340484619141 2.222614288330078125 2.2194881439208984375 2.2143228054046630859 2.2179572582244873047 2.2179486751556396484 2.206966400146484375 9.9692099683868690468e+36 9.9692099683868690468e+36 9.9692099683868690468e+36 9.9692099683868690468e+36 2.1815407276153564453 9.9692099683868690468e+36 9.9692099683868690468e+36 9.9692099683868690468e+36 9.9692099683868690468e+36 9.9692099683868690468e+36 9.9692099683868690468e+36 9.9692099683868690468e+36
9.9692099683868690468e+36 9.9692099683868690468e+36 9.9692099683868690468e+36 9.9692099683868690468e+36 9.9692099683868690468e+36 9.9692099683868690468e+36 9.9692099683868690468e+36 2.2866418361663818359 2.2732703685760498047 9.9692099683868690468e+36 9.9692099683868690468e+36 9.9692099683868690468e+36 2.2084772586822509766 2.2102897167205810547 2.2228636741638183594 2.2293660640716552734 2.2303416728973388672 2.2312967777252197266 2.2241184711456298828 2.2176153659820556641 2.2104387283325195313 2.2049074172973632813 2.2095100879669189453 2.2132718563079833984 2.2024903297424316406 2.1893520355224609375 9.9692099683868690468e+36 2.1809363365173339844 2.1801311969757080078 2.1817142963409423828 2.1841001510620117188 2.1796779632568359375 2.180419921875 2.1869952678680419922 2.1839699745178222656 2.1765248775482177734 2.1805119514465332031
9.9692099683868690468e+36 9.9692099683868690468e+36 9.9692099683868690468e+36 9.9692099683868690468e+36 2.3743131160736083984 2.3541769981384277344 9.9692099683868690468e+36 9.9692099683868690468e+36 9.9692099683868690468e+36 9.9692099683868690468e+36 9.9692099683868690468e+36 9.9692099683868690468e+36 2.210315704345703125 2.2098062038421630859 2.2120540142059326172 2.2209942340850830078 2.2242674827575683594 2.2321627140045166016 2.2429378032684326172 2.2451996803283691406 2.2275567054748535156 2.2085247039794921875 2.2042520046234130859 2.2059788703918457031 2.2018167972564697266 2.1921198368072509766 2.1839373111724853516 2.1829514503479003906 2.1844239234924316406 2.1917550563812255859 2.1939299106597900391 2.1826620101928710938 2.1816527843475341797 2.1840169429779052734 2.1805856227874755859 2.1832594871520996094 2.1907186508178710938
9.9692099683868690468e+36 9.9692099683868690468e+36 9.9692099683868690468e+36 9.9692099683868690468e+36 9.9692099683868690468e+36 9.9692099683868690468e+36 9.9692099683868690468e+36 9.9692099683868690468e+36 2.2421557903289794922 9.9692099683868690468e+36 9.9692099683868690468e+36 2.2339007854461669922 2.2150752544403076172 2.2091758251190185547 2.2064504623413085938 2.2114222049713134766 2.2171690464019775391 9.9692099683868690468e+36 9.9692099683868690468e+36 9.9692099683868690468e+36 9.9692099683868690468e+36 9.9692099683868690468e+36 2.2106170654296875 2.2045660018920898438 2.2027955055236816406 2.1965789794921875 2.1902890205383300781 2.1893279552459716797 2.1925191879272460938 2.2008004188537597656 2.2106904983520507813 2.2100822925567626953 2.2040708065032958984 2.1889352798461914063 2.1806998252868652344 2.1819033622741699219 2.1868078708648681641
9.9692099683868690468e+36 9.9692099683868690468e+36 9.9692099683868690468e+36 9.9692099683868690468e+36 9.9692099683868690468e+36 9.9692099683868690468e+36 9.9692099683868690468e+36 9.9692099683868690468e+36 2.2456250190734863281 2.2288942337036132813 2.2275893688201904297 2.213108062744140625 2.212154388427734375 2.2095124721527099609 2.2115986347198486328 2.2148101329803466797 9.9692099683868690468e+36 9.9692099683868690468e+36 9.9692099683868690468e+36 9.9692099683868690468e+36 9.9692099683868690468e+36 9.9692099683868690468e+36 2.2120509147644042969 2.2015175819396972656 2.1997919082641601563 2.2001965045928955078 2.2000966072082519531 2.2010016441345214844 2.2017223834991455078 9.9692099683868690468e+36 9.9692099683868690468e+36 9.9692099683868690468e+36 9.9692099683868690468e+36 2.2056641578674316406 2.1967148780822753906 9.9692099683868690468e+36 2.1906716823577880859
9.9692099683868690468e+36 9.9692099683868690468e+36 9.9692099683868690468e+36 9.9692099683868690468e+36 9.9692099683868690468e+36 9.9692099683868690468e+36 9.9692099683868690468e+36 9.9692099683868690468e+36 9.9692099683868690468e+36 2.2340586185455322266 2.2334499359130859375 9.9692099683868690468e+36 9.9692099683868690468e+36 2.2193787097930908203 2.2238292694091796875 9.9692099683868690468e+36 9.9692099683868690468e+36 9.9692099683868690468e+36 9.9692099683868690468e+36 9.9692099683868690468e+36 9.9692099683868690468e+36 9.9692099683868690468e+36 2.2052898406982421875 2.2003712654113769531 2.2008779048919677734 2.2028179168701171875 2.2040073871612548828 2.2056589126586914063 2.2071509361267089844 9.9692099683868690468e+36 9.9692099683868690468e+36 9.9692099683868690468e+36 9.9692099683868690468e+36 2.1968820095062255859 2.1943311691284179688 9.9692099683868690468e+36 2.1853821277618408203
9.9692099683868690468e+36 9.9692099683868690468e+36 9.9692099683868690468e+36 9.9692099683868690468e+36 2.2554256916046142578 9.9692099683868690468e+36 9.9692099683868690468e+36 9.9692099683868690468e+36 2.2330865859985351563 2.2273321151733398438 2.2340638637542724609 9.9692099683868690468e+36 9.9692099683868690468e+36 2.2267177104949951172 2.2379310131072998047 9.9692099683868690468e+36 9.9692099683868690468e+36 9.9692099683868690468e+36 9.9692099683868690468e+36 9.9692099683868690468e+36 2.2195217609405517578 2.2070562839508056641 2.2009291648864746094 2.2012853622436523438 2.2047622203826904297 2.2047114372253417969 2.2045459747314453125 2.2074358463287353516 2.2083656787872314453 2.2057781219482421875 2.2005586624145507813 9.9692099683868690468e+36 2.1978893280029296875 2.1921401023864746094 2.1930284500122070313 2.2051405906677246094 2.1909492015838623047
9.9692099683868690468e+36 9.9692099683868690468e+36 9.9692099683868690468e+36 9.9692099683868690468e+36 9.9692099683868690468e+36 9.9692099683868690468e+36 2.2249238491058349609 2.2201488018035888672 2.2240076065063476563 2.2099192142486572266 2.2156717777252197266 9.9692099683868690468e+36 9.9692099683868690468e+36 9.9692099683868690468e+36 9.9692099683868690468e+36 9.9692099683868690468e+36 9.9692099683868690468e+36 9.9692099683868690468e+36 9.9692099683868690468e+36 2.2200052738189697266 2.2154340744018554688 2.2127020359039306641 2.2105906009674072266 2.2126238346099853516 2.2164137363433837891 2.2121529579162597656 2.2077145576477050781 2.2095072269439697266 2.2134265899658203125 2.2154316902160644531 2.2083065509796142578 2.1986553668975830078 2.1953213214874267578 2.1921627521514892578 2.1919624805450439453 2.1940722465515136719 2.1965236663818359375
9.9692099683868690468e+36 9.9692099683868690468e+36 9.9692099683868690468e+36 9.9692099683868690468e+36 9.9692099683868690468e+36 2.2117440700531005859 2.2001447677612304688 2.202243804931640625 2.2119724750518798828 2.2037820816040039063 2.2068648338317871094 2.2243735790252685547 2.2228021621704101563 2.2218952178955078125 2.2226004600524902344 2.2271056175231933594 2.2266147136688232422 2.2234253883361816406 2.2236669063568115234 2.2209801673889160156 2.2266175746917724609 2.2263879776000976563 2.2242116928100585938 2.2298319339752197266 9.9692099683868690468e+36 9.9692099683868690468e+36 2.2164700031280517578 2.2152490615844726563 2.2185885906219482422 2.2207040786743164063 9.9692099683868690468e+36 9.9692099683868690468e+36 2.2069113254547119141 2.1921138763427734375 2.1944301128387451172 2.1969764232635498047 2.2015907764434814453
