MapLinkProApp/griddata/temperature/ASCII/cmems_mod_glo_phy-thetao_anfc_0,083deg_P1D-m_1702458667101_155,9.asc
ncols        121
nrows        120
xllcorner    -30.041666666667
yllcorner    40.041666655981
cellsize     0.083333333333
NODATA_value  9.9692099683868690468e+36
[rows 90 to 107 of 120, columns 80 to 119 of 121]
13.715979576110839844 13.783671379089355469 13.870936393737792969 13.985507011413574219 14.003038406372070313 14.010966300964355469 14.005258560180664063 13.953217506408691406 13.896923065185546875 13.787960052490234375 13.574222564697265625 13.373656272888183594 13.225129127502441406 13.179506301879882813 13.126798629760742188 13.148758888244628906 13.085804939270019531 13.007659912109375 12.959565162658691406 12.967199325561523438 12.925307273864746094 12.823075294494628906 12.885945320129394531 13.108139991760253906 13.427269935607910156 13.492143630981445313 13.239987373352050781 13.029639244079589844 13.218658447265625 13.480648040771484375 13.581166267395019531 13.597795486450195313 13.547845840454101563 13.498377799987792969 13.478535652160644531 13.330806732177734375 13.123793601989746094 13.131368637084960938 13.216887474060058594 13.086630821228027344
13.603831291198730469 13.7044830322265625 13.76065826416015625 13.83673858642578125 13.868236541748046875 13.839384078979492188 13.811738014221191406 13.749896049499511719 13.698775291442871094 13.585910797119140625 13.466283798217773438 13.361988067626953125 13.249789237976074219 13.234498023986816406 13.161276817321777344 13.073732376098632813 12.985021591186523438 12.916602134704589844 12.889003753662109375 12.9280853271484375 12.938168525695800781 12.909845352172851563 12.926130294799804688 13.000384330749511719 13.166815757751464844 13.363640785217285156 13.573689460754394531 13.580014228820800781 13.534691810607910156 13.579359054565429688 13.69928741455078125 13.578144073486328125 13.335551261901855469 13.225270271301269531 13.362997055053710938 13.635674476623535156 13.383507728576660156 13.266985893249511719 13.330434799194335938 13.372442245483398438
13.575836181640625 13.620832443237304688 13.665258407592773438 13.70117950439453125 13.710362434387207031 13.691864013671875 13.642911911010742188 13.602526664733886719 13.556664466857910156 13.499478340148925781 13.422323226928710938 13.328960418701171875 13.217184066772460938 13.074961662292480469 12.953532218933105469 12.876118659973144531 12.841020584106445313 12.848984718322753906 12.876290321350097656 12.930398941040039063 12.985486984252929688 12.975340843200683594 12.992081642150878906 12.982046127319335938 12.930431365966796875 12.925726890563964844 13.027369499206542969 13.181235313415527344 13.265116691589355469 13.437967300415039063 13.56911468505859375 13.439603805541992188 13.192009925842285156 12.953830718994140625 13.007218360900878906 13.58182525634765625 13.680437088012695313 13.452935218811035156 13.4002838134765625 13.470616340637207031
13.841197967529296875 13.534532546997070313 13.515596389770507813 13.619460105895996094 13.603188514709472656 13.545595169067382813 13.504441261291503906 13.44193267822265625 13.391406059265136719 13.298417091369628906 13.171519279479980469 13.017129898071289063 12.905690193176269531 12.831793785095214844 12.794328689575195313 12.811888694763183594 12.890124320983886719 12.929375648498535156 12.94110870361328125 12.950960159301757813 12.928834915161132813 12.911160469055175781 12.947768211364746094 12.938456535339355469 12.939539909362792969 12.948306083679199219 12.941123008728027344 12.916177749633789063 12.881667137145996094 12.99196624755859375 13.052508354187011719 13.048648834228515625 13.028270721435546875 12.907163619995117188 12.872278213500976563 13.42894744873046875 13.9288330078125 13.692369461059570313 13.452315330505371094 13.518294334411621094
14.401724815368652344 13.699484825134277344 13.30864715576171875 13.402255058288574219 13.509751319885253906 13.501133918762207031 13.408846855163574219 13.258954048156738281 13.113694190979003906 12.983489990234375 12.893428802490234375 12.866169929504394531 12.831349372863769531 12.802806854248046875 12.858934402465820313 12.938012123107910156 12.952887535095214844 12.938741683959960938 12.920498847961425781 12.882023811340332031 12.828438758850097656 12.834054946899414063 12.918251991271972656 12.982300758361816406 13.01657867431640625 12.986669540405273438 12.915513992309570313 12.887251853942871094 12.887543678283691406 12.905836105346679688 12.880674362182617188 12.91098785400390625 12.944353103637695313 12.951080322265625 12.913603782653808594 13.336132049560546875 13.854126930236816406 13.669287681579589844 13.485232353210449219 13.532412528991699219
14.790414810180664063 14.071096420288085938 13.420923233032226563 13.259932518005371094 13.38152313232421875 13.445940971374511719 13.411242485046386719 13.232630729675292969 12.9673004150390625 12.843743324279785156 12.932686805725097656 13.019698143005371094 12.95662689208984375 12.886735916137695313 12.887774467468261719 12.95130157470703125 12.939189910888671875 12.942399978637695313 12.989025115966796875 12.942888259887695313 12.931971549987792969 12.928272247314453125 13.062233924865722656 13.226136207580566406 13.3121337890625 13.143640518188476563 12.89516448974609375 12.838348388671875 12.83316802978515625 12.870975494384765625 12.884295463562011719 12.881787300109863281 12.906141281127929688 12.967296600341796875 12.968232154846191406 13.315152168273925781 13.752538681030273438 13.802685737609863281 13.552027702331542969 13.540828704833984375
14.971034049987792969 14.397955894470214844 13.672252655029296875 13.325321197509765625 13.356115341186523438 13.434494972229003906 13.455471992492675781 13.332297325134277344 13.137491226196289063 13.00644683837890625 12.967764854431152344 13.035851478576660156 13.011321067810058594 12.942837715148925781 13.0009918212890625 13.030810356140136719 12.989457130432128906 13.020569801330566406 13.045928001403808594 13.049384117126464844 13.057341575622558594 13.054158210754394531 13.153304100036621094 13.407601356506347656 13.601029396057128906 13.343340873718261719 12.980645179748535156 12.882504463195800781 12.824129104614257813 12.82024383544921875 12.83869171142578125 12.849210739135742188 12.896198272705078125 12.960532188415527344 13.014995574951171875 13.368456840515136719 13.680245399475097656 13.800034523010253906 13.693762779235839844 13.651680946350097656
15.1890411376953125 14.752412796020507813 14.041638374328613281 13.557801246643066406 13.401884078979492188 13.418892860412597656 13.436191558837890625 13.408308029174804688 13.292288780212402344 13.197591781616210938 13.102839469909667969 13.02899932861328125 12.98024749755859375 12.920823097229003906 12.944321632385253906 13.012227058410644531 12.902246475219726563 12.878999710083007813 12.888096809387207031 12.99169921875 13.113625526428222656 13.089270591735839844 13.219081878662109375 13.56710052490234375 13.840140342712402344 13.519673347473144531 13.1066131591796875 12.922268867492675781 12.85382080078125 12.810177803039550781 12.803094863891601563 12.83069610595703125 12.897500991821289063 12.965829849243164063 13.070534706115722656 13.540761947631835938 13.824951171875 13.753332138061523438 13.784152030944824219 13.857769966125488281
15.207278251647949219 15.091564178466796875 14.427898406982421875 13.822384834289550781 13.522509574890136719 13.488431930541992188 13.489537239074707031 13.465239524841308594 13.426931381225585938 13.364461898803710938 13.242362022399902344 13.098168373107910156 12.937634468078613281 12.782640457153320313 12.661882400512695313 12.708497047424316406 12.797894477844238281 12.886858940124511719 12.853895187377929688 13.017601966857910156 13.18316650390625 13.154354095458984375 13.249529838562011719 13.588351249694824219 13.882049560546875 13.615877151489257813 13.176235198974609375 12.903533935546875 12.868094444274902344 12.845269203186035156 12.814465522766113281 12.84207916259765625 12.900362014770507813 13.014554977416992188 13.294139862060546875 13.786391258239746094 13.8255615234375 13.609859466552734375 13.695003509521484375 13.852229118347167969
14.935251235961914063 15.16506195068359375 14.887286186218261719 14.275263786315917969 13.814098358154296875 13.616170883178710938 13.570975303649902344 13.549388885498046875 13.506535530090332031 13.426604270935058594 13.378190040588378906 13.329010009765625 13.214188575744628906 12.996319770812988281 12.773861885070800781 12.632622718811035156 12.665416717529296875 12.925131797790527344 13.007748603820800781 13.0885467529296875 13.226378440856933594 13.173874855041503906 13.217755317687988281 13.630513191223144531 13.88446807861328125 13.595118522644042969 13.176270484924316406 12.864092826843261719 12.863965988159179688 12.853693962097167969 12.81092071533203125 12.858028411865234375 12.980190277099609375 13.206973075866699219 13.655857086181640625 13.850370407104492188 13.584966659545898438 13.490244865417480469 13.636652946472167969 13.701763153076171875
14.408616065979003906 14.76261138916015625 15.000159263610839844 14.772612571716308594 14.334689140319824219 13.973818778991699219 13.743706703186035156 13.665778160095214844 13.63382720947265625 13.584507942199707031 13.444603919982910156 13.415887832641601563 13.342574119567871094 13.2810821533203125 13.157518386840820313 13.075463294982910156 13.132394790649414063 13.237338066101074219 13.244964599609375 13.275567054748535156 13.2879486083984375 13.162859916687011719 13.276303291320800781 13.765745162963867188 13.82007598876953125 13.625909805297851563 13.238748550415039063 12.854516029357910156 12.893823623657226563 12.923997879028320313 12.878909111022949219 12.990416526794433594 13.163376808166503906 13.489393234252929688 13.825781822204589844 13.716936111450195313 13.48513031005859375 13.701076507568359375 13.829434394836425781 13.809453010559082031
14.246062278747558594 14.375399589538574219 14.740222930908203125 14.903922080993652344 14.716167449951171875 14.388098716735839844 14.09635162353515625 13.899712562561035156 13.779816627502441406 13.738007545471191406 13.664331436157226563 13.52959442138671875 13.447713851928710938 13.451682090759277344 13.472581863403320313 13.472035408020019531 13.459681510925292969 13.343939781188964844 13.150463104248046875 13.101703643798828125 13.138041496276855469 13.158322334289550781 13.41230010986328125 13.809483528137207031 13.808210372924804688 13.760972976684570313 13.421894073486328125 12.944663047790527344 12.913109779357910156 12.970673561096191406 12.958164215087890625 13.177165031433105469 13.462973594665527344 13.788296699523925781 13.932957649230957031 13.732255935668945313 13.604905128479003906 13.891615867614746094 14.130823135375976563 14.124966621398925781
13.76880645751953125 13.968196868896484375 14.393588066101074219 14.732613563537597656 14.7947540283203125 14.58017730712890625 14.327979087829589844 14.091417312622070313 13.939710617065429688 13.86812591552734375 13.765056610107421875 13.570454597473144531 13.531599998474121094 13.52846527099609375 13.568791389465332031 13.490891456604003906 13.348965644836425781 13.066195487976074219 12.929025650024414063 12.962874412536621094 13.041652679443359375 13.148271560668945313 13.528683662414550781 13.843741416931152344 13.828450202941894531 13.860958099365234375 13.661845207214355469 13.263176918029785156 13.164402961730957031 13.220842361450195313 13.267601966857910156 13.5297698974609375 13.752824783325195313 13.840317726135253906 13.871369361877441406 13.950580596923828125 14.003525733947753906 13.932886123657226563 13.979302406311035156 14.101959228515625
13.663798332214355469 13.905177116394042969 14.248075485229492188 14.551168441772460938 14.702815055847167969 14.632876396179199219 14.460451126098632813 14.270257949829101563 14.172120094299316406 14.117701530456542969 13.963104248046875 13.732876777648925781 13.611735343933105469 13.495625495910644531 13.361613273620605469 13.168119430541992188 12.978616714477539063 12.858476638793945313 12.881338119506835938 13.020529747009277344 13.154425621032714844 13.240967750549316406 13.613158226013183594 13.872102737426757813 13.841429710388183594 13.774626731872558594 13.6227874755859375 13.531673431396484375 13.527002334594726563 13.562851905822753906 13.59366607666015625 13.688158988952636719 13.716933250427246094 13.700517654418945313 13.717066764831542969 13.786260604858398438 13.955414772033691406 13.968082427978515625 13.936038970947265625 13.945432662963867188
14.375723838806152344 14.433835983276367188 14.528566360473632813 14.638375282287597656 14.693140983581542969 14.657275199890136719 14.590990066528320313 14.559051513671875 14.507172584533691406 14.304808616638183594 14.011731147766113281 13.787571907043457031 13.598753929138183594 13.352103233337402344 13.146718978881835938 13.008205413818359375 12.947272300720214844 12.924024581909179688 12.949138641357421875 13.07833099365234375 13.238293647766113281 13.281093597412109375 13.649196624755859375 13.848054885864257813 13.766017913818359375 13.661162376403808594 13.518002510070800781 13.477687835693359375 13.549025535583496094 13.598979949951171875 13.604434013366699219 13.684686660766601563 13.683736801147460938 13.594461441040039063 13.506593704223632813 13.56285858154296875 13.718746185302734375 13.939580917358398438 13.94855499267578125 13.975505828857421875
14.485940933227539063 14.638810157775878906 14.788615226745605469 14.895285606384277344 14.93347930908203125 14.908414840698242188 14.839975357055664063 14.704083442687988281 14.413590431213378906 13.987949371337890625 13.674956321716308594 13.5463104248046875 13.457413673400878906 13.281190872192382813 13.139298439025878906 13.066073417663574219 13.033915519714355469 12.98741912841796875 12.953393936157226563 13.146364212036132813 13.290905952453613281 13.193538665771484375 13.446092605590820313 13.767726898193359375 13.890540122985839844 13.88924407958984375 13.831103324890136719 13.767153739929199219 13.84490203857421875 14.023677825927734375 14.048628807067871094 14.09073638916015625 14.101566314697265625 13.912364006042480469 13.595319747924804688 13.507681846618652344 13.522655487060546875 13.752352714538574219 13.979880332946777344 14.087284088134765625
14.045773506164550781 14.290788650512695313 14.450400352478027344 14.511675834655761719 14.461172103881835938 14.364220619201660156 14.217647552490234375 13.984084129333496094 13.669167518615722656 13.3970184326171875 13.234066963195800781 13.170152664184570313 13.161516189575195313 13.115046501159667969 13.094281196594238281 13.085398674011230469 13.064675331115722656 13.018923759460449219 12.967446327209472656 13.258429527282714844 13.38602447509765625 13.247948646545410156 13.468439102172851563 13.880483627319335938 13.894830703735351563 13.861529350280761719 14.043308258056640625 14.119119644165039063 14.114582061767578125 14.177384376525878906 14.218192100524902344 14.235360145568847656 14.213653564453125 13.972967147827148438 13.512026786804199219 13.495601654052734375 13.565455436706542969 13.470045089721679688 13.756364822387695313 14.151781082153320313
13.253925323486328125 13.285271644592285156 13.232595443725585938 13.345646858215332031 13.553510665893554688 13.617872238159179688 13.55902099609375 13.497546195983886719 13.418560028076171875 13.329546928405761719 13.235284805297851563 13.1695556640625 13.128142356872558594 13.094401359558105469 13.11229705810546875 13.114972114562988281 13.102404594421386719 13.184378623962402344 13.255894660949707031 13.426672935485839844 13.419108390808105469 13.360699653625488281 13.504668235778808594 13.534655570983886719 13.585829734802246094 13.563330650329589844 13.70178985595703125 13.848688125610351563 13.932576179504394531 13.968546867370605469 14.013094902038574219 14.07872772216796875 14.104099273681640625 13.773989677429199219 13.30791473388671875 13.365429878234863281 13.511859893798828125 13.518296241760253906 13.685728073120117188 13.974478721618652344
