MapLinkProApp/griddata/temperature/ASCII/cmems_mod_glo_phy-thetao_anfc_0,083deg_P1D-m_1702458667101_0,5.asc
ncols        121
nrows        120
xllcorner    -30.041666666667
yllcorner    40.041666655981
cellsize     0.083333333333
NODATA_value  9.9692099683868690468e+36
[rows 36 to 53 of 120, columns 0 to 39 of 121]
13.820709228515625 13.775959014892578125 13.740185737609863281 13.718785285949707031 13.705348014831542969 13.690854072570800781 13.677008628845214844 13.666782379150390625 13.661952972412109375 13.664046287536621094 13.669579505920410156 13.675548553466796875 13.677900314331054688 13.674082756042480469 13.666506767272949219 13.657562255859375 13.628866195678710938 13.563609123229980469 13.529291152954101563 13.568845748901367188 13.650429725646972656 13.749112129211425781 13.869974136352539063 14.048810958862304688 14.273866653442382813 14.419861793518066406 14.40326690673828125 14.365881919860839844 14.436678886413574219 14.511908531188964844 14.511641502380371094 14.485293388366699219 14.459633827209472656 14.417449951171875 14.354257583618164063 14.296710014343261719 14.226160049438476563 14.1397552490234375 14.022029876708984375 13.86884307861328125
13.912374496459960938 13.885167121887207031 13.860934257507324219 13.839914321899414063 13.820070266723632813 13.7967376708984375 13.77423095703125 13.762876510620117188 13.764883995056152344 13.77472686767578125 13.784247398376464844 13.790354728698730469 13.785877227783203125 13.771748542785644531 13.747440338134765625 13.714097976684570313 13.696421623229980469 13.665911674499511719 13.586369514465332031 13.533283233642578125 13.559517860412597656 13.650177955627441406 13.75811767578125 13.861383438110351563 14.01284027099609375 14.231274604797363281 14.380021095275878906 14.3705902099609375 14.333906173706054688 14.3756866455078125 14.449391365051269531 14.475995063781738281 14.460033416748046875 14.416820526123046875 14.338086128234863281 14.226359367370605469 14.104035377502441406 13.967816352844238281 13.835700035095214844 13.693978309631347656
13.934062004089355469 13.935606002807617188 13.93798828125 13.943409919738769531 13.949581146240234375 13.952480316162109375 13.957287788391113281 13.965504646301269531 13.969975471496582031 13.970316886901855469 13.967441558837890625 13.959811210632324219 13.950469017028808594 13.935732841491699219 13.911870956420898438 13.880880355834960938 13.829056739807128906 13.776210784912109375 13.710663795471191406 13.621371269226074219 13.567526817321777344 13.576025009155273438 13.629914283752441406 13.714396476745605469 13.802608489990234375 13.896790504455566406 14.039782524108886719 14.219303131103515625 14.337835311889648438 14.358178138732910156 14.3396759033203125 14.3406829833984375 14.361337661743164063 14.39798736572265625 14.416477203369140625 14.388104438781738281 14.321169853210449219 14.232845306396484375 14.131885528564453125 14.058088302612304688
13.938328742980957031 13.963260650634765625 13.985030174255371094 14.004413604736328125 14.019255638122558594 14.029247283935546875 14.035137176513671875 14.039005279541015625 14.041116714477539063 14.041325569152832031 14.042652130126953125 14.040597915649414063 14.035337448120117188 14.028181076049804688 14.011700630187988281 13.997730255126953125 13.970143318176269531 13.922376632690429688 13.854514122009277344 13.745477676391601563 13.63443756103515625 13.58173370361328125 13.604095458984375 13.65099334716796875 13.696943283081054688 13.753597259521484375 13.814828872680664063 13.877942085266113281 14.024905204772949219 14.232205390930175781 14.3709716796875 14.398654937744140625 14.341207504272460938 14.27294921875 14.2728424072265625 14.345126152038574219 14.378561019897460938 14.363803863525390625 14.310765266418457031 14.27410888671875
13.951997756958007813 13.96421051025390625 13.968374252319335938 13.969085693359375 13.971859931945800781 13.977292060852050781 13.987888336181640625 14.006695747375488281 14.030827522277832031 14.056943893432617188 14.080783843994140625 14.096538543701171875 14.099473953247070313 14.093308448791503906 14.073154449462890625 14.050553321838378906 14.02738189697265625 13.99822998046875 13.964263916015625 13.877712249755859375 13.741253852844238281 13.631272315979003906 13.601439476013183594 13.63356781005859375 13.685042381286621094 13.72022247314453125 13.750217437744140625 13.802006721496582031 13.863533973693847656 13.944447517395019531 14.071572303771972656 14.221907615661621094 14.360578536987304688 14.422414779663085938 14.348914146423339844 14.2393646240234375 14.237836837768554688 14.288160324096679688 14.297620773315429688 14.276955604553222656
13.861448287963867188 13.867664337158203125 13.877419471740722656 13.902512550354003906 13.949156761169433594 14.016423225402832031 14.104851722717285156 14.207338333129882813 14.309709548950195313 14.401777267456054688 14.463571548461914063 14.492980003356933594 14.479889869689941406 14.433408737182617188 14.351270675659179688 14.250578880310058594 14.135552406311035156 14.042033195495605469 14.007788658142089844 14.000879287719726563 13.913145065307617188 13.744421005249023438 13.646352767944335938 13.665597915649414063 13.712370872497558594 13.733036041259765625 13.723301887512207031 13.730020523071289063 13.792636871337890625 13.883313179016113281 13.997720718383789063 14.080030441284179688 14.143637657165527344 14.288824081420898438 14.484004020690917969 14.52297210693359375 14.290615081787109375 14.130773544311523438 14.132421493530273438 14.163372993469238281
13.862385749816894531 13.907159805297851563 13.978382110595703125 14.089296340942382813 14.240250587463378906 14.412977218627929688 14.595855712890625 14.772233009338378906 14.923816680908203125 15.036906242370605469 15.087034225463867188 15.086449623107910156 15.046580314636230469 14.960086822509765625 14.843555450439453125 14.688405990600585938 14.495258331298828125 14.266272544860839844 14.070837020874023438 14.014586448669433594 13.999035835266113281 13.9034576416015625 13.783819198608398438 13.747936248779296875 13.779935836791992188 13.794871330261230469 13.752641677856445313 13.693925857543945313 13.697599411010742188 13.792821884155273438 13.948001861572265625 14.084839820861816406 14.185320854187011719 14.291491508483886719 14.431337356567382813 14.605539321899414063 14.587098121643066406 14.286043167114257813 14.055027961730957031 13.983034133911132813
14.131299972534179688 14.300551414489746094 14.501558303833007813 14.71530914306640625 14.923327445983886719 15.115350723266601563 15.274239540100097656 15.376367568969726563 15.424167633056640625 15.424737930297851563 15.394659042358398438 15.35161590576171875 15.290285110473632813 15.226177215576171875 15.166909217834472656 15.069126129150390625 14.938948631286621094 14.750301361083984375 14.472559928894042969 14.2141876220703125 14.051733970642089844 13.968779563903808594 13.899910926818847656 13.852143287658691406 13.854076385498046875 13.852754592895507813 13.799696922302246094 13.706118583679199219 13.618448257446289063 13.634774208068847656 13.829519271850585938 14.083340644836425781 14.226944923400878906 14.356312751770019531 14.557896614074707031 14.669591903686523438 14.745173454284667969 14.626157760620117188 14.314016342163085938 14.032082557678222656
14.844990730285644531 15.038718223571777344 15.188210487365722656 15.287390708923339844 15.37347412109375 15.458988189697265625 15.516150474548339844 15.547765731811523438 15.559629440307617188 15.533370018005371094 15.488221168518066406 15.439644813537597656 15.391973495483398438 15.335213661193847656 15.273869514465332031 15.182973861694335938 15.103748321533203125 15.008366584777832031 14.876537322998046875 14.6160430908203125 14.322436332702636719 14.075305938720703125 13.940821647644042969 13.877068519592285156 13.859398841857910156 13.838695526123046875 13.779171943664550781 13.696636199951171875 13.610307693481445313 13.565966606140136719 13.707514762878417969 14.022073745727539063 14.252696990966796875 14.395674705505371094 14.571977615356445313 14.727519989013671875 14.787565231323242188 14.767306327819824219 14.571882247924804688 14.261809349060058594
15.23928070068359375 15.283285140991210938 15.337343215942382813 15.42583465576171875 15.542170524597167969 15.654851913452148438 15.730464935302734375 15.773547172546386719 15.780716896057128906 15.763843536376953125 15.735920906066894531 15.703179359436035156 15.666039466857910156 15.62433624267578125 15.564764022827148438 15.476213455200195313 15.337683677673339844 15.171372413635253906 15.042696952819824219 14.883403778076171875 14.648756980895996094 14.355408668518066406 14.10395050048828125 13.939060211181640625 13.8577728271484375 13.814004898071289063 13.76459503173828125 13.705801963806152344 13.659255027770996094 13.608274459838867188 13.687125205993652344 13.964113235473632813 14.241284370422363281 14.403500556945800781 14.560212135314941406 14.710410118103027344 14.799145698547363281 14.7678985595703125 14.608933448791503906 14.351537704467773438
15.474240303039550781 15.616707801818847656 15.733052253723144531 15.818798065185546875 15.865962028503417969 15.886312484741210938 15.885745048522949219 15.873294830322265625 15.857151985168457031 15.840819358825683594 15.822561264038085938 15.797186851501464844 15.768460273742675781 15.741293907165527344 15.708731651306152344 15.679900169372558594 15.617676734924316406 15.485838890075683594 15.292383193969726563 15.105806350708007813 14.941081047058105469 14.741834640502929688 14.486685752868652344 14.247760772705078125 14.060969352722167969 13.932824134826660156 13.862515449523925781 13.815019607543945313 13.816783905029296875 13.813576698303222656 13.814087867736816406 13.984612464904785156 14.263963699340820313 14.454468727111816406 14.568342208862304688 14.710620880126953125 14.825301170349121094 14.805536270141601563 14.633881568908691406 14.369345664978027344
15.902447700500488281 15.918147087097167969 15.919521331787109375 15.913895606994628906 15.901613235473632813 15.882006645202636719 15.856903076171875 15.827526092529296875 15.798345565795898438 15.768169403076171875 15.73504638671875 15.699641227722167969 15.6670684814453125 15.642392158508300781 15.629686355590820313 15.640954017639160156 15.648052215576171875 15.61154937744140625 15.49732208251953125 15.313347816467285156 15.129323959350585938 14.970313072204589844 14.782845497131347656 14.572440147399902344 14.373082160949707031 14.195519447326660156 14.0829315185546875 14.008526802062988281 14.002237319946289063 14.014863967895507813 14.018114089965820313 14.116939544677734375 14.357758522033691406 14.526395797729492188 14.611919403076171875 14.7639923095703125 14.865953445434570313 14.851900100708007813 14.667571067810058594 14.374393463134765625
15.925779342651367188 15.92461395263671875 15.918610572814941406 15.898389816284179688 15.852533340454101563 15.780469894409179688 15.696597099304199219 15.615359306335449219 15.549930572509765625 15.503390312194824219 15.469985008239746094 15.447834968566894531 15.438444137573242188 15.435256004333496094 15.445002555847167969 15.488004684448242188 15.554621696472167969 15.589097023010253906 15.5507965087890625 15.435350418090820313 15.270482063293457031 15.11620330810546875 14.961890220642089844 14.799359321594238281 14.649943351745605469 14.490992546081542969 14.367216110229492188 14.274522781372070313 14.236104011535644531 14.235228538513183594 14.23468780517578125 14.286861419677734375 14.485501289367675781 14.607281684875488281 14.680710792541503906 14.827342987060546875 14.915842056274414063 14.881293296813964844 14.698091506958007813 14.405834197998046875
15.945210456848144531 15.933721542358398438 15.878147125244140625 15.759676933288574219 15.585947036743164063 15.399886131286621094 15.252801895141601563 15.166171073913574219 15.136935234069824219 15.138580322265625 15.162053108215332031 15.206258773803710938 15.254367828369140625 15.27960205078125 15.293725967407226563 15.342761993408203125 15.433285713195800781 15.517773628234863281 15.539331436157226563 15.471207618713378906 15.355027198791503906 15.231326103210449219 15.0909423828125 14.953701019287109375 14.84276580810546875 14.721756935119628906 14.614291191101074219 14.5323638916015625 14.474664688110351563 14.466799736022949219 14.447621345520019531 14.472931861877441406 14.631422042846679688 14.700207710266113281 14.752368927001953125 14.886143684387207031 14.958605766296386719 14.891139030456542969 14.691460609436035156 14.4282684326171875
15.970144271850585938 15.907988548278808594 15.753397941589355469 15.51325225830078125 15.246961593627929688 15.055045127868652344 14.98686981201171875 14.988935470581054688 15.014636039733886719 15.061849594116210938 15.119480133056640625 15.183146476745605469 15.234714508056640625 15.249307632446289063 15.247262954711914063 15.276613235473632813 15.362818717956542969 15.464716911315917969 15.507498741149902344 15.45732879638671875 15.372788429260253906 15.273072242736816406 15.15663909912109375 15.050130844116210938 14.955597877502441406 14.841715812683105469 14.760638236999511719 14.689350128173828125 14.629850387573242188 14.626993179321289063 14.574273109436035156 14.598199844360351563 14.737839698791503906 14.776774406433105469 14.804426193237304688 14.915258407592773438 14.979410171508789063 14.906972885131835938 14.689002037048339844 14.452260017395019531
15.990244865417480469 15.880510330200195313 15.650239944458007813 15.353157997131347656 15.105866432189941406 15.005034446716308594 15.01799774169921875 15.068958282470703125 15.128531455993652344 15.173230171203613281 15.205076217651367188 15.226667404174804688 15.23436737060546875 15.228445053100585938 15.228873252868652344 15.264645576477050781 15.343340873718261719 15.432674407958984375 15.470862388610839844 15.43466949462890625 15.367676734924316406 15.297311782836914063 15.228142738342285156 15.16321563720703125 15.067233085632324219 14.972510337829589844 14.901150703430175781 14.815332412719726563 14.766131401062011719 14.741482734680175781 14.686365127563476563 14.746465682983398438 14.850279808044433594 14.838786125183105469 14.850109100341796875 14.949736595153808594 15.010766983032226563 14.942982673645019531 14.742425918579101563 14.518534660339355469
16.059190750122070313 15.94846343994140625 15.672092437744140625 15.332448005676269531 15.07523345947265625 15.005918502807617188 15.068560600280761719 15.140003204345703125 15.186644554138183594 15.206492424011230469 15.214755058288574219 15.216406822204589844 15.216141700744628906 15.226546287536621094 15.257354736328125 15.309824943542480469 15.3741302490234375 15.429224967956542969 15.447757720947265625 15.414735794067382813 15.362395286560058594 15.318444252014160156 15.281488418579101563 15.236334800720214844 15.17083740234375 15.096396446228027344 15.001614570617675781 14.924029350280761719 14.877109527587890625 14.816964149475097656 14.793209075927734375 14.905415534973144531 14.944799423217773438 14.879452705383300781 14.909543037414550781 15.011322975158691406 15.056921958923339844 14.976361274719238281 14.783018112182617188 14.583932876586914063
16.114429473876953125 16.033399581909179688 15.738396644592285156 15.362273216247558594 15.078905105590820313 15.017658233642578125 15.099917411804199219 15.1624603271484375 15.177407264709472656 15.172740936279296875 15.170847892761230469 15.181306838989257813 15.205279350280761719 15.235828399658203125 15.277386665344238281 15.322652816772460938 15.373620986938476563 15.416784286499023438 15.426382064819335938 15.397425651550292969 15.363589286804199219 15.336294174194335938 15.316470146179199219 15.288460731506347656 15.236542701721191406 15.156995773315429688 15.075373649597167969 15.001943588256835938 14.947409629821777344 14.882348060607910156 14.945102691650390625 15.037693023681640625 14.981940269470214844 14.908534049987792969 14.971514701843261719 15.063199043273925781 15.100289344787597656 15.021944999694824219 14.824092864990234375 14.639533042907714844
