MapLinkProApp/griddata/temperature/ASCII/cmems_mod_glo_phy-thetao_anfc_0,083deg_P1D-m_1702458667101_1684,3.asc
ncols        121
nrows        120
xllcorner    -30.041666666667
yllcorner    40.041666655981
cellsize     0.083333333333
NODATA_value  9.9692099683868690468e+36
[rows 90 to 107 of 120, columns 80 to 119 of 121]
3.7764177322387695313 3.9074666500091552734 4.46979522705078125 4.7615308761596679688 4.5222048759460449219 4.1127195358276367188 3.9069495201110839844 3.8700702190399169922 3.8726487159729003906 3.8581652641296386719 3.8418879508972167969 3.8048079013824462891 3.7868332862854003906 3.8024120330810546875 3.7919726371765136719 3.7748579978942871094 3.7932946681976318359 3.8416733741760253906 3.8018202781677246094 3.7472698688507080078 3.7170736789703369141 3.7033133506774902344 3.7443251609802246094 3.7726321220397949219 3.8337728977203369141 3.8593599796295166016 3.943523406982421875 3.9868495464324951172 3.9862434864044189453 4.0466723442077636719 4.0186586380004882813 4.0667681694030761719 4.1707096099853515625 4.2965912818908691406 4.4083819389343261719 4.5195784568786621094 4.605449676513671875 4.7392458915710449219 4.8756122589111328125 4.9783616065979003906
3.851116180419921875 4.0008516311645507813 4.443988800048828125 4.5769286155700683594 4.3895416259765625 3.9828481674194335938 3.7868700027465820313 3.8595399856567382813 3.8472695350646972656 3.8140850067138671875 3.8098192214965820313 3.790729522705078125 3.7900922298431396484 3.7879335880279541016 3.7812228202819824219 3.7627866268157958984 3.746952056884765625 3.7288794517517089844 3.6877374649047851563 3.6729929447174072266 3.6467254161834716797 3.6582534313201904297 3.7348113059997558594 3.7652497291564941406 3.7625396251678466797 3.7320528030395507813 3.7233393192291259766 3.7096655368804931641 3.7511689662933349609 3.8152174949645996094 3.8616938591003417969 3.947872161865234375 4.0735697746276855469 4.2100777626037597656 4.3575577735900878906 4.4759831428527832031 4.5832915306091308594 4.6934528350830078125 4.693271636962890625 4.7383584976196289063
3.8559448719024658203 4.0226621627807617188 4.3730683326721191406 4.3912167549133300781 4.1454286575317382813 3.8147118091583251953 3.7365875244140625 3.8100707530975341797 3.7692208290100097656 3.7441861629486083984 3.7535283565521240234 3.7173323631286621094 3.7202777862548828125 3.7124350070953369141 3.7048354148864746094 3.6913917064666748047 3.6558122634887695313 3.6531667709350585938 3.6185748577117919922 3.5772657394409179688 3.5820384025573730469 3.5763454437255859375 3.6544296741485595703 3.6748435497283935547 3.6506702899932861328 3.5962312221527099609 3.5552079677581787109 3.5200779438018798828 3.5573320388793945313 3.6266045570373535156 3.7145266532897949219 3.7693500518798828125 3.8261647224426269531 3.9172050952911376953 4.0059647560119628906 4.1921944618225097656 4.385265350341796875 4.6632204055786132813 4.67292022705078125 4.7316308021545410156
3.8537461757659912109 4.13663482666015625 4.3396172523498535156 4.2230505943298339844 3.9095311164855957031 3.6439678668975830078 3.6661503314971923828 3.7237961292266845703 3.6385369300842285156 3.6342463493347167969 3.6341669559478759766 3.5763845443725585938 3.5850124359130859375 3.5617089271545410156 3.5400016307830810547 3.5471639633178710938 3.5389552116394042969 3.5210478305816650391 3.5265812873840332031 3.5312223434448242188 3.5427532196044921875 3.5827000141143798828 3.5985872745513916016 3.6005930900573730469 3.6212532520294189453 3.6154968738555908203 3.5936384201049804688 3.6108510494232177734 3.620662689208984375 3.6083235740661621094 3.7105882167816162109 3.7858974933624267578 3.7926743030548095703 3.8222675323486328125 3.8915915489196777344 4.0372486114501953125 4.2302904129028320313 4.4310355186462402344 4.5828237533569335938 4.7056336402893066406
4.0376882553100585938 4.28957366943359375 4.2926077842712402344 4.1273622512817382813 3.8233387470245361328 3.5481462478637695313 3.5797426700592041016 3.6224398612976074219 3.5239439010620117188 3.4804928302764892578 3.5134134292602539063 3.4662330150604248047 3.4188439846038818359 3.441287994384765625 3.4434931278228759766 3.4647147655487060547 3.4867546558380126953 3.5329058170318603516 3.570934295654296875 3.6167638301849365234 3.6389937400817871094 3.7057693004608154297 3.7380278110504150391 3.7899048328399658203 3.8437924385070800781 3.8677966594696044922 3.8658387660980224609 3.8444526195526123047 3.8245046138763427734 3.8523814678192138672 3.8657076358795166016 3.8323037624359130859 3.8191046714782714844 3.8093292713165283203 3.9091563224792480469 4.0774283409118652344 4.2429761886596679688 4.3038339614868164063 4.4940438270568847656 4.6352109909057617188
4.1666307449340820313 4.3019256591796875 4.2571506500244140625 4.1347260475158691406 3.9314894676208496094 3.7249646186828613281 3.6788041591644287109 3.5827040672302246094 3.5244975090026855469 3.5196428298950195313 3.4596004486083984375 3.4100668430328369141 3.3696641921997070313 3.3838026523590087891 3.4358317852020263672 3.4378378391265869141 3.4927458763122558594 3.5512359142303466797 3.5817096233367919922 3.6204776763916015625 3.64484405517578125 3.7308933734893798828 3.8006894588470458984 3.8810698986053466797 3.9339537620544433594 3.9457533359527587891 3.9100749492645263672 3.8719012737274169922 3.93003082275390625 3.9454219341278076172 3.9356405735015869141 3.8669626712799072266 3.8053328990936279297 3.8083188533782958984 3.8277485370635986328 3.8918702602386474609 4.0101003646850585938 4.2682056427001953125 4.189853668212890625 4.4754309654235839844
4.1587376594543457031 4.252941131591796875 4.2671408653259277344 4.2944293022155761719 4.2612109184265136719 4.2018880844116210938 4.155223846435546875 4.026782989501953125 3.9098377227783203125 3.8315708637237548828 3.7148406505584716797 3.6213812828063964844 3.5034306049346923828 3.4836814403533935547 3.4313185214996337891 3.4467275142669677734 3.4866364002227783203 3.5383458137512207031 3.5520365238189697266 3.5146114826202392578 3.6063976287841796875 3.7024071216583251953 3.8147199153900146484 3.9072763919830322266 3.9923808574676513672 3.9842691421508789063 3.9299111366271972656 3.8753831386566162109 3.933383941650390625 3.9601092338562011719 3.9452388286590576172 3.8815796375274658203 3.7996318340301513672 3.7600171566009521484 3.8024356365203857422 3.9127035140991210938 4.0078983306884765625 4.249713897705078125 4.1491613388061523438 4.2215785980224609375
4.1175751686096191406 4.160816192626953125 4.1358232498168945313 4.1394624710083007813 4.1245355606079101563 4.0809869766235351563 4.1065831184387207031 4.1268625259399414063 4.182643890380859375 4.2527661323547363281 4.2981472015380859375 4.3187203407287597656 4.2765669822692871094 4.1142468452453613281 3.8635356426239013672 3.6767756938934326172 3.5010232925415039063 3.4189343452453613281 3.4177196025848388672 3.3952591419219970703 3.5571246147155761719 3.7191250324249267578 3.7986524105072021484 3.9739394187927246094 4.0513482093811035156 4.0258798599243164063 3.9528696537017822266 3.9797320365905761719 3.9342052936553955078 3.9876239299774169922 3.9960143566131591797 3.9415254592895507813 3.8335261344909667969 3.7484891414642333984 3.7473425865173339844 3.8841872215270996094 3.9904727935791015625 4.1232018470764160156 4.234172821044921875 4.1061844825744628906
4.1627707481384277344 4.1638808250427246094 4.0472517013549804688 4.0174279212951660156 4.0148038864135742188 3.9997990131378173828 3.9987511634826660156 3.9860074520111083984 3.9748902320861816406 4.0055098533630371094 4.1317257881164550781 4.2258582115173339844 4.3145976066589355469 4.3632655143737792969 4.3417735099792480469 4.2918505668640136719 4.1182165145874023438 3.8576178550720214844 3.6071677207946777344 3.4081029891967773438 3.5495004653930664063 3.7323760986328125 3.8929593563079833984 4.063449859619140625 4.1270971298217773438 4.1031012535095214844 4.098125457763671875 4.1464705467224121094 4.0349316596984863281 4.0612850189208984375 4.0048723220825195313 3.9413645267486572266 3.7962529659271240234 3.6786317825317382813 3.6798472404479980469 3.8012723922729492188 3.8375034332275390625 3.8843793869018554688 4.0240006446838378906 4.1751265525817871094
4.1592817306518554688 4.277027130126953125 4.188201904296875 4.0638642311096191406 4.0539660453796386719 4.047084808349609375 4.0888500213623046875 4.1202745437622070313 4.0627493858337402344 4.1017956733703613281 4.2361621856689453125 4.3590664863586425781 4.4138708114624023438 4.4417257308959960938 4.40142059326171875 4.3803172111511230469 4.3474864959716796875 4.217990875244140625 4.0225057601928710938 3.7431776523590087891 3.7615351676940917969 3.8752949237823486328 4.0712537765502929688 4.1114487648010253906 4.1549863815307617188 4.2390685081481933594 4.2566218376159667969 4.3148007392883300781 4.1359987258911132813 4.102809906005859375 4.0028271675109863281 3.8588809967041015625 3.6823513507843017578 3.5464384555816650391 3.6125943660736083984 3.6660053730010986328 3.6796720027923583984 3.7294554710388183594 3.8598134517669677734 3.9672193527221679688
4.0690131187438964844 4.2081112861633300781 4.2981114387512207031 4.229648590087890625 4.1201410293579101563 4.0019145011901855469 4.0458807945251464844 4.0903744697570800781 4.0295896530151367188 4.1241016387939453125 4.3254404067993164063 4.4759526252746582031 4.5454125404357910156 4.5764665603637695313 4.5295286178588867188 4.4537749290466308594 4.4036402702331542969 4.3548645973205566406 4.2326359748840332031 4.055690765380859375 4.0427799224853515625 4.0887241363525390625 4.1361513137817382813 4.1113104820251464844 4.2026305198669433594 4.3338732719421386719 4.4183712005615234375 4.4365439414978027344 4.3276972770690917969 4.1832866668701171875 4.0162072181701660156 3.8071043491363525391 3.6463298797607421875 3.5888311862945556641 3.6696007251739501953 3.7495174407958984375 3.7566454410552978516 3.6877334117889404297 3.6782970428466796875 3.8119609355926513672
4.0845274925231933594 4.0777354240417480469 4.1582765579223632813 4.2205305099487304688 4.1972718238830566406 4.0895595550537109375 4.1309576034545898438 4.1061282157897949219 4.0975222587585449219 4.3009696006774902344 4.5100793838500976563 4.6077728271484375 4.65258026123046875 4.6665592193603515625 4.6116619110107421875 4.5164432525634765625 4.4586734771728515625 4.3991374969482421875 4.3205704689025878906 4.2328424453735351563 4.1796336174011230469 4.1106128692626953125 3.9369854927062988281 3.9923903942108154297 4.1739549636840820313 4.3830695152282714844 4.5402994155883789063 4.5200796127319335938 4.4798479080200195313 4.2454462051391601563 4.0361981391906738281 3.8149704933166503906 3.7063744068145751953 3.6697969436645507813 3.7081325054168701172 3.7522776126861572266 3.7785887718200683594 3.7282395362854003906 3.6844906806945800781 3.7154474258422851563
4.2626800537109375 4.1594104766845703125 4.1725296974182128906 4.1841225624084472656 4.1944813728332519531 4.1656694412231445313 4.1956343650817871094 4.129962921142578125 4.2388329505920410156 4.4711580276489257813 4.6185030937194824219 4.6607151031494140625 4.6669464111328125 4.6584296226501464844 4.5979924201965332031 4.5170416831970214844 4.4419903755187988281 4.3938565254211425781 4.3495464324951171875 4.2737479209899902344 4.10890960693359375 3.941532135009765625 3.8092291355133056641 4.0182085037231445313 4.1982655525207519531 4.4221529960632324219 4.5403113365173339844 4.542949676513671875 4.4580273628234863281 4.2013406753540039063 4.0177826881408691406 3.8098995685577392578 3.7193613052368164063 3.7181875705718994141 3.7242023944854736328 3.6902709007263183594 3.7074060440063476563 3.7213199138641357422 3.7424135208129882813 3.6847109794616699219
4.3787045478820800781 4.2662453651428222656 4.2294793128967285156 4.23693084716796875 4.22397613525390625 4.2603540420532226563 4.217609405517578125 4.2488117218017578125 4.4416031837463378906 4.6082363128662109375 4.6237974166870117188 4.5941433906555175781 4.5990314483642578125 4.5695095062255859375 4.5157561302185058594 4.4764080047607421875 4.4502696990966796875 4.4033994674682617188 4.2171077728271484375 4.0169677734375 3.8276031017303466797 3.7372193336486816406 3.7944970130920410156 3.9557862281799316406 4.0879178047180175781 4.2896146774291992188 4.3655385971069335938 4.3272223472595214844 4.2379469871520996094 4.09041595458984375 3.9412052631378173828 3.7923345565795898438 3.7664823532104492188 3.7417333126068115234 3.7044467926025390625 3.6426355838775634766 3.6688959598541259766 3.606494903564453125 3.6072609424591064453 3.6214761734008789063
4.3616895675659179688 4.3830938339233398438 4.3651547431945800781 4.3421010971069335938 4.3640956878662109375 4.2865242958068847656 4.2545003890991210938 4.4113278388977050781 4.5771121978759765625 4.6303076744079589844 4.5631947517395019531 4.5165863037109375 4.52384185791015625 4.503841400146484375 4.4792876243591308594 4.4332752227783203125 4.2850980758666992188 4.054058074951171875 3.8144781589508056641 3.6468381881713867188 3.5670359134674072266 3.5657923221588134766 3.6816306114196777344 3.7312154769897460938 3.8141417503356933594 3.9789276123046875 4.0419054031372070313 4.019317626953125 3.9584183692932128906 3.8594644069671630859 3.7959582805633544922 3.74327850341796875 3.6810679435729980469 3.5969917774200439453 3.5995848178863525391 3.6175689697265625 3.6360020637512207031 3.7550413608551025391 9.9692099683868690468e+36 3.5653669834136962891
4.4469404220581054688 4.4087438583374023438 4.3206653594970703125 4.2535624504089355469 4.2084031105041503906 4.1948513984680175781 4.3970303535461425781 4.5494985580444335938 4.6303033828735351563 4.6245636940002441406 4.5524010658264160156 4.4999384880065917969 4.4848179817199707031 4.4373717308044433594 4.3471856117248535156 4.1945977210998535156 3.9560208320617675781 3.7427773475646972656 3.6018352508544921875 3.4831209182739257813 3.4566042423248291016 3.53446197509765625 3.5735025405883789063 3.5391623973846435547 3.5187637805938720703 3.5912556648254394531 3.6514973640441894531 3.6559875011444091797 3.6217029094696044922 3.6028769016265869141 3.6185631752014160156 3.5953600406646728516 3.5597417354583740234 3.5920476913452148438 3.6052942276000976563 3.6188039779663085938 3.5821700096130371094 3.5914576053619384766 3.6242218017578125 3.5354356765747070313
4.05712890625 4.0603260993957519531 4.0930457115173339844 4.1385431289672851563 4.2686829566955566406 4.4478507041931152344 4.5107326507568359375 4.5197315216064453125 4.5332403182983398438 4.5202307701110839844 4.4724063873291015625 4.4167547225952148438 4.3489155769348144531 4.2595047950744628906 4.1439990997314453125 3.9821879863739013672 3.8004260063171386719 3.6703305244445800781 3.5585398674011230469 3.4427030086517333984 3.4179551601409912109 3.5022332668304443359 3.5334944725036621094 3.4724750518798828125 3.3624470233917236328 3.2930002212524414063 3.3286185264587402344 3.3791356086730957031 3.4059207439422607422 3.4685690402984619141 3.571086883544921875 3.57419586181640625 3.6095004081726074219 3.6922852993011474609 3.7113466262817382813 3.7251961231231689453 3.7314023971557617188 3.6187224388122558594 3.6614742279052734375 3.6802878379821777344
3.8642702102661132813 3.9439873695373535156 4.0686879158020019531 4.2268786430358886719 4.3820719718933105469 4.4505419731140136719 4.44153594970703125 4.4217104911804199219 4.3926458358764648438 4.3484377861022949219 4.3106484413146972656 4.2526712417602539063 4.1762318611145019531 4.1095323562622070313 4.0441317558288574219 3.9313962459564208984 3.8037891387939453125 3.6937215328216552734 3.6073572635650634766 3.4987206459045410156 3.3894481658935546875 3.3584690093994140625 3.4304220676422119141 3.4427826404571533203 3.3878495693206787109 3.2654001712799072266 3.2796556949615478516 3.3791887760162353516 3.4268164634704589844 3.5508031845092773438 3.6276452541351318359 3.6851806640625 3.8022813796997070313 3.8035578727722167969 3.7699432373046875 3.7495112419128417969 3.6956493854522705078 3.6600406169891357422 3.7111294269561767578 3.6241078376770019531
