MapLinkProApp/griddata/temperature/ASCII/cmems_mod_glo_phy-thetao_anfc_0,083deg_P1D-m_1702458667101_0,5.asc
ncols        121
nrows        120
xllcorner    -30.041666666667
yllcorner    40.041666655981
cellsize     0.083333333333
NODATA_value  9.9692099683868690468e+36
[rows 18 to 35 of 120, columns 40 to 79 of 121]
12.567435264587402344 12.684581756591796875 12.668308258056640625 12.569468498229980469 12.609084129333496094 13.05869293212890625 13.747510910034179688 14.179746627807617188 14.425752639770507813 14.542660713195800781 14.551453590393066406 14.432676315307617188 14.223218917846679688 14.118310928344726563 14.205791473388671875 14.287931442260742188 14.374518394470214844 14.4326171875 14.407182693481445313 14.389166831970214844 14.430596351623535156 14.513285636901855469 14.596346855163574219 14.641898155212402344 14.639034271240234375 14.609225273132324219 14.56708526611328125 14.528512954711914063 14.484038352966308594 14.409114837646484375 14.296883583068847656 14.149724006652832031 13.982366561889648438 13.823941230773925781 13.7163543701171875 13.700860977172851563 13.764901161193847656 13.820588111877441406 13.802310943603515625 13.74712371826171875
12.555101394653320313 12.603596687316894531 12.553969383239746094 12.448925971984863281 12.771380424499511719 13.591083526611328125 14.093873023986816406 14.342931747436523438 14.49420928955078125 14.567849159240722656 14.549333572387695313 14.418508529663085938 14.21489715576171875 14.117000579833984375 14.196996688842773438 14.252726554870605469 14.34136199951171875 14.464882850646972656 14.528441429138183594 14.556372642517089844 14.591129302978515625 14.639797210693359375 14.6637725830078125 14.65674591064453125 14.613786697387695313 14.541654586791992188 14.472617149353027344 14.408203125 14.342893600463867188 14.259967803955078125 14.149323463439941406 14.01589202880859375 13.876749992370605469 13.7548675537109375 13.675323486328125 13.6685638427734375 13.711779594421386719 13.721494674682617188 13.691247940063476563 13.692519187927246094
12.472378730773925781 12.458729743957519531 12.418552398681640625 12.57131195068359375 13.139950752258300781 13.850896835327148438 14.246057510375976563 14.443805694580078125 14.543641090393066406 14.587799072265625 14.564925193786621094 14.446872711181640625 14.245200157165527344 14.112009048461914063 14.163351058959960938 14.211882591247558594 14.28148651123046875 14.407289505004882813 14.500164985656738281 14.568398475646972656 14.614783287048339844 14.648843765258789063 14.65674591064453125 14.643765449523925781 14.603018760681152344 14.539103507995605469 14.458241462707519531 14.368311882019042969 14.28075408935546875 14.189663887023925781 14.083918571472167969 13.965891838073730469 13.84482574462890625 13.734731674194335938 13.658369064331054688 13.642100334167480469 13.654824256896972656 13.643697738647460938 13.64521026611328125 13.691931724548339844
12.360207557678222656 12.40804290771484375 12.416990280151367188 12.748948097229003906 13.485365867614746094 14.060278892517089844 14.347117424011230469 14.475939750671386719 14.558710098266601563 14.604747772216796875 14.596532821655273438 14.514875411987304688 14.342617034912109375 14.150403022766113281 14.114087104797363281 14.155585289001464844 14.195987701416015625 14.296164512634277344 14.378314018249511719 14.448390007019042969 14.501958847045898438 14.529025077819824219 14.533407211303710938 14.514245986938476563 14.492406845092773438 14.468049049377441406 14.4271240234375 14.356719017028808594 14.261755943298339844 14.152934074401855469 14.038554191589355469 13.924047470092773438 13.813455581665039063 13.717212677001953125 13.654860496520996094 13.626524925231933594 13.623717308044433594 13.653203964233398438 13.7170257568359375 13.811349868774414063
12.3178863525390625 12.39151763916015625 12.460635185241699219 12.880131721496582031 13.64435577392578125 14.16898345947265625 14.402716636657714844 14.492234230041503906 14.561023712158203125 14.6106719970703125 14.61808013916015625 14.572267532348632813 14.451817512512207031 14.252278327941894531 14.1124267578125 14.106623649597167969 14.117841720581054688 14.177495956420898438 14.236719131469726563 14.296234130859375 14.350293159484863281 14.37975311279296875 14.380137443542480469 14.363374710083007813 14.353450775146484375 14.352329254150390625 14.341428756713867188 14.301959037780761719 14.226386070251464844 14.122263908386230469 14.010104179382324219 13.901352882385253906 13.802792549133300781 13.718575477600097656 13.663025856018066406 13.645366668701171875 13.6690826416015625 13.742856979370117188 13.870713233947753906 14.039663314819335938
12.289922714233398438 12.378443717956542969 12.5336151123046875 13.057108879089355469 13.803088188171386719 14.230573654174804688 14.394125938415527344 14.47837066650390625 14.5649566650390625 14.62339019775390625 14.636308670043945313 14.613043785095214844 14.560494422912597656 14.451737403869628906 14.274882316589355469 14.133799552917480469 14.07010650634765625 14.049152374267578125 14.076676368713378906 14.102562904357910156 14.144167900085449219 14.177905082702636719 14.187949180603027344 14.182425498962402344 14.176178932189941406 14.187975883483886719 14.20075225830078125 14.182667732238769531 14.124056816101074219 14.032854080200195313 13.930281639099121094 13.835886001586914063 13.758329391479492188 13.702643394470214844 13.67737579345703125 13.701251029968261719 13.795375823974609375 13.941480636596679688 14.090706825256347656 14.218462944030761719
12.272315025329589844 12.375346183776855469 12.601143836975097656 13.196893692016601563 13.909655570983886719 14.268279075622558594 14.390062332153320313 14.462118148803710938 14.560443878173828125 14.631157875061035156 14.647509574890136719 14.624845504760742188 14.589175224304199219 14.554625511169433594 14.490441322326660156 14.342847824096679688 14.172468185424804688 14.041531562805175781 13.978184700012207031 13.977213859558105469 13.995672225952148438 14.029747962951660156 14.043836593627929688 14.035318374633789063 14.025663375854492188 14.029559135437011719 14.035664558410644531 14.015169143676757813 13.965968132019042969 13.897686004638671875 13.824709892272949219 13.758343696594238281 13.709400177001953125 13.690386772155761719 13.7580413818359375 13.913439750671386719 14.0523223876953125 14.12201690673828125 14.182247161865234375 14.27291107177734375
12.289784431457519531 12.404520988464355469 12.700949668884277344 13.334673881530761719 13.984127044677734375 14.274834632873535156 14.351588249206542969 14.434160232543945313 14.54718780517578125 14.622546195983886719 14.64374542236328125 14.627788543701171875 14.591214179992675781 14.546797752380371094 14.5181732177734375 14.49605560302734375 14.418996810913085938 14.286623954772949219 14.119376182556152344 13.983880043029785156 13.912326812744140625 13.895672798156738281 13.923992156982421875 13.939597129821777344 13.943784713745117188 13.938614845275878906 13.928114891052246094 13.9026641845703125 13.859126091003417969 13.801537513732910156 13.744220733642578125 13.708046913146972656 13.717245101928710938 13.820631027221679688 13.9766845703125 14.044496536254882813 14.0493621826171875 14.111326217651367188 14.240583419799804688 14.351044654846191406
12.359927177429199219 12.48645782470703125 12.8516082763671875 13.513295173645019531 14.068615913391113281 14.268561363220214844 14.312356948852539063 14.400579452514648438 14.51033782958984375 14.558694839477539063 14.570601463317871094 14.576564788818359375 14.585401535034179688 14.569331169128417969 14.509928703308105469 14.453736305236816406 14.452037811279296875 14.479349136352539063 14.446636199951171875 14.319040298461914063 14.124180793762207031 13.929518699645996094 13.815587043762207031 13.781392097473144531 13.776599884033203125 13.781474113464355469 13.772912979125976563 13.753046989440917969 13.727197647094726563 13.700414657592773438 13.700764656066894531 13.774483680725097656 13.916577339172363281 14.008675575256347656 13.980431556701660156 13.958255767822265625 14.04752349853515625 14.201648712158203125 14.3291778564453125 14.381154060363769531
12.478801727294921875 12.599230766296386719 12.994793891906738281 13.643385887145996094 14.116567611694335938 14.24890899658203125 14.270946502685546875 14.35357666015625 14.406469345092773438 14.392237663269042969 14.3989410400390625 14.428615570068359375 14.495044708251953125 14.542551040649414063 14.54309844970703125 14.478919029235839844 14.411947250366210938 14.395984649658203125 14.436763763427734375 14.470716476440429688 14.424839973449707031 14.263094902038574219 14.029454231262207031 13.829893112182617188 13.716771125793457031 13.682346343994140625 13.674879074096679688 13.671634674072265625 13.676540374755859375 13.693070411682128906 13.755862236022949219 13.895951271057128906 14.006704330444335938 13.973787307739257813 13.90252685546875 13.942223548889160156 14.085907936096191406 14.240871429443359375 14.346785545349121094 14.374579429626464844
12.669818878173828125 12.762604713439941406 13.173554420471191406 13.766984939575195313 14.130427360534667969 14.178759574890136719 14.12945556640625 14.070779800415039063 13.920208930969238281 13.847443580627441406 13.952716827392578125 14.0829010009765625 14.285645484924316406 14.435009002685546875 14.506616592407226563 14.494441032409667969 14.443581581115722656 14.40406036376953125 14.388827323913574219 14.394405364990234375 14.413207054138183594 14.443655967712402344 14.40837860107421875 14.243625640869140625 13.995965957641601563 13.783455848693847656 13.667708396911621094 13.637157440185546875 13.6828765869140625 13.766368865966796875 13.849620819091796875 13.971257209777832031 14.008453369140625 13.920489311218261719 13.875829696655273438 13.942666053771972656 14.08589935302734375 14.231731414794921875 14.334851264953613281 14.360924720764160156
12.809320449829101563 12.889707565307617188 13.322183609008789063 13.866272926330566406 14.106159210205078125 14.012434005737304688 13.787295341491699219 13.501293182373046875 13.232117652893066406 13.222866058349609375 13.435040473937988281 13.722813606262207031 14.069219589233398438 14.331393241882324219 14.471601486206054688 14.5006561279296875 14.456274032592773438 14.410493850708007813 14.407982826232910156 14.425127983093261719 14.43137359619140625 14.402701377868652344 14.432038307189941406 14.466304779052734375 14.363757133483886719 14.107654571533203125 13.844676971435546875 13.681288719177246094 13.674046516418457031 13.802280426025390625 13.925005912780761719 13.994715690612792969 13.9497222900390625 13.855858802795410156 13.848683357238769531 13.932882308959960938 14.075872421264648438 14.213227272033691406 14.311420440673828125 14.341558456420898438
12.908001899719238281 13.002809524536132813 13.376756668090820313 13.847348213195800781 14.013955116271972656 13.784274101257324219 13.410144805908203125 13.10944366455078125 12.99343109130859375 13.040699005126953125 13.193648338317871094 13.552739143371582031 13.981632232666015625 14.316491127014160156 14.482084274291992188 14.50476837158203125 14.467296600341796875 14.441667556762695313 14.466348648071289063 14.493611335754394531 14.516515731811523438 14.513702392578125 14.451366424560546875 14.444559097290039063 14.47841644287109375 14.363677024841308594 14.110307693481445313 13.846574783325195313 13.703184127807617188 13.729833602905273438 13.841022491455078125 13.90271759033203125 13.839974403381347656 13.801955223083496094 13.843738555908203125 13.939616203308105469 14.076837539672851563 14.204876899719238281 14.296251296997070313 14.329587936401367188
13.061553955078125 13.114449501037597656 13.391841888427734375 13.797850608825683594 13.996592521667480469 13.805245399475097656 13.443559646606445313 13.220455169677734375 13.170121192932128906 13.160656929016113281 13.267486572265625 13.620118141174316406 14.065592765808105469 14.392467498779296875 14.531253814697265625 14.529442787170410156 14.488705635070800781 14.489955902099609375 14.55376434326171875 14.623591423034667969 14.671010017395019531 14.690640449523925781 14.651546478271484375 14.518523216247558594 14.480103492736816406 14.493897438049316406 14.375863075256347656 14.126519203186035156 13.882349014282226563 13.747865676879882813 13.730335235595703125 13.747035980224609375 13.741580009460449219 13.78875732421875 13.872345924377441406 13.977286338806152344 14.10776519775390625 14.227221488952636719 14.303879737854003906 14.33293914794921875
13.313525199890136719 13.277462959289550781 13.4117584228515625 13.723150253295898438 13.968700408935546875 13.912906646728515625 13.653778076171875 13.469217300415039063 13.366581916809082031 13.246811866760253906 13.377077102661132813 13.796690940856933594 14.23302459716796875 14.501692771911621094 14.575657844543457031 14.534109115600585938 14.493883132934570313 14.533267021179199219 14.637018203735351563 14.746633529663085938 14.804738998413085938 14.831747055053710938 14.83329010009765625 14.692078590393066406 14.537375450134277344 14.520588874816894531 14.484530448913574219 14.309391021728515625 14.071742057800292969 13.881363868713378906 13.782149314880371094 13.763986587524414063 13.7771148681640625 13.850690841674804688 13.933834075927734375 14.036102294921875 14.163443565368652344 14.28045654296875 14.34136199951171875 14.354807853698730469
13.608780860900878906 13.494625091552734375 13.475665092468261719 13.664997100830078125 13.908517837524414063 13.960506439208984375 13.810895919799804688 13.602380752563476563 13.400855064392089844 13.360037803649902344 13.679837226867675781 14.116336822509765625 14.463913917541503906 14.617221832275390625 14.601116180419921875 14.523900985717773438 14.517342567443847656 14.62145233154296875 14.770525932312011719 14.89122772216796875 14.951125144958496094 14.959927558898925781 14.979823112487792969 14.899851799011230469 14.685019493103027344 14.572765350341796875 14.54224395751953125 14.442303657531738281 14.252337455749511719 14.065127372741699219 13.941924095153808594 13.888949394226074219 13.903138160705566406 13.963764190673828125 14.022782325744628906 14.118963241577148438 14.265804290771484375 14.39315032958984375 14.433232307434082031 14.415060997009277344
13.863153457641601563 13.666621208190917969 13.559123992919921875 13.689205169677734375 13.888566017150878906 13.932938575744628906 13.777034759521484375 13.503087997436523438 13.354274749755859375 13.572834968566894531 13.988202095031738281 14.369051933288574219 14.601594924926757813 14.664460182189941406 14.586113929748535156 14.504237174987792969 14.548704147338867188 14.711657524108886719 14.890563011169433594 14.999356269836425781 15.051255226135253906 15.042688369750976563 15.052577972412109375 15.028102874755859375 14.821086883544921875 14.635141372680664063 14.582526206970214844 14.515391349792480469 14.369769096374511719 14.19948577880859375 14.075573921203613281 14.025178909301757813 14.045208930969238281 14.074359893798828125 14.114932060241699219 14.247453689575195313 14.465636253356933594 14.605913162231445313 14.616719245910644531 14.5418548583984375
13.872419357299804688 13.643091201782226563 13.574979782104492188 13.692620277404785156 13.78176116943359375 13.691529273986816406 13.499135971069335938 13.390741348266601563 13.51615142822265625 13.890687942504882813 14.259673118591308594 14.535435676574707031 14.699393272399902344 14.696507453918457031 14.566590309143066406 14.49488067626953125 14.589235305786132813 14.796766281127929688 14.972319602966308594 15.062906265258789063 15.104716300964355469 15.098940849304199219 15.094698905944824219 15.070515632629394531 14.887545585632324219 14.704435348510742188 14.625458717346191406 14.546277999877929688 14.401594161987304688 14.250519752502441406 14.160496711730957031 14.127340316772460938 14.120509147644042969 14.131316184997558594 14.190898895263671875 14.41957855224609375 14.694906234741210938 14.809323310852050781 14.758925437927246094 14.666620254516601563
