MapLinkProApp/griddata/temperature/ASCII/cmems_mod_glo_phy-thetao_anfc_0,083deg_P1D-m_1702458667101_763,3.asc
ncols        121
nrows        120
xllcorner    -30.041666666667
yllcorner    40.041666655981
cellsize     0.083333333333
NODATA_value  9.9692099683868690468e+36
[rows 18 to 35 of 120, columns 40 to 79 of 121]
4.7649745941162109375 4.8026914596557617188 4.829193115234375 4.870880126953125 4.9499273300170898438 5.1099605560302734375 5.346668243408203125 5.6471462249755859375 6.0246677398681640625 6.1833825111389160156 6.2781219482421875 6.3869161605834960938 6.4656963348388671875 6.577880859375 6.7048392295837402344 6.8296408653259277344 6.968624114990234375 7.0823678970336914063 7.1613245010375976563 7.2550077438354492188 7.3316845893859863281 7.3553757667541503906 7.2741322517395019531 7.1640901565551757813 7.0876917839050292969 7.018344879150390625 6.9400873184204101563 6.8711423873901367188 6.8117818832397460938 6.7775225639343261719 6.7923254966735839844 6.8614134788513183594 6.974491119384765625 7.0507802963256835938 6.9687027931213378906 6.7190532684326171875 6.4719672203063964844 6.3760929107666015625 6.34954071044921875 6.304660797119140625
4.7489719390869140625 4.8323268890380859375 4.90566253662109375 4.9501729011535644531 5.0114908218383789063 5.1725544929504394531 5.4416928291320800781 5.7862696647644042969 6.1009798049926757813 6.2009105682373046875 6.3013544082641601563 6.40604400634765625 6.4737744331359863281 6.5594878196716308594 6.6586885452270507813 6.7780308723449707031 6.9243597984313964844 7.0403165817260742188 7.1272430419921875 7.1888804435729980469 7.193073272705078125 7.1503200531005859375 7.1103353500366210938 7.0873460769653320313 7.0552353858947753906 7.0238437652587890625 6.99405670166015625 6.9546742439270019531 6.9297037124633789063 6.934356689453125 6.9900479316711425781 7.0857000350952148438 7.1627001762390136719 7.1434226036071777344 6.9835290908813476563 6.7532830238342285156 6.5768761634826660156 6.4856352806091308594 6.4638686180114746094 6.521854400634765625
4.9111280441284179688 4.9124016761779785156 4.9421110153198242188 4.9778127670288085938 5.0562777519226074219 5.240692138671875 5.5381073951721191406 5.8929924964904785156 6.1124167442321777344 6.1984710693359375 6.3216137886047363281 6.4372668266296386719 6.4983510971069335938 6.5561265945434570313 6.6178841590881347656 6.6953959465026855469 6.8136715888977050781 6.9256777763366699219 7.0134420394897460938 7.0600733757019042969 7.0689034461975097656 7.0766758918762207031 7.1019811630249023438 7.1087827682495117188 7.0907802581787109375 7.0895252227783203125 7.1019597053527832031 7.08928680419921875 7.0812020301818847656 7.115238189697265625 7.1731901168823242188 7.2260537147521972656 7.2412776947021484375 7.1742835044860839844 7.0163507461547851563 6.8338685035705566406 6.6832952499389648438 6.6190948486328125 6.679538726806640625 6.7360444068908691406
5.0389218330383300781 4.9737119674682617188 4.994487762451171875 5.0314612388610839844 5.1027569770812988281 5.272800445556640625 5.5837411880493164063 5.9580235481262207031 6.0996546745300292969 6.1902461051940917969 6.3209447860717773438 6.4656233787536621094 6.5520114898681640625 6.5986700057983398438 6.63515472412109375 6.6825160980224609375 6.7410721778869628906 6.8206524848937988281 6.8978252410888671875 6.9444131851196289063 6.9912042617797851563 7.0509066581726074219 7.1187739372253417969 7.1321244239807128906 7.1340699195861816406 7.1593990325927734375 7.2054452896118164063 7.2420787811279296875 7.2591347694396972656 7.2849512100219726563 7.3157134056091308594 7.3206276893615722656 7.2858371734619140625 7.199764251708984375 7.0791077613830566406 6.969623565673828125 6.9061822891235351563 6.9080843925476074219 6.9203915596008300781 6.8806886672973632813
5.0422692298889160156 4.9650330543518066406 5.0015931129455566406 5.0470666885375976563 5.1216764450073242188 5.3170747756958007813 5.6631832122802734375 5.9995741844177246094 6.0814952850341796875 6.1777477264404296875 6.2951369285583496094 6.4483742713928222656 6.5670037269592285156 6.6213521957397460938 6.6558470726013183594 6.7134823799133300781 6.7596569061279296875 6.8218836784362792969 6.8980665206909179688 6.95316314697265625 6.9812288284301757813 7.0344495773315429688 7.1335482597351074219 7.1636795997619628906 7.1240477561950683594 7.14064788818359375 7.2057595252990722656 7.2584691047668457031 7.2912015914916992188 7.3227281570434570313 7.3461413383483886719 7.3457713127136230469 7.3102946281433105469 7.2431588172912597656 7.1659541130065917969 7.0912909507751464844 7.07418060302734375 7.0535206794738769531 6.9543156623840332031 6.9753012657165527344
5.1415605545043945313 5.0162000656127929688 5.0197935104370117188 5.0568552017211914063 5.1319751739501953125 5.3676943778991699219 5.7388501167297363281 6.0227484703063964844 6.1014547348022460938 6.1966137886047363281 6.2664480209350585938 6.3978772163391113281 6.5538091659545898438 6.6546578407287597656 6.6954655647277832031 6.7586054801940917969 6.8231444358825683594 6.886989593505859375 6.96128082275390625 7.0311946868896484375 7.0727624893188476563 7.1356968879699707031 7.2190160751342773438 7.2706327438354492188 7.2396974563598632813 7.1820354461669921875 7.1785559654235839844 7.2121500968933105469 7.2473850250244140625 7.2765269279479980469 7.2956824302673339844 7.3137135505676269531 7.294971466064453125 7.2437949180603027344 7.1754107475280761719 7.1162962913513183594 7.0581250190734863281 6.9745807647705078125 6.995899200439453125 7.242740631103515625
5.2524137496948242188 5.1270470619201660156 5.0935010910034179688 5.0891513824462890625 5.1554126739501953125 5.418506622314453125 5.8129353523254394531 6.0680003166198730469 6.1408495903015136719 6.2415909767150878906 6.2706017494201660156 6.345340728759765625 6.5029969215393066406 6.6568465232849121094 6.7453927993774414063 6.8135519027709960938 6.8892350196838378906 6.9567856788635253906 7.024425506591796875 7.09593963623046875 7.1395082473754882813 7.1748747825622558594 7.2277088165283203125 7.2787556648254394531 7.3135585784912109375 7.3077101707458496094 7.2695550918579101563 7.2509198188781738281 7.2347173690795898438 7.2205915451049804688 7.2013421058654785156 7.1766910552978515625 7.1340966224670410156 7.0707864761352539063 7.0065083503723144531 6.9193706512451171875 6.8438892364501953125 6.99896240234375 7.3649854660034179688 7.647449493408203125
5.1419987678527832031 5.04754638671875 5.0556864738464355469 5.0763349533081054688 5.1682262420654296875 5.4656281471252441406 5.8431115150451660156 6.0278296470642089844 6.0954828262329101563 6.2142047882080078125 6.2709908485412597656 6.3283662796020507813 6.4570875167846679688 6.6192755699157714844 6.7505822181701660156 6.8380384445190429688 6.9015307426452636719 6.96012115478515625 7.0222449302673339844 7.0893712043762207031 7.1535525321960449219 7.1896872520446777344 7.188732147216796875 7.1854381561279296875 7.2161130905151367188 7.2606949806213378906 7.2471990585327148438 7.2169179916381835938 7.1882915496826171875 7.1374759674072265625 7.056121826171875 6.9524965286254882813 6.8592829704284667969 6.772487640380859375 6.7431802749633789063 6.7752528190612792969 6.945583343505859375 7.2948007583618164063 7.6352934837341308594 7.7981138229370117188
5.05985260009765625 4.9803271293640136719 5.0029835700988769531 5.0661649703979492188 5.2135095596313476563 5.52495574951171875 5.7969913482666015625 5.8675785064697265625 5.974842071533203125 6.0884637832641601563 6.1971077919006347656 6.3309926986694335938 6.4864549636840820313 6.6451678276062011719 6.7995119094848632813 6.904918670654296875 6.96720123291015625 7.003570556640625 7.0119237899780273438 7.0210375785827636719 7.0440301895141601563 7.0868549346923828125 7.1583027839660644531 7.161029815673828125 7.1285195350646972656 7.1436619758605957031 7.1825137138366699219 7.1490330696105957031 7.068813323974609375 6.9388127326965332031 6.8009290695190429688 6.7139310836791992188 6.6533174514770507813 6.6131696701049804688 6.6590676307678222656 6.9081482887268066406 7.3423199653625488281 7.6997818946838378906 7.8943963050842285156 7.9454226493835449219
5.0191621780395507813 4.95021820068359375 4.9932575225830078125 5.08789825439453125 5.2825245857238769531 5.5827665328979492188 5.7738485336303710938 5.8163256645202636719 5.9035940170288085938 5.9665060043334960938 6.0888395309448242188 6.2758083343505859375 6.4796061515808105469 6.6835446357727050781 6.8804783821105957031 7.0297770500183105469 7.1150374412536621094 7.1488347053527832031 7.1425662040710449219 7.0977749824523925781 7.0560708045959472656 7.0314722061157226563 7.0471429824829101563 7.088665008544921875 7.1249194145202636719 7.1012282371520996094 7.1032748222351074219 7.0933270454406738281 6.9983754158020019531 6.8830733299255371094 6.7872905731201171875 6.7295012474060058594 6.680736541748046875 6.65259552001953125 6.7602877616882324219 7.1174526214599609375 7.5393280982971191406 7.8514780998229980469 8.0257053375244140625 8.0392999649047851563
5.0157809257507324219 4.97768402099609375 5.0433650016784667969 5.175567626953125 5.411563873291015625 5.6463027000427246094 5.73902130126953125 5.7925372123718261719 5.8793339729309082031 5.9480428695678710938 6.0753769874572753906 6.211299896240234375 6.3586516380310058594 6.5681319236755371094 6.8144555091857910156 7.0534772872924804688 7.2467722892761230469 7.3607835769653320313 7.41677093505859375 7.3758869171142578125 7.2847166061401367188 7.1798553466796875 7.1088705062866210938 7.0475940704345703125 7.0192842483520507813 7.0092101097106933594 7.0234003067016601563 7.0387482643127441406 6.9759950637817382813 6.8801074028015136719 6.83687591552734375 6.8078775405883789063 6.7712764739990234375 6.7908840179443359375 6.9356746673583984375 7.2478938102722167969 7.5739808082580566406 7.8599748611450195313 8.0887889862060546875 8.1533555984497070313
5.0754709243774414063 5.0565080642700195313 5.1381673812866210938 5.2976045608520507813 5.5138401985168457031 5.6528096199035644531 5.6833953857421875 5.7603425979614257813 5.8908090591430664063 6.034702301025390625 6.2055025100708007813 6.3400506973266601563 6.4151248931884765625 6.537075042724609375 6.7386593818664550781 6.9668951034545898438 7.1786222457885742188 7.3524918556213378906 7.5061960220336914063 7.6115713119506835938 7.6309933662414550781 7.522480010986328125 7.3730750083923339844 7.2092604637145996094 7.0688457489013671875 6.9338059425354003906 6.8895111083984375 6.9051456451416015625 6.912929534912109375 6.8655195236206054688 6.8662805557250976563 6.874355316162109375 6.8589787483215332031 6.8754897117614746094 6.986995697021484375 7.2367753982543945313 7.4994840621948242188 7.7612457275390625 8.0481576919555664063 8.2303371429443359375
5.1753735542297363281 5.1846036911010742188 5.2828578948974609375 5.4302706718444824219 5.5634622573852539063 5.5728268623352050781 5.5476584434509277344 5.6429495811462402344 5.7947530746459960938 5.974994659423828125 6.2236661911010742188 6.4465537071228027344 6.5174570083618164063 6.6088819503784179688 6.7975983619689941406 7.0103807449340820313 7.2059645652770996094 7.3567585945129394531 7.4854145050048828125 7.6014151573181152344 7.7085351943969726563 7.7734894752502441406 7.7196226119995117188 7.5251536369323730469 7.2812180519104003906 7.0409917831420898438 6.8935036659240722656 6.8504495620727539063 6.8535323143005371094 6.8382043838500976563 6.8441052436828613281 6.8686618804931640625 6.8853983879089355469 6.9315652847290039063 7.0148053169250488281 7.2019200325012207031 7.4260563850402832031 7.6733260154724121094 7.9947876930236816406 8.2438097000122070313
5.3195481300354003906 5.3222179412841796875 5.425289154052734375 5.5469312667846679688 5.5961785316467285156 5.5433669090270996094 5.517131805419921875 5.604373931884765625 5.7232155799865722656 5.8785071372985839844 6.1509695053100585938 6.4093575477600097656 6.5018482208251953125 6.6571874618530273438 6.8705167770385742188 7.0716538429260253906 7.2395319938659667969 7.3963770866394042969 7.5631532669067382813 7.7045536041259765625 7.8079099655151367188 7.8564009666442871094 7.93587493896484375 7.8652224540710449219 7.6065049171447753906 7.2872295379638671875 7.0310344696044921875 6.88936614990234375 6.848819732666015625 6.8320002555847167969 6.8232817649841308594 6.8506302833557128906 6.8757395744323730469 6.9617562294006347656 7.0731325149536132813 7.2266173362731933594 7.4184079170227050781 7.6796584129333496094 8.0506029129028320313 8.2967052459716796875
5.4103922843933105469 5.4051880836486816406 5.5047869682312011719 5.6273446083068847656 5.684032440185546875 5.6441111564636230469 5.6060266494750976563 5.6668791770935058594 5.7949604988098144531 5.9738831520080566406 6.2377748489379882813 6.3943114280700683594 6.5039811134338378906 6.7130861282348632813 6.944980621337890625 7.1345968246459960938 7.3087062835693359375 7.4602112770080566406 7.6501965522766113281 7.7814207077026367188 7.9356694221496582031 7.9861979484558105469 8.030548095703125 8.0426168441772460938 7.8665080070495605469 7.5381174087524414063 7.1940240859985351563 6.9802794456481933594 6.8799905776977539063 6.8698205947875976563 6.8537845611572265625 6.8753380775451660156 6.9085564613342285156 7.0096340179443359375 7.1172051429748535156 7.2310438156127929688 7.3975558280944824219 7.7247314453125 8.1605281829833984375 8.3840799331665039063
5.5733418464660644531 5.5089631080627441406 5.5528216361999511719 5.6645779609680175781 5.7526602745056152344 5.7582201957702636719 5.7395501136779785156 5.7920413017272949219 5.9390234947204589844 6.1347603797912597656 6.316959381103515625 6.4166784286499023438 6.5999879837036132813 6.8547434806823730469 7.0496692657470703125 7.2105541229248046875 7.3835873603820800781 7.55907440185546875 7.7619185447692871094 7.9137167930603027344 8.0650434494018554688 8.1704168319702148438 8.18953704833984375 8.2019147872924804688 8.0741357803344726563 7.7582631111145019531 7.3896727561950683594 7.1192955970764160156 6.9707584381103515625 6.9573087692260742188 6.962329864501953125 6.9671378135681152344 7.0040593147277832031 7.1034026145935058594 7.1945171356201171875 7.2724013328552246094 7.4632058143615722656 7.871860504150390625 8.27629852294921875 8.4413356781005859375
5.7174329757690429688 5.5922045707702636719 5.55303955078125 5.6075220108032226563 5.6885304450988769531 5.7549686431884765625 5.8057928085327148438 5.8869333267211914063 6.0389556884765625 6.22437286376953125 6.3706793785095214844 6.5101351737976074219 6.7716269493103027344 6.9988646507263183594 7.1478252410888671875 7.2888493537902832031 7.4663186073303222656 7.6683454513549804688 7.8635282516479492188 8.0161905288696289063 8.1583461761474609375 8.2975549697875976563 8.3349199295043945313 8.327911376953125 8.2213411331176757813 7.923244476318359375 7.5644545555114746094 7.2999706268310546875 7.1402492523193359375 7.0680904388427734375 7.0331702232360839844 6.983180999755859375 6.9981203079223632813 7.0967116355895996094 7.1929774284362792969 7.2910003662109375 7.5407781600952148438 8.0120868682861328125 8.3598833084106445313 8.4814729690551757813
5.8236017227172851563 5.6872344017028808594 5.5930161476135253906 5.5862884521484375 5.65193939208984375 5.752864837646484375 5.8815274238586425781 6.0301227569580078125 6.1929235458374023438 6.3532185554504394531 6.4730615615844726563 6.6777529716491699219 6.9445753097534179688 7.1191000938415527344 7.2365512847900390625 7.3685789108276367188 7.5516943931579589844 7.7572264671325683594 7.9401936531066894531 8.0755796432495117188 8.2176256179809570313 8.3568563461303710938 8.4036779403686523438 8.4050426483154296875 8.2865009307861328125 7.9980792999267578125 7.6511940956115722656 7.4327001571655273438 7.3204679489135742188 7.2224984169006347656 7.1387538909912109375 7.0507750511169433594 6.9965085983276367188 7.0472764968872070313 7.1686129570007324219 7.3349781036376953125 7.6818823814392089844 8.1396512985229492188 8.3778371810913085938 8.4727735519409179688
