MapLinkProApp/griddata/temperature/ASCII/cmems_mod_glo_phy-thetao_anfc_0,083deg_P1D-m_1702458667101_47,4.asc
ncols        121
nrows        120
xllcorner    -30.041666666667
yllcorner    40.041666655981
cellsize     0.083333333333
NODATA_value  9.9692099683868690468e+36
[rows 72 to 89 of 120, columns 0 to 39 of 121]
17.358613967895507813 17.353656768798828125 17.340936660766601563 17.331075668334960938 17.324981689453125 17.324052810668945313 17.327877044677734375 17.334140777587890625 17.334253311157226563 17.303897857666015625 17.193807601928710938 16.939493179321289063 16.549989700317382813 16.200788497924804688 15.953861236572265625 15.835791587829589844 15.835515975952148438 15.878010749816894531 15.908057212829589844 15.796346664428710938 15.578363418579101563 15.388868331909179688 15.299465179443359375 15.345698356628417969 15.502935409545898438 15.829331398010253906 16.449781417846679688 16.953325271606445313 17.136219024658203125 17.15451812744140625 17.1732940673828125 17.175333023071289063 17.135648727416992188 17.076982498168945313 17.03508758544921875 17.012981414794921875 17.001920700073242188 16.996160507202148438 16.991041183471679688 16.98577880859375
17.335330963134765625 17.33699798583984375 17.328418731689453125 17.313129425048828125 17.297574996948242188 17.28429412841796875 17.274993896484375 17.268953323364257813 17.27471160888671875 17.291385650634765625 17.306276321411132813 17.2792816162109375 17.081432342529296875 16.7248382568359375 16.384908676147460938 16.153467178344726563 16.046205520629882813 16.0039825439453125 15.984964370727539063 15.892443656921386719 15.660672187805175781 15.454096794128417969 15.382547378540039063 15.624154090881347656 16.038904190063476563 16.565523147583007813 16.987291336059570313 17.0570831298828125 17.067125320434570313 17.1179656982421875 17.175077438354492188 17.16445159912109375 17.072027206420898438 16.975969314575195313 16.9178924560546875 16.8749237060546875 16.841846466064453125 16.817975997924804688 16.802598953247070313 16.80081939697265625
17.280855178833007813 17.295864105224609375 17.303625106811523438 17.299358367919921875 17.289815902709960938 17.277353286743164063 17.26976776123046875 17.256580352783203125 17.243238449096679688 17.225778579711914063 17.223299026489257813 17.247589111328125 17.245754241943359375 17.08528900146484375 16.774997711181640625 16.451875686645507813 16.230159759521484375 16.065517425537109375 15.931578636169433594 15.762612342834472656 15.5603179931640625 15.509799957275390625 15.892663955688476563 16.457019805908203125 16.827816009521484375 16.966400146484375 16.995840072631835938 17.020910263061523438 17.047857284545898438 17.076700210571289063 17.116107940673828125 17.043210983276367188 16.862430572509765625 16.723016738891601563 16.654054641723632813 16.602865219116210938 16.562992095947265625 16.531198501586914063 16.514202117919921875 16.514978408813476563
17.229740142822265625 17.23743438720703125 17.252561569213867188 17.259510040283203125 17.261686325073242188 17.253557205200195313 17.248865127563476563 17.245557785034179688 17.244501113891601563 17.223178863525390625 17.19246673583984375 17.182828903198242188 17.225122451782226563 17.237270355224609375 17.01371002197265625 16.616237640380859375 16.270681381225585938 15.944629669189453125 15.711343765258789063 15.577978134155273438 15.656728744506835938 16.167415618896484375 16.746755599975585938 16.926927566528320313 16.939228057861328125 16.936681747436523438 16.947263717651367188 16.942380905151367188 16.933223724365234375 16.975622177124023438 17.030731201171875 16.917013168334960938 16.673002243041992188 16.51972198486328125 16.456546783447265625 16.419797897338867188 16.399181365966796875 16.38271331787109375 16.374294281005859375 16.369752883911132813
17.248439788818359375 17.238145828247070313 17.240510940551757813 17.24178314208984375 17.247501373291015625 17.248750686645507813 17.24550628662109375 17.242948532104492188 17.240795135498046875 17.227993011474609375 17.204397201538085938 17.16851806640625 17.187631607055664063 17.246036529541015625 17.123073577880859375 16.705511093139648438 16.219934463500976563 15.791797637939453125 15.6340179443359375 15.799022674560546875 16.314641952514648438 16.784360885620117188 16.90781402587890625 16.91284942626953125 16.909482955932617188 16.903833389282226563 16.897562026977539063 16.887987136840820313 16.886453628540039063 16.931673049926757813 16.976619720458984375 16.809438705444335938 16.534463882446289063 16.41440582275390625 16.39015960693359375 16.37387847900390625 16.3663482666015625 16.358856201171875 16.35587310791015625 16.354045867919921875
17.428861618041992188 17.363498687744140625 17.31209564208984375 17.279123306274414063 17.259626388549804688 17.254819869995117188 17.250314712524414063 17.248704910278320313 17.247379302978515625 17.240552902221679688 17.218061447143554688 17.181110382080078125 17.162685394287109375 17.232358932495117188 17.184179306030273438 16.791646957397460938 16.182428359985351563 15.762907028198242188 15.869639396667480469 16.387727737426757813 16.782421112060546875 16.899538040161132813 16.915544509887695313 16.90988922119140625 16.903333663940429688 16.889911651611328125 16.880941390991210938 16.8694610595703125 16.855459213256835938 16.896612167358398438 16.932170867919921875 16.725505828857421875 16.426847457885742188 16.361623764038085938 16.3667755126953125 16.354707717895507813 16.357311248779296875 16.363147735595703125 16.369541168212890625 16.379838943481445313
17.679700851440429688 17.607286453247070313 17.523712158203125 17.442104339599609375 17.371774673461914063 17.321514129638671875 17.285076141357421875 17.273340225219726563 17.2626190185546875 17.260835647583007813 17.2323455810546875 17.21015167236328125 17.161891937255859375 17.218351364135742188 17.222757339477539063 16.882663726806640625 16.2387542724609375 15.846441268920898438 16.133581161499023438 16.654092788696289063 16.860979080200195313 16.907590866088867188 16.919023513793945313 16.915369033813476563 16.883098602294921875 16.859609603881835938 16.848173141479492188 16.83477020263671875 16.822023391723632813 16.868890762329101563 16.902212142944335938 16.671632766723632813 16.377315521240234375 16.3513031005859375 16.369115829467773438 16.365495681762695313 16.398746490478515625 16.428899765014648438 16.452184677124023438 16.48325347900390625
17.7570343017578125 17.729381561279296875 17.677125930786132813 17.609647750854492188 17.531103134155273438 17.466388702392578125 17.40593719482421875 17.3674163818359375 17.329921722412109375 17.308698654174804688 17.2614593505859375 17.248416900634765625 17.188600540161132813 17.21530914306640625 17.25103759765625 16.983325958251953125 16.346706390380859375 15.938603401184082031 16.21517181396484375 16.68199920654296875 16.85739898681640625 16.904596328735351563 16.920286178588867188 16.902845382690429688 16.846521377563476563 16.81803131103515625 16.804613113403320313 16.79080963134765625 16.793138504028320313 16.848398208618164063 16.88436126708984375 16.640153884887695313 16.359973907470703125 16.359851837158203125 16.400354385375976563 16.417755126953125 16.467458724975585938 16.504461288452148438 16.536043167114257813 16.570331573486328125
17.694242477416992188 17.727739334106445313 17.734865188598632813 17.713560104370117188 17.669351577758789063 17.621545791625976563 17.553682327270507813 17.493457794189453125 17.429330825805664063 17.37779998779296875 17.312747955322265625 17.28990936279296875 17.247714996337890625 17.22095489501953125 17.271409988403320313 17.114368438720703125 16.53838348388671875 16.076059341430664063 16.227468490600585938 16.625988006591796875 16.82958984375 16.899017333984375 16.921298980712890625 16.87105560302734375 16.800691604614257813 16.765523910522460938 16.74823760986328125 16.741092681884765625 16.757432937622070313 16.816127777099609375 16.871892929077148438 16.654584884643554688 16.361688613891601563 16.379522323608398438 16.431041717529296875 16.437208175659179688 16.481660842895507813 16.538690567016601563 16.593128204345703125 16.635807037353515625
17.556962966918945313 17.6282958984375 17.687648773193359375 17.713344573974609375 17.700771331787109375 17.663928985595703125 17.5997772216796875 17.540618896484375 17.477878570556640625 17.418157577514648438 17.350749969482421875 17.3199920654296875 17.310237884521484375 17.251544952392578125 17.29050445556640625 17.222848892211914063 16.730455398559570313 16.23262786865234375 16.251522064208984375 16.582635879516601563 16.807373046875 16.89736175537109375 16.898286819458007813 16.811082839965820313 16.745632171630859375 16.714094161987304688 16.6959991455078125 16.69658660888671875 16.720174789428710938 16.777347564697265625 16.866573333740234375 16.710279464721679688 16.380069732666015625 16.378551483154296875 16.42407989501953125 16.408807754516601563 16.440216064453125 16.5132904052734375 16.5896759033203125 16.646823883056640625
17.50357818603515625 17.542154312133789063 17.61026763916015625 17.662965774536132813 17.6730194091796875 17.647739410400390625 17.600275039672851563 17.561649322509765625 17.50354766845703125 17.440753936767578125 17.377819061279296875 17.347963333129882813 17.349771499633789063 17.280307769775390625 17.301692962646484375 17.2879486083984375 16.869306564331054688 16.358057022094726563 16.307207107543945313 16.5948028564453125 16.813350677490234375 16.889225006103515625 16.836383819580078125 16.745573043823242188 16.687709808349609375 16.659738540649414063 16.652173995971679688 16.668827056884765625 16.695249557495117188 16.739568710327148438 16.848674774169921875 16.771371841430664063 16.4204864501953125 16.360858917236328125 16.396556854248046875 16.356231689453125 16.353748321533203125 16.427539825439453125 16.535671234130859375 16.627828598022460938
17.496168136596679688 17.493494033813476563 17.545164108276367188 17.604074478149414063 17.639965057373046875 17.646581649780273438 17.6272430419921875 17.600666046142578125 17.54341888427734375 17.490053176879882813 17.438770294189453125 17.407604217529296875 17.401151657104492188 17.308017730712890625 17.308778762817382813 17.321851730346679688 16.998426437377929688 16.48441314697265625 16.385263442993164063 16.624036788940429688 16.802816390991210938 16.817186355590820313 16.732069015502929688 16.659574508666992188 16.606798171997070313 16.59429168701171875 16.6207733154296875 16.669216156005859375 16.704807281494140625 16.713418960571289063 16.801515579223632813 16.846277236938476563 16.508388519287109375 16.348642349243164063 16.357320785522460938 16.310335159301757813 16.26650238037109375 16.310270309448242188 16.427576065063476563 16.558473587036132813
17.482240676879882813 17.479120254516601563 17.512762069702148438 17.562650680541992188 17.610319137573242188 17.637508392333984375 17.642772674560546875 17.633127212524414063 17.5941162109375 17.557788848876953125 17.511739730834960938 17.47324371337890625 17.440624237060546875 17.326801300048828125 17.3112640380859375 17.32961273193359375 17.072505950927734375 16.574087142944335938 16.447277069091796875 16.629755020141601563 16.737585067749023438 16.694700241088867188 16.616411209106445313 16.563472747802734375 16.542329788208007813 16.576189041137695313 16.659658432006835938 16.739381790161132813 16.782192230224609375 16.747266769409179688 16.765058517456054688 16.880901336669921875 16.618482589721679688 16.362407684326171875 16.3181915283203125 16.278530120849609375 16.246707916259765625 16.2770233154296875 16.375585556030273438 16.501720428466796875
17.465295791625976563 17.47150421142578125 17.502603530883789063 17.551425933837890625 17.598127365112304688 17.63074493408203125 17.646146774291992188 17.6457366943359375 17.623846054077148438 17.596256256103515625 17.552967071533203125 17.517217636108398438 17.467327117919921875 17.344469070434570313 17.31931304931640625 17.3282623291015625 17.080015182495117188 16.607067108154296875 16.477968215942382813 16.607206344604492188 16.639923095703125 16.5869903564453125 16.526262283325195313 16.512510299682617188 16.55071258544921875 16.664384841918945313 16.80686187744140625 16.907192230224609375 16.928045272827148438 16.848033905029296875 16.772233963012695313 16.885440826416015625 16.68875885009765625 16.378293991088867188 16.29000091552734375 16.275777816772460938 16.288496017456054688 16.364528656005859375 16.504789352416992188 16.617969512939453125
17.471012115478515625 17.491807937622070313 17.5310821533203125 17.578569412231445313 17.614191055297851563 17.635957717895507813 17.644033432006835938 17.643686294555664063 17.63376617431640625 17.61774444580078125 17.5846710205078125 17.560480117797851563 17.5067138671875 17.37810516357421875 17.331060409545898438 17.322072982788085938 17.064397811889648438 16.6202545166015625 16.50740814208984375 16.561220169067382813 16.522996902465820313 16.485448837280273438 16.502414703369140625 16.601963043212890625 16.778337478637695313 16.99066162109375 17.1573333740234375 17.232896804809570313 17.1876068115234375 17.025419235229492188 16.840007781982421875 16.889913558959960938 16.759290695190429688 16.408624649047851563 16.28847503662109375 16.31937408447265625 16.371923446655273438 16.521900177001953125 16.752096176147460938 16.9306640625
17.542673110961914063 17.556371688842773438 17.581521987915039063 17.60465240478515625 17.612552642822265625 17.617259979248046875 17.62053680419921875 17.628141403198242188 17.626987457275390625 17.623556137084960938 17.607168197631835938 17.586704254150390625 17.528539657592773438 17.396575927734375 17.335435867309570313 17.2921295166015625 17.0047760009765625 16.59503173828125 16.524271011352539063 16.482486724853515625 16.4511260986328125 16.516408920288085938 16.685037612915039063 16.94286346435546875 17.24349212646484375 17.4512481689453125 17.523454666137695313 17.516191482543945313 17.412939071655273438 17.19078826904296875 16.923894882202148438 16.903583526611328125 16.8293304443359375 16.4726715087890625 16.332906723022460938 16.364755630493164063 16.403444290161132813 16.534471511840820313 16.758714675903320313 16.986623764038085938
17.5775604248046875 17.582307815551757813 17.588336944580078125 17.593158721923828125 17.59568023681640625 17.6015167236328125 17.611936569213867188 17.628831863403320313 17.634735107421875 17.629400253295898438 17.618928909301757813 17.590145111083984375 17.515783309936523438 17.3910369873046875 17.332672119140625 17.243482589721679688 16.901752471923828125 16.555629730224609375 16.484247207641601563 16.435266494750976563 16.526334762573242188 16.72475433349609375 17.01883697509765625 17.364477157592773438 17.580289840698242188 17.603368759155273438 17.589681625366210938 17.558427810668945313 17.456956863403320313 17.24269866943359375 16.96722412109375 16.914600372314453125 16.90485382080078125 16.57830810546875 16.42230987548828125 16.416746139526367188 16.411081314086914063 16.468858718872070313 16.633306503295898438 16.881586074829101563
17.620197296142578125 17.608997344970703125 17.603563308715820313 17.60637664794921875 17.615282058715820313 17.624368667602539063 17.642206192016601563 17.659929275512695313 17.656980514526367188 17.644735336303710938 17.622125625610351563 17.561069488525390625 17.45420074462890625 17.3410491943359375 17.27256011962890625 17.1112060546875 16.743648529052734375 16.450353622436523438 16.433298110961914063 16.56082916259765625 16.797191619873046875 17.102521896362304688 17.426862716674804688 17.59795379638671875 17.594778060913085938 17.526889801025390625 17.475851058959960938 17.43651580810546875 17.345977783203125 17.1763458251953125 16.965524673461914063 16.936227798461914063 16.997789382934570313 16.74346923828125 16.588972091674804688 16.510761260986328125 16.456441879272460938 16.464616775512695313 16.654500961303710938 17.055952072143554688
