MapLinkProApp/griddata/temperature/ASCII/cmems_mod_glo_phy-thetao_anfc_0,083deg_P1D-m_1702458667101_5,1.asc
ncols        121
nrows        120
xllcorner    -30.041666666667
yllcorner    40.041666655981
cellsize     0.083333333333
NODATA_value  9.9692099683868690468e+36
[rows 90 to 107 of 120, columns 80 to 119 of 121]
16.113061904907226563 16.236494064331054688 16.260396957397460938 16.27974700927734375 16.322595596313476563 16.3131256103515625 16.33038330078125 16.337659835815429688 16.309589385986328125 16.196840286254882813 16.00738525390625 15.876400947570800781 15.844906806945800781 15.816011428833007813 15.768337249755859375 15.720200538635253906 15.721769332885742188 15.777605056762695313 15.843762397766113281 15.934035301208496094 16.06885528564453125 16.250001907348632813 16.47202301025390625 16.711879730224609375 16.8885345458984375 17.083454132080078125 17.3107452392578125 17.28878021240234375 17.1643218994140625 17.144842147827148438 17.1911468505859375 17.243173599243164063 17.283344268798828125 17.289003372192382813 17.280803680419921875 17.27184295654296875 17.270017623901367188 17.26885986328125 17.238800048828125 17.175424575805664063
16.01654052734375 16.089874267578125 16.139036178588867188 16.139928817749023438 16.172588348388671875 16.173463821411132813 16.17412567138671875 16.128170013427734375 16.049648284912109375 15.934456825256347656 15.818594932556152344 15.753418922424316406 15.739782333374023438 15.730020523071289063 15.748599052429199219 15.822505950927734375 15.923035621643066406 16.01136016845703125 16.091642379760742188 16.2081146240234375 16.311878204345703125 16.481868743896484375 16.752532958984375 16.978593826293945313 17.105257034301757813 17.129518508911132813 17.22478485107421875 17.324136734008789063 17.277448654174804688 17.239255905151367188 17.25074005126953125 17.287540435791015625 17.324275970458984375 17.337934494018554688 17.329648971557617188 17.306140899658203125 17.286041259765625 17.302883148193359375 17.323404312133789063 17.312566757202148438
16.02092742919921875 15.980435371398925781 16.051420211791992188 16.0257415771484375 16.001379013061523438 15.967019081115722656 15.9407958984375 15.885210990905761719 15.835023880004882813 15.778038978576660156 15.743649482727050781 15.743368148803710938 15.784801483154296875 15.876096725463867188 16.023447036743164063 16.225481033325195313 16.390544891357421875 16.488368988037109375 16.552951812744140625 16.62188720703125 16.679876327514648438 16.883638381958007813 17.112165451049804688 17.234903335571289063 17.296770095825195313 17.291299819946289063 17.2537689208984375 17.296957015991210938 17.333782196044921875 17.340974807739257813 17.341535568237304688 17.339609146118164063 17.34803009033203125 17.363554000854492188 17.3750762939453125 17.379060745239257813 17.341672897338867188 17.334085464477539063 17.370286941528320313 17.381443023681640625
16.234592437744140625 16.0254974365234375 15.997676849365234375 15.969820976257324219 15.940525054931640625 15.906378746032714844 15.857808113098144531 15.825701713562011719 15.81333160400390625 15.839480400085449219 15.916897773742675781 16.0717620849609375 16.263591766357421875 16.465890884399414063 16.676929473876953125 16.872949600219726563 16.971689224243164063 16.981853485107421875 17.00400543212890625 17.053667068481445313 17.123249053955078125 17.268861770629882813 17.305774688720703125 17.307291030883789063 17.290966033935546875 17.272533416748046875 17.258123397827148438 17.255382537841796875 17.267749786376953125 17.280200958251953125 17.284313201904296875 17.28212738037109375 17.299448013305664063 17.325071334838867188 17.360393524169921875 17.395578384399414063 17.389223098754882813 17.3647918701171875 17.404169082641601563 17.414628982543945313
16.435976028442382813 16.208936691284179688 16.137018203735351563 16.08910369873046875 15.96446990966796875 15.878337860107421875 15.8614501953125 15.87218475341796875 15.944814682006835938 16.134082794189453125 16.449687957763671875 16.775316238403320313 16.965414047241210938 17.043012619018554688 17.1111907958984375 17.158946990966796875 17.1815643310546875 17.188215255737304688 17.195322036743164063 17.2091522216796875 17.217386245727539063 17.205472946166992188 17.184024810791015625 17.161165237426757813 17.140207290649414063 17.13603973388671875 17.127712249755859375 17.111925125122070313 17.087917327880859375 17.075292587280273438 17.073724746704101563 17.106382369995117188 17.17990875244140625 17.259496688842773438 17.328731536865234375 17.397754669189453125 17.427637100219726563 17.39868927001953125 17.429241180419921875 17.436990737915039063
16.577455520629882813 16.325626373291015625 16.213815689086914063 16.221044540405273438 16.138980865478515625 16.000513076782226563 15.910207748413085938 15.94023895263671875 16.085399627685546875 16.394548416137695313 16.804979324340820313 17.05187225341796875 17.099102020263671875 17.116819381713867188 17.140920639038085938 17.153766632080078125 17.1331787109375 17.097475051879882813 17.0786895751953125 17.078065872192382813 17.088018417358398438 17.09062957763671875 17.087591171264648438 17.083127975463867188 17.109064102172851563 17.182661056518554688 17.206096649169921875 17.170747756958007813 17.089000701904296875 16.984567642211914063 16.932378768920898438 16.97539520263671875 17.1001129150390625 17.224079132080078125 17.322565078735351563 17.416828155517578125 17.46050262451171875 17.439716339111328125 17.444356918334960938 17.459781646728515625
16.734727859497070313 16.47161865234375 16.28882598876953125 16.283290863037109375 16.299076080322265625 16.222911834716796875 16.109500885009765625 16.049282073974609375 16.126993179321289063 16.385107040405273438 16.718736648559570313 16.962846755981445313 17.056013107299804688 17.077203750610351563 17.085939407348632813 17.0789337158203125 17.04575347900390625 17.005262374877929688 16.980419158935546875 16.980485916137695313 17.02272796630859375 17.062465667724609375 17.083545684814453125 17.103000640869140625 17.208749771118164063 17.371149063110351563 17.428312301635742188 17.378999710083007813 17.277746200561523438 17.1238555908203125 16.960920333862304688 16.932088851928710938 17.049190521240234375 17.207485198974609375 17.325910568237304688 17.433729171752929688 17.48615264892578125 17.4727783203125 17.460783004760742188 17.470651626586914063
16.847154617309570313 16.631410598754882813 16.381280899047851563 16.30835723876953125 16.367694854736328125 16.3907470703125 16.350538253784179688 16.290559768676757813 16.231609344482421875 16.248136520385742188 16.388286590576171875 16.625951766967773438 16.852643966674804688 16.96197509765625 16.994009017944335938 17.010585784912109375 16.996135711669921875 16.966890335083007813 16.931776046752929688 16.898138046264648438 16.93050384521484375 17.006734848022460938 17.056634902954101563 17.112630844116210938 17.343387603759765625 17.548954010009765625 17.55538177490234375 17.451154708862304688 17.333505630493164063 17.2290496826171875 17.044145584106445313 16.949270248413085938 17.040008544921875 17.212076187133789063 17.342027664184570313 17.451723098754882813 17.512928009033203125 17.50606536865234375 17.486394882202148438 17.4951171875
16.874841690063476563 16.745090484619140625 16.481098175048828125 16.3291015625 16.343187332153320313 16.39167022705078125 16.412347793579101563 16.425031661987304688 16.415937423706054688 16.384344100952148438 16.358758926391601563 16.36731719970703125 16.448047637939453125 16.623371124267578125 16.791706085205078125 16.8851165771484375 16.898523330688476563 16.90093994140625 16.895208358764648438 16.850231170654296875 16.83089447021484375 16.902273178100585938 16.983930587768554688 17.125108718872070313 17.482774734497070313 17.657224655151367188 17.562610626220703125 17.369304656982421875 17.231479644775390625 17.171422958374023438 17.065637588500976563 16.986307144165039063 17.080297470092773438 17.261455535888671875 17.4106292724609375 17.514955520629882813 17.5631103515625 17.547504425048828125 17.512468338012695313 17.546018600463867188
16.863660812377929688 16.830213546752929688 16.635255813598632813 16.40792083740234375 16.323560714721679688 16.32117462158203125 16.314592361450195313 16.315235137939453125 16.342309951782226563 16.385377883911132813 16.418989181518554688 16.442111968994140625 16.466037750244140625 16.506948471069335938 16.572406768798828125 16.665178298950195313 16.731792449951171875 16.776586532592773438 16.806192398071289063 16.786594390869140625 16.76485443115234375 16.828824996948242188 16.951589584350585938 17.219038009643554688 17.621084213256835938 17.711248397827148438 17.5449066162109375 17.331930160522460938 17.180286407470703125 17.097269058227539063 17.04113006591796875 17.026994705200195313 17.173910140991210938 17.360225677490234375 17.503011703491210938 17.60162353515625 17.64060211181640625 17.61157989501953125 17.528482437133789063 17.535221099853515625
16.837947845458984375 16.869009017944335938 16.808893203735351563 16.629110336303710938 16.450897216796875 16.351564407348632813 16.301248550415039063 16.286069869995117188 16.28533172607421875 16.270441055297851563 16.26453399658203125 16.30300140380859375 16.380588531494140625 16.463510513305664063 16.53214263916015625 16.593317031860351563 16.631696701049804688 16.649707794189453125 16.671724319458007813 16.671823501586914063 16.700458526611328125 16.81697845458984375 17.01708984375 17.429349899291992188 17.783834457397460938 17.763978958129882813 17.588132858276367188 17.392742156982421875 17.229732513427734375 17.136684417724609375 17.111583709716796875 17.17296600341796875 17.33984375 17.503705978393554688 17.621997833251953125 17.701272964477539063 17.746753692626953125 17.726663589477539063 17.633974075317382813 17.554920196533203125
16.813419342041015625 16.845273971557617188 16.86814117431640625 16.7974395751953125 16.65695953369140625 16.517162322998046875 16.412508010864257813 16.388975143432617188 16.393499374389648438 16.367000579833984375 16.297952651977539063 16.220722198486328125 16.20207977294921875 16.261384963989257813 16.349191665649414063 16.42641448974609375 16.46608734130859375 16.498132705688476563 16.549535751342773438 16.5941619873046875 16.690334320068359375 16.877000808715820313 17.187566757202148438 17.666921615600585938 17.899469375610351563 17.821016311645507813 17.702905654907226563 17.567577362060546875 17.416193008422851563 17.348293304443359375 17.370309829711914063 17.472209930419921875 17.6191253662109375 17.738901138305664063 17.817266464233398438 17.858270645141601563 17.889842987060546875 17.887615203857421875 17.8307647705078125 17.736804962158203125
16.813913345336914063 16.835479736328125 16.867952346801757813 16.857984542846679688 16.785236358642578125 16.667688369750976563 16.559932708740234375 16.50907135009765625 16.500139236450195313 16.484622955322265625 16.4122772216796875 16.289285659790039063 16.182458877563476563 16.159818649291992188 16.21367645263671875 16.293928146362304688 16.379026412963867188 16.48165130615234375 16.571325302124023438 16.630084991455078125 16.736166000366210938 16.942266464233398438 17.332715988159179688 17.793060302734375 17.921718597412109375 17.86920928955078125 17.820421218872070313 17.760126113891601563 17.687894821166992188 17.677789688110351563 17.73773193359375 17.830150604248046875 17.916606903076171875 17.960939407348632813 17.971965789794921875 17.973653793334960938 17.976980209350585938 17.977542877197265625 17.955295562744140625 17.885972976684570313
16.786548614501953125 16.802663803100585938 16.835414886474609375 16.864274978637695313 16.850580215454101563 16.784345626831054688 16.705108642578125 16.65450286865234375 16.627216339111328125 16.582471847534179688 16.478084564208984375 16.3155059814453125 16.1767730712890625 16.13738250732421875 16.193227767944335938 16.312089920043945313 16.462423324584960938 16.60334014892578125 16.681894302368164063 16.704555511474609375 16.780977249145507813 17.000345230102539063 17.41486358642578125 17.8255462646484375 17.919065475463867188 17.865976333618164063 17.857358932495117188 17.866107940673828125 17.861934661865234375 17.876260757446289063 17.917232513427734375 17.9478302001953125 17.961702346801757813 17.9692230224609375 17.979635238647460938 17.990873336791992188 17.99787139892578125 17.996896743774414063 17.984622955322265625 17.93193817138671875
16.850622177124023438 16.861158370971679688 16.870920181274414063 16.883113861083984375 16.880016326904296875 16.85196685791015625 16.816501617431640625 16.792932510375976563 16.758335113525390625 16.667285919189453125 16.47559356689453125 16.2541046142578125 16.12738800048828125 16.129045486450195313 16.231647491455078125 16.40478515625 16.581567764282226563 16.69899749755859375 16.741674423217773438 16.741922378540039063 16.800373077392578125 17.016275405883789063 17.413883209228515625 17.788082122802734375 17.902830123901367188 17.8506622314453125 17.836137771606445313 17.859394073486328125 17.879232406616210938 17.889965057373046875 17.901966094970703125 17.908647537231445313 17.91422271728515625 17.92523956298828125 17.943843841552734375 17.970188140869140625 18.000598907470703125 18.013429641723632813 18.006132125854492188 17.97530364990234375
16.818132400512695313 16.880273818969726563 16.90838623046875 16.92024993896484375 16.92429351806640625 16.9200286865234375 16.90145111083984375 16.846948623657226563 16.722316741943359375 16.522434234619140625 16.29752349853515625 16.16701507568359375 16.160879135131835938 16.203523635864257813 16.288656234741210938 16.439718246459960938 16.589918136596679688 16.679159164428710938 16.716623306274414063 16.738704681396484375 16.808557510375976563 16.9970855712890625 17.324766159057617188 17.683332443237304688 17.853498458862304688 17.870893478393554688 17.836309432983398438 17.822681427001953125 17.8357391357421875 17.848531723022460938 17.852647781372070313 17.85369110107421875 17.852937698364257813 17.85715484619140625 17.875446319580078125 17.91429901123046875 17.9723358154296875 18.009456634521484375 18.030506134033203125 18.018396377563476563
16.733798980712890625 16.689615249633789063 16.690443038940429688 16.699367523193359375 16.6904449462890625 16.65655517578125 16.600772857666015625 16.5254364013671875 16.427457809448242188 16.31671142578125 16.252294540405273438 16.290517807006835938 16.370281219482421875 16.405462265014648438 16.423160552978515625 16.49391937255859375 16.584241867065429688 16.64414215087890625 16.6810302734375 16.72206878662109375 16.801206588745117188 16.957859039306640625 17.175798416137695313 17.437532424926757813 17.673753738403320313 17.826068878173828125 17.87325286865234375 17.855958938598632813 17.8418731689453125 17.8428192138671875 17.837465286254882813 17.828935623168945313 17.813577651977539063 17.804040908813476563 17.81227874755859375 17.854265213012695313 17.933851242065429688 17.982395172119140625 18.028619766235351563 18.040750503540039063
17.30667877197265625 17.1700592041015625 17.054307937622070313 16.992330551147460938 16.984355926513671875 16.996026992797851563 16.996612548828125 16.97388458251953125 16.926273345947265625 16.86380767822265625 16.809793472290039063 16.800779342651367188 16.810327529907226563 16.75556182861328125 16.649789810180664063 16.600439071655273438 16.618221282958984375 16.655193328857421875 16.698995590209960938 16.764400482177734375 16.872476577758789063 17.022859573364257813 17.177318572998046875 17.318220138549804688 17.423940658569335938 17.516376495361328125 17.661558151245117188 17.76944732666015625 17.82944488525390625 17.8474578857421875 17.851869583129882813 17.849063873291015625 17.832777023315429688 17.80422210693359375 17.77991485595703125 17.810728073120117188 17.903245925903320313 17.967180252075195313 18.012096405029296875 18.04393768310546875
