MapLinkProApp/griddata/temperature/ASCII/cmems_mod_glo_phy-thetao_anfc_0,083deg_P1D-m_1702458667101_7,9.asc
ncols        121
nrows        120
xllcorner    -30.041666666667
yllcorner    40.041666655981
cellsize     0.083333333333
NODATA_value  9.9692099683868690468e+36
[rows 18 to 35 of 120, columns 80 to 119 of 121]
13.737746238708496094 13.739006996154785156 13.769921302795410156 13.831868171691894531 13.920221328735351563 14.016231536865234375 14.089695930480957031 14.131814002990722656 14.137450218200683594 14.121321678161621094 14.094188690185546875 14.063860893249511719 14.036645889282226563 14.013533592224121094 13.998271942138671875 13.987418174743652344 13.966364860534667969 13.936764717102050781 13.900296211242675781 13.85053253173828125 13.783712387084960938 13.710491180419921875 13.634552955627441406 13.564729690551757813 13.505359649658203125 13.460280418395996094 13.443766593933105469 13.457178115844726563 13.466340065002441406 13.425713539123535156 13.386135101318359375 13.488346099853515625 13.643528938293457031 13.807264328002929688 14.029381752014160156 14.163788795471191406 14.131127357482910156 14.064687728881835938 14.042455673217773438 14.035320281982421875
13.723807334899902344 13.757472038269042969 13.85260009765625 13.990041732788085938 14.12085723876953125 14.200512886047363281 14.224358558654785156 14.214826583862304688 14.181391716003417969 14.143280982971191406 14.109274864196777344 14.077749252319335938 14.051224708557128906 14.029998779296875 14.0117034912109375 13.998177528381347656 13.983463287353515625 13.95911407470703125 13.924584388732910156 13.882990837097167969 13.831464767456054688 13.765557289123535156 13.6938629150390625 13.622933387756347656 13.557413101196289063 13.517548561096191406 13.50897216796875 13.503281593322753906 13.466579437255859375 13.408213615417480469 13.431880950927734375 13.56551361083984375 13.706287384033203125 13.890283584594726563 14.129871368408203125 14.236060142517089844 14.191418647766113281 14.121087074279785156 14.110774993896484375 14.10646820068359375
13.756298065185546875 13.879062652587890625 14.050267219543457031 14.206709861755371094 14.285162925720214844 14.28382110595703125 14.243700027465820313 14.180921554565429688 14.119221687316894531 14.069230079650878906 14.034030914306640625 14.01178741455078125 14.004302024841308594 14.002599716186523438 13.995906829833984375 13.988223075866699219 13.975484848022460938 13.950621604919433594 13.921850204467773438 13.887961387634277344 13.841576576232910156 13.778681755065917969 13.698830604553222656 13.632106781005859375 13.601332664489746094 13.576506614685058594 13.528735160827636719 13.478444099426269531 13.44623565673828125 13.445906639099121094 13.520089149475097656 13.637051582336425781 13.753092765808105469 13.944059371948242188 14.190209388732910156 14.330427169799804688 14.346729278564453125 14.304098129272460938 14.271612167358398438 14.22382354736328125
13.961730003356933594 14.138693809509277344 14.27729034423828125 14.323401451110839844 14.297116279602050781 14.22198486328125 14.123783111572265625 14.034911155700683594 13.96575927734375 13.922255516052246094 13.897692680358886719 13.894298553466796875 13.909201622009277344 13.930006980895996094 13.949597358703613281 13.959955215454101563 13.957071304321289063 13.931595802307128906 13.889783859252929688 13.839844703674316406 13.788089752197265625 13.732291221618652344 13.687518119812011719 13.652416229248046875 13.601018905639648438 13.531689643859863281 13.487043380737304688 13.4897918701171875 13.511216163635253906 13.544748306274414063 13.615790367126464844 13.695722579956054688 13.774559974670410156 13.927728652954101563 14.1461639404296875 14.314043998718261719 14.411930084228515625 14.438596725463867188 14.424974441528320313 14.354810714721679688
14.222050666809082031 14.335939407348632813 14.350638389587402344 14.311900138854980469 14.201847076416015625 14.062082290649414063 13.9285430908203125 13.844295501708984375 13.804059028625488281 13.794878959655761719 13.801654815673828125 13.82330322265625 13.849141120910644531 13.876354217529296875 13.897295951843261719 13.900065422058105469 13.89327239990234375 13.872994422912597656 13.843239784240722656 13.796697616577148438 13.732290267944335938 13.66352081298828125 13.604595184326171875 13.556278228759765625 13.545973777770996094 13.592925071716308594 13.661610603332519531 13.704326629638671875 13.712772369384765625 13.721022605895996094 13.749612808227539063 13.769744873046875 13.788496971130371094 13.880522727966308594 14.044507026672363281 14.19336700439453125 14.30364227294921875 14.375156402587890625 14.403158187866210938 14.401706695556640625
14.31975555419921875 14.352879524230957031 14.32497406005859375 14.219232559204101563 14.062712669372558594 13.90222930908203125 13.813327789306640625 13.795666694641113281 13.811586380004882813 13.823461532592773438 13.832605361938476563 13.849390983581542969 13.867545127868652344 13.88274383544921875 13.881709098815917969 13.870425224304199219 13.830843925476074219 13.781619071960449219 13.714019775390625 13.646060943603515625 13.600830078125 13.606203079223632813 13.638090133666992188 13.681448936462402344 13.788806915283203125 13.934575080871582031 14.011474609375 13.995203018188476563 13.946154594421386719 13.907247543334960938 13.874860763549804688 13.835526466369628906 13.806061744689941406 13.831492424011230469 13.928429603576660156 14.060359954833984375 14.182370185852050781 14.257206916809082031 14.292117118835449219 14.319542884826660156
14.353216171264648438 14.339264869689941406 14.237554550170898438 14.071718215942382813 13.89864349365234375 13.812369346618652344 13.81618499755859375 13.822960853576660156 13.811402320861816406 13.799901008605957031 13.786886215209960938 13.769041061401367188 13.752077102661132813 13.73067474365234375 13.705704689025878906 13.677256584167480469 13.659722328186035156 13.661625862121582031 13.696215629577636719 13.779399871826171875 13.886582374572753906 13.981730461120605469 14.081076622009277344 14.1581573486328125 14.209951400756835938 14.240887641906738281 14.2512664794921875 14.233258247375488281 14.188475608825683594 14.12317657470703125 14.041486740112304688 13.959468841552734375 13.898339271545410156 13.86469268798828125 13.864889144897460938 13.914851188659667969 14.026494026184082031 14.147734642028808594 14.221316337585449219 14.250315666198730469
14.377299308776855469 14.299550056457519531 14.15825653076171875 13.9749755859375 13.834790229797363281 13.803226470947265625 13.814724922180175781 13.78905487060546875 13.750575065612792969 13.717799186706542969 13.68732452392578125 13.671635627746582031 13.666176795959472656 13.671834945678710938 13.701171875 13.765760421752929688 13.874957084655761719 14.00319671630859375 14.096561431884765625 14.166291236877441406 14.209499359130859375 14.221354484558105469 14.241268157958984375 14.2633514404296875 14.292588233947753906 14.329355239868164063 14.370082855224609375 14.409392356872558594 14.439670562744140625 14.452778816223144531 14.438345909118652344 14.398250579833984375 14.344707489013671875 14.285582542419433594 14.219983100891113281 14.135759353637695313 14.054263114929199219 14.050241470336914063 14.109732627868652344 14.166018486022949219
14.351719856262207031 14.243004798889160156 14.091615676879882813 13.91286468505859375 13.80742645263671875 13.798963546752929688 13.790761947631835938 13.746568679809570313 13.714627265930175781 13.702364921569824219 13.704302787780761719 13.726200103759765625 13.776190757751464844 13.846915245056152344 13.945665359497070313 14.04705810546875 14.119290351867675781 14.160154342651367188 14.176359176635742188 14.182488441467285156 14.195424079895019531 14.21790313720703125 14.255762100219726563 14.304837226867675781 14.363094329833984375 14.419078826904296875 14.462778091430664063 14.491173744201660156 14.508882522583007813 14.522198677062988281 14.540258407592773438 14.565660476684570313 14.589565277099609375 14.602304458618164063 14.593441963195800781 14.529141426086425781 14.377221107482910156 14.203943252563476563 14.12157440185546875 14.126132965087890625
14.323531150817871094 14.210999488830566406 14.067693710327148438 13.895092964172363281 13.793181419372558594 13.781880378723144531 13.773738861083984375 13.742718696594238281 13.743555068969726563 13.765619277954101563 13.797372817993164063 13.850635528564453125 13.936198234558105469 14.03031158447265625 14.105462074279785156 14.144862174987792969 14.150143623352050781 14.12874603271484375 14.1143646240234375 14.155131340026855469 14.259758949279785156 14.376557350158691406 14.49359893798828125 14.586005210876464844 14.648271560668945313 14.689708709716796875 14.714909553527832031 14.73004150390625 14.737933158874511719 14.737758636474609375 14.733073234558105469 14.726593971252441406 14.719972610473632813 14.720877647399902344 14.740291595458984375 14.747051239013671875 14.65818023681640625 14.461513519287109375 14.2704010009765625 14.167964935302734375
14.3050689697265625 14.202381134033203125 14.079236984252929688 13.911390304565429688 13.797330856323242188 13.780499458312988281 13.785523414611816406 13.774504661560058594 13.79021453857421875 13.839023590087890625 13.893707275390625 13.938967704772949219 13.991198539733886719 14.058553695678710938 14.106091499328613281 14.114744186401367188 14.090219497680664063 14.050732612609863281 14.082757949829101563 14.266534805297851563 14.485833168029785156 14.626757621765136719 14.702345848083496094 14.72867584228515625 14.734155654907226563 14.733813285827636719 14.735363006591796875 14.74008941650390625 14.75038909912109375 14.76555633544921875 14.785882949829101563 14.809596061706542969 14.834583282470703125 14.853710174560546875 14.865826606750488281 14.87293243408203125 14.838881492614746094 14.708157539367675781 14.498417854309082031 14.294344902038574219
14.2873077392578125 14.195219039916992188 14.10784149169921875 13.965607643127441406 13.827663421630859375 13.779790878295898438 13.782719612121582031 13.784434318542480469 13.804617881774902344 13.87064361572265625 13.988824844360351563 14.079984664916992188 14.100502967834472656 14.091983795166015625 14.100581169128417969 14.089010238647460938 14.018225669860839844 13.9862823486328125 14.179852485656738281 14.488162994384765625 14.646967887878417969 14.686930656433105469 14.706583976745605469 14.725750923156738281 14.736567497253417969 14.736859321594238281 14.737588882446289063 14.736657142639160156 14.734697341918945313 14.736119270324707031 14.744550704956054688 14.763119697570800781 14.793313026428222656 14.830695152282714844 14.868124008178710938 14.898177146911621094 14.901592254638671875 14.842259407043457031 14.693131446838378906 14.464148521423339844
14.275385856628417969 14.1816253662109375 14.120784759521484375 14.02022552490234375 13.879513740539550781 13.803653717041015625 13.790696144104003906 13.785273551940917969 13.779966354370117188 13.804416656494140625 13.899262428283691406 14.050384521484375 14.138501167297363281 14.152685165405273438 14.125615119934082031 14.029712677001953125 13.9062957763671875 14.008157730102539063 14.335918426513671875 14.596124649047851563 14.670968055725097656 14.712788581848144531 14.772755622863769531 14.798979759216308594 14.804742813110351563 14.803575515747070313 14.796613693237304688 14.790719032287597656 14.785036087036132813 14.784032821655273438 14.784464836120605469 14.786053657531738281 14.788730621337890625 14.795935630798339844 14.813310623168945313 14.84400177001953125 14.881140708923339844 14.901723861694335938 14.872808456420898438 14.753002166748046875
14.274682998657226563 14.158555984497070313 14.10504913330078125 14.060428619384765625 13.950028419494628906 13.86255645751953125 13.820909500122070313 13.799088478088378906 13.784961700439453125 13.779864311218261719 13.792848587036132813 13.847756385803222656 13.938239097595214844 13.987593650817871094 13.957068443298339844 13.865863800048828125 13.904700279235839844 14.189971923828125 14.505749702453613281 14.656462669372558594 14.710764884948730469 14.784384727478027344 14.816434860229492188 14.817471504211425781 14.816106796264648438 14.812115669250488281 14.806529045104980469 14.802479743957519531 14.801468849182128906 14.807051658630371094 14.815755844116210938 14.824679374694824219 14.828977584838867188 14.827975273132324219 14.825298309326171875 14.823489189147949219 14.837743759155273438 14.870699882507324219 14.899518013000488281 14.895376205444335938
14.296917915344238281 14.151577949523925781 14.05670166015625 14.04741668701171875 14.0031585693359375 13.918498039245605469 13.873558998107910156 13.84949493408203125 13.827788352966308594 13.803654670715332031 13.775492668151855469 13.763611793518066406 13.776041030883789063 13.786084175109863281 13.758370399475097656 13.828952789306640625 14.157016754150390625 14.472235679626464844 14.633298873901367188 14.702012062072753906 14.779513359069824219 14.821763992309570313 14.832807540893554688 14.841091156005859375 14.846204757690429688 14.844117164611816406 14.836193084716796875 14.825598716735839844 14.817018508911132813 14.817622184753417969 14.825907707214355469 14.836150169372558594 14.837718963623046875 14.833711624145507813 14.830111503601074219 14.829133987426757813 14.832325935363769531 14.841444969177246094 14.8599395751953125 14.881604194641113281
14.374257087707519531 14.274532318115234375 14.128304481506347656 14.018209457397460938 13.976569175720214844 13.939564704895019531 13.895985603332519531 13.851698875427246094 13.813672065734863281 13.78292083740234375 13.751584053039550781 13.726691246032714844 13.711672782897949219 13.69704437255859375 13.730116844177246094 14.016665458679199219 14.387042045593261719 14.596410751342773438 14.67420196533203125 14.749143600463867188 14.813808441162109375 14.83164215087890625 14.844491958618164063 14.85385894775390625 14.86133575439453125 14.863130569458007813 14.856920242309570313 14.840728759765625 14.8224334716796875 14.816415786743164063 14.824463844299316406 14.838744163513183594 14.833415031433105469 14.808141708374023438 14.783143997192382813 14.774792671203613281 14.780829429626464844 14.796506881713867188 14.815825462341308594 14.834888458251953125
14.469086647033691406 14.409444808959960938 14.3389892578125 14.235661506652832031 14.103179931640625 13.959492683410644531 13.851870536804199219 13.810039520263671875 13.792146682739257813 13.750111579895019531 13.699205398559570313 13.667582511901855469 13.648392677307128906 13.663377761840820313 13.867897987365722656 14.269651412963867188 14.54087066650390625 14.644511222839355469 14.705165863037109375 14.785502433776855469 14.815228462219238281 14.827647209167480469 14.840277671813964844 14.851376533508300781 14.862927436828613281 14.870637893676757813 14.8744659423828125 14.861290931701660156 14.830782890319824219 14.808171272277832031 14.81343841552734375 14.843780517578125 14.850358963012695313 14.813434600830078125 14.757229804992675781 14.718021392822265625 14.706601142883300781 14.7182769775390625 14.74326324462890625 14.773749351501464844
14.623508453369140625 14.610780715942382813 14.583024978637695313 14.516259193420410156 14.4102020263671875 14.252982139587402344 14.050305366516113281 13.843583106994628906 13.711317062377929688 13.68834686279296875 13.668269157409667969 13.624455451965332031 13.6071014404296875 13.692191123962402344 14.030017852783203125 14.417314529418945313 14.602330207824707031 14.657205581665039063 14.72607421875 14.793711662292480469 14.80338287353515625 14.804619789123535156 14.802552223205566406 14.807425498962402344 14.820159912109375 14.843511581420898438 14.868859291076660156 14.871680259704589844 14.847538948059082031 14.798770904541015625 14.772683143615722656 14.82097625732421875 14.875166893005371094 14.866921424865722656 14.801267623901367188 14.734559059143066406 14.695348739624023438 14.6813201904296875 14.686747550964355469 14.704877853393554688
