MapLinkProApp/griddata/temperature/ASCII/cmems_mod_glo_phy-thetao_anfc_0,083deg_P1D-m_1702458667101_1,5.asc
ncols        121
nrows        120
xllcorner    -30.041666666667
yllcorner    40.041666655981
cellsize     0.083333333333
NODATA_value  9.9692099683868690468e+36
[rows 72 to 89 of 120, columns 80 to 119 of 121]
16.018739700317382813 16.031131744384765625 16.035358428955078125 16.033838272094726563 16.027446746826171875 16.019681930541992188 16.008691787719726563 15.996251106262207031 15.9850006103515625 15.972196578979492188 15.961773872375488281 15.954010009765625 15.943860054016113281 15.905391693115234375 15.830904960632324219 15.777997970581054688 15.749934196472167969 15.690462112426757813 15.615529060363769531 15.562470436096191406 15.542263984680175781 15.553327560424804688 15.595933914184570313 15.659740447998046875 15.719670295715332031 15.742156982421875 15.722697257995605469 15.643126487731933594 15.562025070190429688 15.529665946960449219 15.536086082458496094 15.577838897705078125 15.645234107971191406 15.707322120666503906 15.750712394714355469 15.787794113159179688 15.811063766479492188 15.804572105407714844 15.779296875 15.757213592529296875
16.002216339111328125 16.002283096313476563 16.006586074829101563 16.014238357543945313 16.023565292358398438 16.03089141845703125 16.02439117431640625 16.0123138427734375 16.000539779663085938 15.987898826599121094 15.981340408325195313 15.973284721374511719 15.956063270568847656 15.919275283813476563 15.86219024658203125 15.831915855407714844 15.805710792541503906 15.754099845886230469 15.698701858520507813 15.648865699768066406 15.61414337158203125 15.606584548950195313 15.615020751953125 15.615926742553710938 15.644339561462402344 15.701025962829589844 15.739558219909667969 15.736784934997558594 15.701152801513671875 15.659707069396972656 15.653041839599609375 15.67836761474609375 15.715097427368164063 15.758511543273925781 15.802265167236328125 15.838875770568847656 15.854717254638671875 15.836808204650878906 15.80194091796875 15.774680137634277344
15.950258255004882813 15.954401016235351563 15.966238021850585938 15.989629745483398438 16.016109466552734375 16.024015426635742188 16.006963729858398438 15.983015060424804688 15.958414077758789063 15.939805984497070313 15.947220802307128906 15.972573280334472656 15.976014137268066406 15.957162857055664063 15.922509193420410156 15.899891853332519531 15.884061813354492188 15.853624343872070313 15.824330329895019531 15.796563148498535156 15.770687103271484375 15.748434066772460938 15.736865043640136719 15.712324142456054688 15.672014236450195313 15.661357879638671875 15.691610336303710938 15.728478431701660156 15.745723724365234375 15.743874549865722656 15.749350547790527344 15.760540962219238281 15.776251792907714844 15.802398681640625 15.837083816528320313 15.871945381164550781 15.883309364318847656 15.856098175048828125 15.81764984130859375 15.793676376342773438
15.916279792785644531 15.930116653442382813 15.961894989013671875 15.994510650634765625 16.005651473999023438 15.989161491394042969 15.94971466064453125 15.897376060485839844 15.840086936950683594 15.790143966674804688 15.777791976928710938 15.8454437255859375 15.930817604064941406 15.960001945495605469 15.972482681274414063 15.974503517150878906 15.972464561462402344 15.963674545288085938 15.945314407348632813 15.925617218017578125 15.896631240844726563 15.862320899963378906 15.834003448486328125 15.807818412780761719 15.76921844482421875 15.726956367492675781 15.697766304016113281 15.69701385498046875 15.716161727905273438 15.740126609802246094 15.764471054077148438 15.789067268371582031 15.808971405029296875 15.828435897827148438 15.8553009033203125 15.885619163513183594 15.892438888549804688 15.859136581420898438 15.821404457092285156 15.806207656860351563
15.924351692199707031 15.943367958068847656 15.971622467041015625 15.988764762878417969 15.985652923583984375 15.969076156616210938 15.93196868896484375 15.882608413696289063 15.829882621765136719 15.771570205688476563 15.688216209411621094 15.648940086364746094 15.720350265502929688 15.830643653869628906 15.905543327331542969 15.949934959411621094 15.962395668029785156 15.957764625549316406 15.951513290405273438 15.939511299133300781 15.9175872802734375 15.890832901000976563 15.867498397827148438 15.847464561462402344 15.826245307922363281 15.800866127014160156 15.77628326416015625 15.762158393859863281 15.7613983154296875 15.777929306030273438 15.803880691528320313 15.8292083740234375 15.848405838012695313 15.866801261901855469 15.887803077697753906 15.90899658203125 15.9059295654296875 15.863783836364746094 15.825161933898925781 15.815425872802734375
15.918826103210449219 15.938032150268554688 15.957431793212890625 15.970027923583984375 15.968119621276855469 15.952956199645996094 15.926212310791015625 15.883798599243164063 15.820096015930175781 15.758492469787597656 15.719681739807128906 15.664387702941894531 15.634199142456054688 15.674693107604980469 15.76407623291015625 15.833490371704101563 15.861064910888671875 15.866118431091308594 15.870428085327148438 15.867606163024902344 15.859935760498046875 15.842754364013671875 15.829158782958984375 15.825438499450683594 15.827630043029785156 15.832738876342773438 15.837860107421875 15.837037086486816406 15.836945533752441406 15.848627090454101563 15.867074966430664063 15.887913703918457031 15.902852058410644531 15.91239166259765625 15.92182159423828125 15.928186416625976563 15.913364410400390625 15.862667083740234375 15.824292182922363281 15.820680618286132813
15.902498245239257813 15.901392936706542969 15.908411026000976563 15.915820121765136719 15.921844482421875 15.910371780395507813 15.892011642456054688 15.845495223999023438 15.781558036804199219 15.763724327087402344 15.770235061645507813 15.724713325500488281 15.663469314575195313 15.646491050720214844 15.67436981201171875 15.713151931762695313 15.737116813659667969 15.76013946533203125 15.777775764465332031 15.784407615661621094 15.789126396179199219 15.783955574035644531 15.77771759033203125 15.7761077880859375 15.789788246154785156 15.816777229309082031 15.845118522644042969 15.866353988647460938 15.878718376159667969 15.888555526733398438 15.906284332275390625 15.919222831726074219 15.923619270324707031 15.922461509704589844 15.927763938903808594 15.925747871398925781 15.897030830383300781 15.843935012817382813 15.814056396484375 15.819305419921875
15.9117279052734375 15.890473365783691406 15.873772621154785156 15.877295494079589844 15.889431953430175781 15.885982513427734375 15.862079620361328125 15.809037208557128906 15.794260978698730469 15.877763748168945313 15.902157783508300781 15.810204505920410156 15.722266197204589844 15.694161415100097656 15.719125747680664063 15.785576820373535156 15.855261802673339844 15.907202720642089844 15.922064781188964844 15.930224418640136719 15.928281784057617188 15.906551361083984375 15.877312660217285156 15.848688125610351563 15.833222389221191406 15.836511611938476563 15.848642349243164063 15.858941078186035156 15.868813514709472656 15.884305000305175781 15.902110099792480469 15.915829658508300781 15.916012763977050781 15.916707992553710938 15.914523124694824219 15.883563995361328125 15.840700149536132813 15.799695014953613281 15.785585403442382813 15.806450843811035156
15.979262351989746094 15.954434394836425781 15.910407066345214844 15.889267921447753906 15.893242835998535156 15.877182960510253906 15.85004425048828125 15.807606697082519531 15.843129158020019531 15.974198341369628906 15.996943473815917969 15.875044822692871094 15.799213409423828125 15.811388969421386719 15.888611793518066406 15.988869667053222656 16.076663970947265625 16.14080047607421875 16.1708221435546875 16.198123931884765625 16.205034255981445313 16.166620254516601563 16.099149703979492188 16.014703750610351563 15.951575279235839844 15.916019439697265625 15.899727821350097656 15.891854286193847656 15.891762733459472656 15.894163131713867188 15.897701263427734375 15.9005584716796875 15.889842033386230469 15.883243560791015625 15.873426437377929688 15.843655586242675781 15.814383506774902344 15.778347969055175781 15.759320259094238281 15.774729728698730469
15.974741935729980469 16.008165359497070313 15.993654251098632813 15.951069831848144531 15.921937942504882813 15.894206047058105469 15.858952522277832031 15.822688102722167969 15.846901893615722656 15.988767623901367188 16.061391830444335938 15.947175979614257813 15.907390594482421875 16.023273468017578125 16.200960159301757813 16.375438690185546875 16.545248031616210938 16.63655853271484375 16.6733856201171875 16.721164703369140625 16.730279922485351563 16.71117401123046875 16.6425628662109375 16.49924468994140625 16.315492630004882813 16.161563873291015625 16.05045318603515625 15.981278419494628906 15.952277183532714844 15.940566062927246094 15.942754745483398438 15.9438018798828125 15.931001663208007813 15.915309906005859375 15.898473739624023438 15.868645668029785156 15.849287986755371094 15.816617012023925781 15.780152320861816406 15.765766143798828125
15.915467262268066406 16.010560989379882813 16.062898635864257813 16.061746597290039063 16.040058135986328125 16.014734268188476563 15.947855949401855469 15.864009857177734375 15.823370933532714844 15.948125839233398438 16.131715774536132813 16.089509963989257813 16.063055038452148438 16.256692886352539063 16.53122711181640625 16.734249114990234375 16.853847503662109375 16.852081298828125 16.787412643432617188 16.719961166381835938 16.743854522705078125 16.8285980224609375 16.923366546630859375 16.958469390869140625 16.907777786254882813 16.753004074096679688 16.548192977905273438 16.365987777709960938 16.237771987915039063 16.185403823852539063 16.214229583740234375 16.254083633422851563 16.2506561279296875 16.223367691040039063 16.212522506713867188 16.074697494506835938 15.952782630920410156 15.858171463012695313 15.817706108093261719 15.791886329650878906
15.893214225769042969 15.986062049865722656 16.122289657592773438 16.203519821166992188 16.24668121337890625 16.253753662109375 16.198534011840820313 16.067991256713867188 15.879134178161621094 15.894680976867675781 16.131772994995117188 16.2276611328125 16.222467422485351563 16.377744674682617188 16.6188201904296875 16.730434417724609375 16.689035415649414063 16.488185882568359375 16.205087661743164063 16.049020767211914063 16.092334747314453125 16.252117156982421875 16.5063629150390625 16.72606658935546875 16.884174346923828125 16.959016799926757813 16.942968368530273438 16.889158248901367188 16.822916030883789063 16.764713287353515625 16.766351699829101563 16.816308975219726563 16.867893218994140625 16.89664459228515625 16.934946060180664063 16.899801254272460938 16.914220809936523438 16.722627639770507813 16.417646408081054688 16.20851898193359375
15.893934249877929688 15.915242195129394531 16.036346435546875 16.135364532470703125 16.211444854736328125 16.267343521118164063 16.314121246337890625 16.333215713500976563 16.199893951416015625 15.934167861938476563 15.98554229736328125 16.2225189208984375 16.336454391479492188 16.42162322998046875 16.50208282470703125 16.493038177490234375 16.322484970092773438 16.053350448608398438 15.835057258605957031 15.781442642211914063 15.781513214111328125 15.779526710510253906 15.876584053039550781 16.050304412841796875 16.24120330810546875 16.4255828857421875 16.609266281127929688 16.747020721435546875 16.817247390747070313 16.839418411254882813 16.843854904174804688 16.848186492919921875 16.85870361328125 16.859056472778320313 16.87017822265625 16.900892257690429688 16.967668533325195313 16.974611282348632813 16.8492889404296875 16.74560546875
15.918095588684082031 15.942795753479003906 16.031549453735351563 16.120367050170898438 16.154758453369140625 16.212789535522460938 16.219928741455078125 16.293779373168945313 16.369569778442382813 16.15158843994140625 15.942178726196289063 16.063589096069335938 16.219758987426757813 16.259492874145507813 16.225101470947265625 16.136323928833007813 15.994345664978027344 15.874637603759765625 15.872260093688964844 15.881482124328613281 15.880913734436035156 15.88458251953125 15.935983657836914063 16.01058197021484375 16.090961456298828125 16.148050308227539063 16.209300994873046875 16.29517364501953125 16.394544601440429688 16.463348388671875 16.497930526733398438 16.5115814208984375 16.498805999755859375 16.484649658203125 16.490251541137695313 16.5146026611328125 16.564966201782226563 16.65648651123046875 16.72113037109375 16.76318359375
16.060298919677734375 16.159116744995117188 16.229143142700195313 16.27825927734375 16.280172348022460938 16.29242706298828125 16.264966964721679688 16.26177978515625 16.369945526123046875 16.263036727905273438 16.008680343627929688 15.969676017761230469 16.083404541015625 16.10297393798828125 16.0325927734375 15.95211029052734375 15.894640922546386719 15.881542205810546875 15.868899345397949219 15.833406448364257813 15.809161186218261719 15.810500144958496094 15.884314537048339844 16.029140472412109375 16.170345306396484375 16.289905548095703125 16.378675460815429688 16.430418014526367188 16.454095840454101563 16.471326828002929688 16.508226394653320313 16.559415817260742188 16.598972320556640625 16.706615447998046875 16.809574127197265625 16.880462646484375 16.923671722412109375 16.942014694213867188 16.943136215209960938 16.942279815673828125
16.306264877319335938 16.297449111938476563 16.30878448486328125 16.315155029296875 16.305639266967773438 16.281335830688476563 16.252626419067382813 16.239086151123046875 16.346628189086914063 16.322027206420898438 16.081478118896484375 15.946698188781738281 15.994672775268554688 16.008611679077148438 15.952667236328125 15.909711837768554688 15.890704154968261719 15.854158401489257813 15.795259475708007813 15.769270896911621094 15.79532623291015625 15.882915496826171875 16.039255142211914063 16.177152633666992188 16.313579559326171875 16.45397186279296875 16.662036895751953125 16.809537887573242188 16.881063461303710938 16.902858734130859375 16.942277908325195313 16.987133026123046875 17.039033889770507813 17.084600448608398438 17.095392227172851563 17.094142913818359375 17.092342376708984375 17.0946197509765625 17.100521087646484375 17.113546371459960938
16.248975753784179688 16.262773513793945313 16.330493927001953125 16.337221145629882813 16.3155975341796875 16.256725311279296875 16.226160049438476563 16.247615814208984375 16.344814300537109375 16.321506500244140625 16.115413665771484375 15.946749687194824219 15.944375038146972656 15.934175491333007813 15.901151657104492188 15.885264396667480469 15.830966949462890625 15.751184463500976563 15.721233367919921875 15.759333610534667969 15.835584640502929688 16.000446319580078125 16.194934844970703125 16.373388290405273438 16.562908172607421875 16.831981658935546875 17.163183212280273438 17.272172927856445313 17.252109527587890625 17.1998443603515625 17.1308135986328125 17.11211395263671875 17.107656478881835938 17.099735260009765625 17.091388702392578125 17.075595855712890625 17.052591323852539063 17.038579940795898438 17.03783416748046875 17.05815887451171875
16.17255401611328125 16.3291015625 16.333288192749023438 16.318927764892578125 16.311162948608398438 16.2735748291015625 16.2799530029296875 16.32700347900390625 16.37264251708984375 16.313692092895507813 16.099481582641601563 15.918213844299316406 15.878612518310546875 15.873850822448730469 15.873361587524414063 15.825296401977539063 15.732165336608886719 15.702328681945800781 15.742259025573730469 15.814800262451171875 15.92580413818359375 16.118312835693359375 16.318511962890625 16.52989959716796875 16.760532379150390625 17.084104537963867188 17.341005325317382813 17.300996780395507813 17.168302536010742188 17.116273880004882813 17.128820419311523438 17.164060592651367188 17.201665878295898438 17.219036102294921875 17.222753524780273438 17.214540481567382813 17.192640304565429688 17.141689300537109375 17.077306747436523438 17.012086868286132813
