MapLinkProApp/griddata/temperature/ASCII/cmems_mod_glo_phy-thetao_anfc_0,083deg_P1D-m_1702458667101_25,2.asc
ncols        121
nrows        120
xllcorner    -30.041666666667
yllcorner    40.041666655981
cellsize     0.083333333333
NODATA_value  9.9692099683868690468e+36
[rows 72 to 89 of 120, columns 80 to 119 of 121]
16.023744583129882813 16.036365509033203125 16.040590286254882813 16.038791656494140625 16.03209686279296875 16.024114608764648438 16.012880325317382813 16.00032806396484375 15.989176750183105469 15.976388931274414063 15.965932846069335938 15.958102226257324219 15.947862625122070313 15.908954620361328125 15.83365631103515625 15.780225753784179688 15.752162933349609375 15.692641258239746094 15.617157936096191406 15.564141273498535156 15.544189453125 15.555797576904296875 15.598834991455078125 15.66326141357421875 15.723156929016113281 15.745245933532714844 15.724760055541992188 15.643707275390625 15.561981201171875 15.53029632568359375 15.537439346313476563 15.579266548156738281 15.647873878479003906 15.711574554443359375 15.755742073059082031 15.793120384216308594 15.816445350646972656 15.809926033020019531 15.784649848937988281 15.76256561279296875
16.006988525390625 16.007171630859375 16.011632919311523438 16.019102096557617188 16.02817535400390625 16.035175323486328125 16.028409957885742188 16.01647186279296875 16.004810333251953125 15.9922943115234375 15.985530853271484375 15.977087020874023438 15.95951080322265625 15.922300338745117188 15.86444091796875 15.833932876586914063 15.807756423950195313 15.75543212890625 15.699107170104980469 15.648968696594238281 15.614037513732910156 15.606961250305175781 15.6157989501953125 15.617212295532226563 15.646371841430664063 15.70417022705078125 15.74239349365234375 15.739055633544921875 15.702521324157714844 15.660731315612792969 15.65419769287109375 15.680098533630371094 15.718067169189453125 15.762591361999511719 15.806927680969238281 15.843894004821777344 15.859940528869628906 15.841963768005371094 15.806911468505859375 15.779486656188964844
15.954986572265625 15.959005355834960938 15.970663070678710938 15.993720054626464844 16.0201263427734375 16.028039932250976563 16.011133193969726563 15.987733840942382813 15.963566780090332031 15.945161819458007813 15.952240943908691406 15.976611137390136719 15.979238510131835938 15.959660530090332031 15.924235343933105469 15.901112556457519531 15.885004043579101563 15.854066848754882813 15.824543952941894531 15.796596527099609375 15.770496368408203125 15.74864959716796875 15.737720489501953125 15.713329315185546875 15.673020362854003906 15.662993431091308594 15.694371223449707031 15.731467247009277344 15.748740196228027344 15.746576309204101563 15.752129554748535156 15.763675689697265625 15.779714584350585938 15.806234359741210938 15.841271400451660156 15.876546859741210938 15.888175010681152344 15.860870361328125 15.822201728820800781 15.7978973388671875
15.920443534851074219 15.934285163879394531 15.965864181518554688 15.998347282409667969 16.009601593017578125 15.993189811706542969 15.953955650329589844 15.901654243469238281 15.844144821166992188 15.794689178466796875 15.782368659973144531 15.847799301147460938 15.934620857238769531 15.963639259338378906 15.975165367126464844 15.976592063903808594 15.9742431640625 15.965112686157226563 15.946637153625488281 15.926916122436523438 15.8978118896484375 15.863516807556152344 15.835476875305175781 15.80937957763671875 15.770701408386230469 15.728344917297363281 15.699092864990234375 15.698848724365234375 15.718609809875488281 15.742882728576660156 15.767483711242675781 15.792194366455078125 15.812264442443847656 15.8317718505859375 15.858805656433105469 15.889573097229003906 15.896723747253417969 15.863367080688476563 15.825467109680175781 15.810033798217773438
15.928462028503417969 15.947534561157226563 15.975713729858398438 15.9923858642578125 15.9892120361328125 15.972745895385742188 15.935222625732421875 15.885384559631347656 15.832449913024902344 15.773454666137695313 15.689386367797851563 15.650190353393554688 15.721195220947265625 15.83103179931640625 15.908395767211914063 15.953225135803222656 15.965318679809570313 15.96062469482421875 15.954358100891113281 15.942352294921875 15.920317649841308594 15.893476486206054688 15.870004653930664063 15.849823951721191406 15.828586578369140625 15.802990913391113281 15.777837753295898438 15.763777732849121094 15.763032913208007813 15.779921531677246094 15.806115150451660156 15.831841468811035156 15.851052284240722656 15.869397163391113281 15.890465736389160156 15.912019729614257813 15.909213066101074219 15.867059707641601563 15.828452110290527344 15.818719863891601563
15.922776222229003906 15.94216156005859375 15.961551666259765625 15.973967552185058594 15.971850395202636719 15.956384658813476563 15.929280281066894531 15.88665008544921875 15.822806358337402344 15.760974884033203125 15.721143722534179688 15.665369033813476563 15.635469436645507813 15.67653656005859375 15.764646530151367188 15.834264755249023438 15.863060951232910156 15.868475914001464844 15.873012542724609375 15.870287895202636719 15.862378120422363281 15.844969749450683594 15.831491470336914063 15.82785797119140625 15.829939842224121094 15.834870338439941406 15.839605331420898438 15.838771820068359375 15.838663101196289063 15.85056304931640625 15.868890762329101563 15.889966011047363281 15.905087471008300781 15.914753913879394531 15.924135208129882813 15.930971145629882813 15.916225433349609375 15.86542510986328125 15.827121734619140625 15.82350921630859375
15.906229019165039063 15.905408859252929688 15.912617683410644531 15.919345855712890625 15.92505645751953125 15.913301467895507813 15.894938468933105469 15.848343849182128906 15.783510208129882813 15.764292716979980469 15.770448684692382813 15.724953651428222656 15.664153099060058594 15.647488594055175781 15.6753997802734375 15.713846206665039063 15.737148284912109375 15.759587287902832031 15.777140617370605469 15.783646583557128906 15.788468360900878906 15.783850669860839844 15.778003692626953125 15.776858329772949219 15.791066169738769531 15.818375587463378906 15.847035408020019531 15.868508338928222656 15.881043434143066406 15.890838623046875 15.908707618713378906 15.921567916870117188 15.926025390625 15.924775123596191406 15.930092811584472656 15.92824554443359375 15.899693489074707031 15.846570014953613281 15.816685676574707031 15.821827888488769531
15.914111137390136719 15.893041610717773438 15.876861572265625 15.880555152893066406 15.892276763916015625 15.88866424560546875 15.865007400512695313 15.811421394348144531 15.795290946960449219 15.877412796020507813 15.902190208435058594 15.810289382934570313 15.722277641296386719 15.693457603454589844 15.716652870178222656 15.781756401062011719 15.850440025329589844 15.901471138000488281 15.915818214416503906 15.922496795654296875 15.919888496398925781 15.899907112121582031 15.872928619384765625 15.8467254638671875 15.832660675048828125 15.836903572082519531 15.849864959716796875 15.860484123229980469 15.87035369873046875 15.885886192321777344 15.90392303466796875 15.917731285095214844 15.918160438537597656 15.918831825256347656 15.916756629943847656 15.885884284973144531 15.842864990234375 15.801784515380859375 15.787999153137207031 15.808953285217285156
15.981729507446289063 15.956574440002441406 15.912446022033691406 15.89129638671875 15.895184516906738281 15.879500389099121094 15.85222625732421875 15.809473991394042969 15.843750953674316406 15.974874496459960938 15.99695587158203125 15.874727249145507813 15.798168182373046875 15.807526588439941406 15.881978988647460938 15.978961944580078125 16.061380386352539063 16.125387191772460938 16.154050827026367188 16.175542831420898438 16.178972244262695313 16.139312744140625 16.075796127319335938 15.999896049499511719 15.945487022399902344 15.914110183715820313 15.899875640869140625 15.892655372619628906 15.892640113830566406 15.89514923095703125 15.898956298828125 15.901978492736816406 15.891279220581054688 15.884737968444824219 15.874914169311523438 15.844934463500976563 15.815340995788574219 15.779202461242675781 15.760408401489257813 15.776678085327148438
15.978330612182617188 16.010778427124023438 15.995263099670410156 15.952099800109863281 15.922688484191894531 15.894457817077636719 15.858910560607910156 15.823716163635253906 15.848611831665039063 15.990544319152832031 16.061346054077148438 15.946313858032226563 15.904817581176757813 16.01377105712890625 16.185695648193359375 16.35375213623046875 16.517412185668945313 16.616815567016601563 16.655506134033203125 16.69574737548828125 16.708835601806640625 16.677114486694335938 16.590761184692382813 16.446529388427734375 16.269071578979492188 16.125879287719726563 16.03301239013671875 15.973500251770019531 15.948147773742675781 15.937205314636230469 15.938279151916503906 15.938019752502441406 15.9258575439453125 15.910577774047851563 15.894558906555175781 15.86844635009765625 15.850254058837890625 15.817667961120605469 15.780917167663574219 15.766984939575195313
15.918738365173339844 16.0135498046875 16.064538955688476563 16.061735153198242188 16.038518905639648438 16.011510848999023438 15.940197944641113281 15.856653213500976563 15.823761940002441406 15.950337409973144531 16.1320953369140625 16.089117050170898438 16.060899734497070313 16.252033233642578125 16.5256195068359375 16.733388900756835938 16.855794906616210938 16.854688644409179688 16.7878875732421875 16.719587326049804688 16.745573043823242188 16.830507278442382813 16.922399520874023438 16.952562332153320313 16.875623703002929688 16.684572219848632813 16.479610443115234375 16.303264617919921875 16.187345504760742188 16.141969680786132813 16.1713104248046875 16.207929611206054688 16.200799942016601563 16.160564422607421875 16.107027053833007813 15.968057632446289063 15.860175132751464844 15.821068763732910156 15.799263954162597656 15.776701927185058594
15.895549774169921875 15.98895263671875 16.124910354614257813 16.205423355102539063 16.247844696044921875 16.254383087158203125 16.195478439331054688 16.035890579223632813 15.862061500549316406 15.891077995300292969 16.133365631103515625 16.229326248168945313 16.220308303833007813 16.376007080078125 16.619722366333007813 16.734525680541992188 16.690797805786132813 16.458038330078125 16.148145675659179688 15.984710693359375 16.0162353515625 16.167135238647460938 16.463705062866210938 16.72624969482421875 16.88928985595703125 16.964899063110351563 16.94130706787109375 16.854419708251953125 16.773681640625 16.717189788818359375 16.734100341796875 16.79677581787109375 16.842271804809570313 16.856098175048828125 16.888349533081054688 16.812740325927734375 16.638612747192382813 16.3974609375 16.202665328979492188 16.074472427368164063
15.896146774291992188 15.917054176330566406 16.0385589599609375 16.1380157470703125 16.21446990966796875 16.2706451416015625 16.317403793334960938 16.331068038940429688 16.15923309326171875 15.901300430297851563 15.984057426452636719 16.224651336669921875 16.33866119384765625 16.424512863159179688 16.506357192993164063 16.49544525146484375 16.310251235961914063 16.018039703369140625 15.809557914733886719 15.758859634399414063 15.755595207214355469 15.736944198608398438 15.810384750366210938 15.983542442321777344 16.196638107299804688 16.403272628784179688 16.601045608520507813 16.744462966918945313 16.821538925170898438 16.8441009521484375 16.844331741333007813 16.852464675903320313 16.863119125366210938 16.862857818603515625 16.8745574951171875 16.904224395751953125 16.97052001953125 16.977298736572265625 16.840948104858398438 16.743000030517578125
15.917825698852539063 15.937645912170410156 16.027868270874023438 16.119592666625976563 16.155071258544921875 16.213891983032226563 16.221710205078125 16.296144485473632813 16.368053436279296875 16.111764907836914063 15.922281265258789063 16.062587738037109375 16.223054885864257813 16.263498306274414063 16.228424072265625 16.138101577758789063 15.99359893798828125 15.871824264526367188 15.871553421020507813 15.881031036376953125 15.881025314331054688 15.883153915405273438 15.931970596313476563 16.005596160888671875 16.084381103515625 16.13866424560546875 16.199916839599609375 16.289857864379882813 16.395252227783203125 16.466436386108398438 16.501323699951171875 16.514286041259765625 16.498523712158203125 16.476654052734375 16.481920242309570313 16.503671646118164063 16.553220748901367188 16.651744842529296875 16.719362258911132813 16.761396408081054688
16.028959274291992188 16.12921142578125 16.2178192138671875 16.278299331665039063 16.281415939331054688 16.294475555419921875 16.267511367797851563 16.264184951782226563 16.372226715087890625 16.253688812255859375 15.989174842834472656 15.969166755676269531 16.087221145629882813 16.106264114379882813 16.034749984741210938 15.953527450561523438 15.895066261291503906 15.881242752075195313 15.868673324584960938 15.833523750305175781 15.808299064636230469 15.807267189025878906 15.877158164978027344 16.025177001953125 16.168117523193359375 16.286958694458007813 16.36956024169921875 16.418201446533203125 16.440340042114257813 16.458826065063476563 16.495462417602539063 16.544622421264648438 16.582548141479492188 16.663412094116210938 16.78096771240234375 16.863706588745117188 16.91141510009765625 16.930185317993164063 16.934038162231445313 16.93483734130859375
16.281385421752929688 16.292741775512695313 16.31163787841796875 16.318151473999023438 16.308698654174804688 16.28455352783203125 16.255611419677734375 16.240877151489257813 16.34930419921875 16.321336746215820313 16.067234039306640625 15.9451446533203125 15.997115135192871094 16.010988235473632813 15.953848838806152344 15.909830093383789063 15.890478134155273438 15.853175163269042969 15.794116973876953125 15.767882347106933594 15.793837547302246094 15.873071670532226563 16.021160125732421875 16.170320510864257813 16.308286666870117188 16.44503021240234375 16.636205673217773438 16.789712905883789063 16.859792709350585938 16.881427764892578125 16.926568984985351563 16.971820831298828125 17.023817062377929688 17.077306747436523438 17.094808578491210938 17.094573974609375 17.092920303344726563 17.094953536987304688 17.100084304809570313 17.11194610595703125
16.251270294189453125 16.264286041259765625 16.332981109619140625 16.340091705322265625 16.31838226318359375 16.259084701538085938 16.2276611328125 16.248086929321289063 16.346225738525390625 16.322132110595703125 16.111358642578125 15.945102691650390625 15.945914268493652344 15.935759544372558594 15.901376724243164063 15.884975433349609375 15.830097198486328125 15.749683380126953125 15.7194061279296875 15.757047653198242188 15.830519676208496094 15.98117828369140625 16.185773849487304688 16.370016098022460938 16.555858612060546875 16.8103179931640625 17.139156341552734375 17.26784515380859375 17.2488555908203125 17.198589324951171875 17.130357742309570313 17.110982894897460938 17.106393814086914063 17.09786224365234375 17.088861465454101563 17.072618484497070313 17.049810409545898438 17.036588668823242188 17.036775588989257813 17.057569503784179688
16.173320770263671875 16.33123016357421875 16.336156845092773438 16.32147979736328125 16.312894821166992188 16.274707794189453125 16.280694961547851563 16.32761383056640625 16.3741302490234375 16.31402587890625 16.095378875732421875 15.916106224060058594 15.878417015075683594 15.874224662780761719 15.873116493225097656 15.824337959289550781 15.730039596557617188 15.698727607727050781 15.73770904541015625 15.809782981872558594 15.915777206420898438 16.103542327880859375 16.31575775146484375 16.524522781372070313 16.756418228149414063 17.08060455322265625 17.341487884521484375 17.300374984741210938 17.167554855346679688 17.115482330322265625 17.1265869140625 17.16069793701171875 17.198299407958984375 17.215379714965820313 17.219512939453125 17.211040496826171875 17.187351226806640625 17.134305953979492188 17.068616867065429688 17.00342559814453125
