MapLinkProApp/griddata/temperature/ASCII/cmems_mod_glo_phy-thetao_anfc_0,083deg_P1D-m_1702458667101_1,5.asc
ncols        121
nrows        120
xllcorner    -30.041666666667
yllcorner    40.041666655981
cellsize     0.083333333333
NODATA_value  9.9692099683868690468e+36
[rows 0 to 17 of 120, columns 40 to 79 of 121]
12.128856658935546875 12.159698486328125 12.183350563049316406 12.184307098388671875 12.165628433227539063 12.136490821838378906 12.103878021240234375 12.067571640014648438 12.030266761779785156 11.991913795471191406 11.923418998718261719 11.821330070495605469 11.706767082214355469 11.638940811157226563 11.650349617004394531 11.636341094970703125 11.654740333557128906 11.778375625610351563 11.884104728698730469 11.874940872192382813 11.7572174072265625 11.676480293273925781 11.684050559997558594 11.741074562072753906 11.803402900695800781 11.841530799865722656 11.843372344970703125 11.812198638916015625 11.772831916809082031 11.771222114562988281 11.832642555236816406 11.962666511535644531 12.1465606689453125 12.35109710693359375 12.537793159484863281 12.693001747131347656 12.824756622314453125 12.86425018310546875 12.888846397399902344 12.803975105285644531
12.100393295288085938 12.12839508056640625 12.175642967224121094 12.186586380004882813 12.161334037780761719 12.117884635925292969 12.071374893188476563 12.03099822998046875 11.999285697937011719 11.956544876098632813 11.884047508239746094 11.794083595275878906 11.708968162536621094 11.671174049377441406 11.662017822265625 11.637721061706542969 11.67002105712890625 11.782208442687988281 11.867460250854492188 11.875723838806152344 11.805882453918457031 11.75414276123046875 11.761397361755371094 11.802675247192382813 11.831833839416503906 11.828846931457519531 11.791751861572265625 11.741797447204589844 11.731553077697753906 11.804827690124511719 11.95900726318359375 12.168121337890625 12.405389785766601563 12.636631011962890625 12.825740814208984375 12.981236457824707031 13.082326889038085938 13.14060211181640625 13.198337554931640625 13.162746429443359375
12.055574417114257813 12.137965202331542969 12.175882339477539063 12.1631927490234375 12.114682197570800781 12.055006027221679688 12.009261131286621094 11.980525970458984375 11.958082199096679688 11.913557052612304688 11.848502159118652344 11.774631500244140625 11.704512596130371094 11.672943115234375 11.6505889892578125 11.638813018798828125 11.685172080993652344 11.779223442077636719 11.847468376159667969 11.86945343017578125 11.854747772216796875 11.830595016479492188 11.820847511291503906 11.819837570190429688 11.805545806884765625 11.762866020202636719 11.709788322448730469 11.695349693298339844 11.768602371215820313 11.935797691345214844 12.156752586364746094 12.395143508911132813 12.619060516357421875 12.813020706176757813 12.962914466857910156 13.070889472961425781 13.168958663940429688 13.251504898071289063 13.315232276916503906 13.358312606811523438
12.049739837646484375 12.115015983581542969 12.113132476806640625 12.079189300537109375 12.026012420654296875 11.978906631469726563 11.951151847839355469 11.934848785400390625 11.909569740295410156 11.862995147705078125 11.806273460388183594 11.752202987670898438 11.705657958984375 11.670755386352539063 11.641046524047851563 11.638478279113769531 11.677415847778320313 11.741579055786132813 11.786559104919433594 11.804604530334472656 11.804730415344238281 11.796384811401367188 11.779156684875488281 11.754285812377929688 11.713396072387695313 11.668048858642578125 11.653045654296875 11.715012550354003906 11.877414703369140625 12.10784912109375 12.34698486328125 12.560121536254882813 12.723834991455078125 12.853254318237304688 12.952630996704101563 13.049666404724121094 13.200983047485351563 13.312088966369628906 13.368271827697753906 13.47725677490234375
11.958231925964355469 11.972581863403320313 11.952260017395019531 11.926748275756835938 11.904144287109375 11.893876075744628906 11.886986732482910156 11.874627113342285156 11.843930244445800781 11.797349929809570313 11.747361183166503906 11.703904151916503906 11.671238899230957031 11.646559715270996094 11.61855316162109375 11.599835395812988281 11.598160743713378906 11.609659194946289063 11.619638442993164063 11.625206947326660156 11.623755455017089844 11.621917724609375 11.618043899536132813 11.616438865661621094 11.621328353881835938 11.652728080749511719 11.731898307800292969 11.882031440734863281 12.092253684997558594 12.310682296752929688 12.495034217834472656 12.627377510070800781 12.7096405029296875 12.794740676879882813 12.882809638977050781 13.009911537170410156 13.21784210205078125 13.367581367492675781 13.455196380615234375 13.566323280334472656
11.864714622497558594 11.851397514343261719 11.822794914245605469 11.78783416748046875 11.77086639404296875 11.760973930358886719 11.7451324462890625 11.720017433166503906 11.696251869201660156 11.673700332641601563 11.661258697509765625 11.665191650390625 11.674916267395019531 11.689580917358398438 11.706562042236328125 11.722670555114746094 11.740147590637207031 11.755833625793457031 11.768465042114257813 11.781313896179199219 11.7919921875 11.809233665466308594 11.833371162414550781 11.874829292297363281 11.93647003173828125 12.029504776000976563 12.1531829833984375 12.300035476684570313 12.443713188171386719 12.5508575439453125 12.613821983337402344 12.647562980651855469 12.685210227966308594 12.776395797729492188 12.891852378845214844 13.049104690551757813 13.2747650146484375 13.468459129333496094 13.624014854431152344 13.726514816284179688
11.765893936157226563 11.752239227294921875 11.729657173156738281 11.708151817321777344 11.713976860046386719 11.752875328063964844 11.8236236572265625 11.936100959777832031 11.982025146484375 12.017862319946289063 12.094634056091308594 12.169653892517089844 12.247826576232910156 12.314387321472167969 12.365741729736328125 12.410042762756347656 12.449507713317871094 12.484834671020507813 12.508360862731933594 12.523763656616210938 12.527731895446777344 12.529193878173828125 12.527583122253417969 12.532289505004882813 12.543873786926269531 12.568233489990234375 12.599431037902832031 12.63111114501953125 12.653390884399414063 12.66515350341796875 12.681752204895019531 12.716524124145507813 12.785881996154785156 12.905934333801269531 13.03195953369140625 13.185622215270996094 13.378177642822265625 13.562442779541015625 13.744284629821777344 13.827939033508300781
11.703619003295898438 11.690245628356933594 11.704909324645996094 11.774509429931640625 11.940911293029785156 12.171594619750976563 12.31670379638671875 12.537126541137695313 12.592182159423828125 12.597006797790527344 12.587738037109375 12.556424140930175781 12.524181365966796875 12.532893180847167969 12.598961830139160156 12.706923484802246094 12.827198028564453125 12.935237884521484375 13.020934104919433594 13.07526397705078125 13.103589057922363281 13.107150077819824219 13.093832969665527344 13.070962905883789063 13.040243148803710938 13.009321212768554688 12.979992866516113281 12.962576866149902344 12.955880165100097656 12.961478233337402344 12.98825836181640625 13.035067558288574219 13.104836463928222656 13.198119163513183594 13.290544509887695313 13.417618751525878906 13.562909126281738281 13.722706794738769531 13.881348609924316406 13.894831657409667969
11.683278083801269531 11.699911117553710938 11.775186538696289063 11.953411102294921875 12.240474700927734375 12.515523910522460938 12.603824615478515625 12.629525184631347656 12.567242622375488281 12.474138259887695313 12.405272483825683594 12.371785163879394531 12.443073272705078125 12.6307373046875 12.894891738891601563 13.1618499755859375 13.390334129333496094 13.563257217407226563 13.683653831481933594 13.754927635192871094 13.788909912109375 13.788981437683105469 13.766980171203613281 13.728938102722167969 13.677018165588378906 13.616247177124023438 13.551417350769042969 13.49566650390625 13.447069168090820313 13.411149978637695313 13.393776893615722656 13.392599105834960938 13.415700912475585938 13.461795806884765625 13.535553932189941406 13.657131195068359375 13.78704833984375 13.922826766967773438 14.015115737915039063 13.9272918701171875
11.774900436401367188 11.766750335693359375 11.877036094665527344 12.110934257507324219 12.378659248352050781 12.558612823486328125 12.626296043395996094 12.5322723388671875 12.310170173645019531 12.18877410888671875 12.20201873779296875 12.43421173095703125 12.823464393615722656 13.233775138854980469 13.597462654113769531 13.877129554748535156 14.074282646179199219 14.196561813354492188 14.259013175964355469 14.28389739990234375 14.293285369873046875 14.287874221801757813 14.278917312622070313 14.263280868530273438 14.240731239318847656 14.205739974975585938 14.161242485046386719 14.107378005981445313 14.044717788696289063 13.981534957885742188 13.919836044311523438 13.869429588317871094 13.84125518798828125 13.829922676086425781 13.868149757385253906 13.943605422973632813 14.027826309204101563 14.103761672973632813 14.056342124938964844 13.9119110107421875
11.858677864074707031 11.859050750732421875 11.98432159423828125 12.187406539916992188 12.408495903015136719 12.579565048217773438 12.594103813171386719 12.395318984985351563 12.16255950927734375 12.136468887329101563 12.336884498596191406 12.8233184814453125 13.296467781066894531 13.701433181762695313 14.020433425903320313 14.236841201782226563 14.360907554626464844 14.382672309875488281 14.374053955078125 14.356614112854003906 14.330983161926269531 14.312796592712402344 14.309131622314453125 14.315115928649902344 14.323688507080078125 14.328500747680664063 14.322140693664550781 14.300207138061523438 14.269421577453613281 14.225949287414550781 14.178224563598632813 14.1363067626953125 14.096673965454101563 14.082775115966796875 14.119053840637207031 14.166655540466308594 14.20748138427734375 14.165963172912597656 14.005637168884277344 13.871835708618164063
12.118474006652832031 12.206371307373046875 12.324244499206542969 12.4507293701171875 12.566783905029296875 12.617928504943847656 12.509226799011230469 12.238266944885253906 12.132886886596679688 12.308437347412109375 12.853903770446777344 13.371689796447753906 13.810170173645019531 14.157774925231933594 14.360586166381835938 14.412701606750488281 14.374189376831054688 14.300368309020996094 14.226566314697265625 14.167893409729003906 14.128814697265625 14.130784988403320313 14.168572425842285156 14.222078323364257813 14.273908615112304688 14.316609382629394531 14.343257904052734375 14.356044769287109375 14.358462333679199219 14.346483230590820313 14.322104454040527344 14.289274215698242188 14.260766983032226563 14.255515098571777344 14.265226364135742188 14.2741241455078125 14.242353439331054688 14.096245765686035156 13.913607597351074219 13.759187698364257813
12.465266227722167969 12.52239227294921875 12.555707931518554688 12.588156700134277344 12.622107505798339844 12.558803558349609375 12.348402023315429688 12.168013572692871094 12.195384979248046875 12.727380752563476563 13.337237358093261719 13.818691253662109375 14.205308914184570313 14.419078826904296875 14.433144569396972656 14.347712516784667969 14.217675209045410156 14.11000823974609375 14.031432151794433594 13.98149871826171875 13.977695465087890625 14.01927947998046875 14.096449851989746094 14.190320014953613281 14.277637481689453125 14.347779273986816406 14.397017478942871094 14.425497055053710938 14.432544708251953125 14.420260429382324219 14.395010948181152344 14.368399620056152344 14.350832939147949219 14.346155166625976563 14.344852447509765625 14.297814369201660156 14.137225151062011719 13.911740303039550781 13.731645584106445313 13.641427040100097656
12.404905319213867188 12.351262092590332031 12.312293052673339844 12.319242477416992188 12.324769020080566406 12.278642654418945313 12.245618820190429688 12.224123001098632813 12.60671234130859375 13.253400802612304688 13.756791114807128906 14.160828590393066406 14.421131134033203125 14.461487770080566406 14.352103233337402344 14.204620361328125 14.106008529663085938 14.045386314392089844 13.995595932006835938 13.967543601989746094 13.985373497009277344 14.048818588256835938 14.141195297241210938 14.251971244812011719 14.344396591186523438 14.407709121704101563 14.430299758911132813 14.426022529602050781 14.408390998840332031 14.3887481689453125 14.376952171325683594 14.376749992370605469 14.386610031127929688 14.392645835876464844 14.349551200866699219 14.202310562133789063 13.970149993896484375 13.760685920715332031 13.66265106201171875 13.706955909729003906
12.102915763854980469 12.104611396789550781 12.21660614013671875 12.309862136840820313 12.31362152099609375 12.379796028137207031 12.388536453247070313 12.517432212829589844 13.166390419006347656 13.715074539184570313 14.143017768859863281 14.436081886291503906 14.503323554992675781 14.36163330078125 14.192198753356933594 14.125280380249023438 14.119629859924316406 14.094681739807128906 14.038629531860351563 14.012585639953613281 14.039237022399902344 14.116464614868164063 14.2195892333984375 14.297443389892578125 14.332231521606445313 14.337035179138183594 14.332487106323242188 14.336744308471679688 14.353718757629394531 14.38205718994140625 14.41513824462890625 14.444727897644042969 14.448660850524902344 14.384896278381347656 14.221197128295898438 13.985439300537109375 13.773322105407714844 13.677602767944335938 13.727153778076171875 13.791705131530761719
12.186048507690429688 12.361280441284179688 12.535687446594238281 12.594067573547363281 12.593633651733398438 12.572327613830566406 12.549502372741699219 12.924315452575683594 13.537691116333007813 14.017274856567382813 14.355340003967285156 14.510754585266113281 14.461636543273925781 14.258763313293457031 14.151928901672363281 14.158742904663085938 14.194609642028808594 14.155987739562988281 14.073218345642089844 14.049290657043457031 14.082693099975585938 14.145945549011230469 14.20379638671875 14.239687919616699219 14.266266822814941406 14.302037239074707031 14.34960174560546875 14.398431777954101563 14.443666458129882813 14.479912757873535156 14.505491256713867188 14.504723548889160156 14.438563346862792969 14.278412818908691406 14.046039581298828125 13.818673133850097656 13.696232795715332031 13.730566978454589844 13.856618881225585938 13.912043571472167969
12.444833755493164063 12.653936386108398438 12.745997428894042969 12.754744529724121094 12.696552276611328125 12.594091415405273438 12.754336357116699219 13.43073272705078125 13.9611053466796875 14.316704750061035156 14.509522438049316406 14.52274322509765625 14.347105979919433594 14.162831306457519531 14.159786224365234375 14.239523887634277344 14.286892890930175781 14.239734649658203125 14.137638092041015625 14.104822158813476563 14.129992485046386719 14.182369232177734375 14.252251625061035156 14.335846900939941406 14.423917770385742188 14.501245498657226563 14.548396110534667969 14.575382232666015625 14.585024833679199219 14.578701019287109375 14.544474601745605469 14.454845428466796875 14.296320915222167969 14.084834098815917969 13.870015144348144531 13.730020523071289063 13.732769012451171875 13.847261428833007813 13.922178268432617188 13.941521644592285156
12.550100326538085938 12.714848518371582031 12.77724456787109375 12.769968032836914063 12.697415351867675781 12.755174636840820313 13.244000434875488281 13.840803146362304688 14.235516548156738281 14.462931632995605469 14.550028800964355469 14.478311538696289063 14.272624969482421875 14.131087303161621094 14.193409919738769531 14.291285514831542969 14.351862907409667969 14.334161758422851563 14.241860389709472656 14.206938743591308594 14.240050315856933594 14.318500518798828125 14.430400848388671875 14.53693389892578125 14.613987922668457031 14.632845878601074219 14.632668495178222656 14.616640090942382813 14.591917991638183594 14.544971466064453125 14.450958251953125 14.30406951904296875 14.116635322570800781 13.919262886047363281 13.763268470764160156 13.711309432983398438 13.782903671264648438 13.884418487548828125 13.900006294250488281 13.86614990234375
