MapLinkProApp/griddata/temperature/ASCII/cmems_mod_glo_phy-thetao_anfc_0,083deg_P1D-m_1702458667101_1684,3.asc
ncols        121
nrows        120
xllcorner    -30.041666666667
yllcorner    40.041666655981
cellsize     0.083333333333
NODATA_value  9.9692099683868690468e+36
[rows 0 to 17 of 120, columns 0 to 39 of 121]
3.2049160003662109375 3.2037987709045410156 3.2228877544403076172 3.2557077407836914063 3.2828245162963867188 3.2841944694519042969 3.3142144680023193359 3.3438634872436523438 3.3496270179748535156 3.3382904529571533203 3.3260028362274169922 3.3221364021301269531 3.3267812728881835938 3.3237931728363037109 3.3206114768981933594 3.3237152099609375 3.3268134593963623047 3.3308811187744140625 3.3392074108123779297 3.3484358787536621094 3.3669807910919189453 3.3965363502502441406 3.4163870811462402344 3.4284443855285644531 3.4283964633941650391 3.4336321353912353516 3.4213004112243652344 3.4396214485168457031 3.4285554885864257813 3.4170284271240234375 3.4387142658233642578 3.4580755233764648438 3.4945414066314697266 3.5094347000122070313 3.5182795524597167969 3.5197415351867675781 3.5092103481292724609 3.4970703125 3.4977498054504394531 3.4991767406463623047
3.1892080307006835938 3.1938779354095458984 3.2218544483184814453 3.2715404033660888672 3.2919104099273681641 3.3165347576141357422 3.3239686489105224609 3.3220994472503662109 3.3372857570648193359 3.3444590568542480469 3.34494781494140625 3.3350977897644042969 3.3275282382965087891 3.3244891166687011719 3.3261272907257080078 3.3315997123718261719 3.33603668212890625 3.3338789939880371094 3.3292522430419921875 3.3312213420867919922 3.3300025463104248047 3.3553617000579833984 3.3964810371398925781 3.405914306640625 3.4275829792022705078 3.4043047428131103516 3.3972470760345458984 3.4180736541748046875 3.4090962409973144531 3.4182841777801513672 3.4405171871185302734 3.4811112880706787109 3.5150129795074462891 3.5269525051116943359 3.5292875766754150391 3.5272185802459716797 3.5197308063507080078 3.5105118751525878906 3.5012068748474121094 3.4920780658721923828
3.1943736076354980469 3.2135498523712158203 3.2585616111755371094 3.3025803565979003906 3.3244268894195556641 3.3394315242767333984 3.3479998111724853516 3.351856231689453125 3.3463304042816162109 3.3437414169311523438 3.3448529243469238281 3.3437578678131103516 3.3470218181610107422 3.3454127311706542969 3.3450875282287597656 3.3479890823364257813 3.3478872776031494141 3.3526532649993896484 3.360881805419921875 3.3578934669494628906 3.3605999946594238281 3.3851609230041503906 3.4113528728485107422 3.402057647705078125 3.4139316082000732422 3.4027600288391113281 3.3845286369323730469 3.3769383430480957031 3.3938515186309814453 3.4132864475250244141 3.4564769268035888672 3.4893429279327392578 3.5205721855163574219 3.5274050235748291016 3.531047821044921875 3.5200912952423095703 3.5062322616577148438 3.4873325824737548828 3.4745659828186035156 3.4776375293731689453
3.1941981315612792969 3.2239520549774169922 3.2833921909332275391 3.3361656665802001953 3.3522162437438964844 3.3433785438537597656 3.3370821475982666016 3.3365895748138427734 3.3338639736175537109 3.3482749462127685547 3.3630976676940917969 3.3603429794311523438 3.3624486923217773438 3.3624408245086669922 3.3601338863372802734 3.3570232391357421875 3.3499801158905029297 3.3474879264831542969 3.3426721096038818359 3.3346316814422607422 3.3652431964874267578 3.3977186679840087891 3.4274284839630126953 3.4287743568420410156 3.4408061504364013672 3.4152712821960449219 3.3978052139282226563 3.3855416774749755859 3.4182033538818359375 3.4396529197692871094 3.4742977619171142578 3.4959211349487304688 3.5246865749359130859 3.5284993648529052734 3.5226945877075195313 3.501239776611328125 3.4793789386749267578 3.4479615688323974609 3.4507539272308349609 3.4807994365692138672
3.2079093456268310547 3.2575597763061523438 3.323516845703125 3.3647632598876953125 3.3567671775817871094 3.3434965610504150391 3.3372683525085449219 3.3281309604644775391 3.3249871730804443359 3.3465044498443603516 3.3796370029449462891 3.4000620841979980469 3.4132950305938720703 9.9692099683868690468e+36 9.9692099683868690468e+36 3.4103977680206298828 3.3901834487915039063 3.3614695072174072266 3.3473012447357177734 3.3442325592041015625 3.37689971923828125 3.4131622314453125 3.41722869873046875 3.4279372692108154297 3.4435968399047851563 3.4411871433258056641 3.4424395561218261719 3.4321608543395996094 3.4342501163482666016 3.4456541538238525391 3.458587646484375 3.4686734676361083984 3.4927446842193603516 3.5114805698394775391 3.4990634918212890625 3.4668633937835693359 3.4247040748596191406 3.4098262786865234375 3.4263486862182617188 3.4587452411651611328
3.2760319709777832031 3.3225584030151367188 3.3542501926422119141 3.3845131397247314453 3.3588428497314453125 3.3395063877105712891 3.33098602294921875 3.3144216537475585938 3.3129091262817382813 3.3421702384948730469 3.3888678550720214844 3.4330246448516845703 3.4517378807067871094 3.4386980533599853516 3.4111530780792236328 9.9692099683868690468e+36 3.3782563209533691406 3.3435373306274414063 3.3261399269104003906 3.3304038047790527344 3.358051300048828125 3.3818888664245605469 3.4278156757354736328 3.4214253425598144531 3.4248819351196289063 3.4356684684753417969 3.4360387325286865234 3.4052083492279052734 3.4044094085693359375 3.4058492183685302734 3.4135692119598388672 3.4318509101867675781 3.4590106010437011719 3.4832398891448974609 3.4697377681732177734 3.4262452125549316406 3.3926670551300048828 3.4002823829650878906 3.4166955947875976563 3.4419057369232177734
3.3293969631195068359 3.3223476409912109375 3.3257081508636474609 3.3500070571899414063 3.3450210094451904297 3.3236410617828369141 3.3099668025970458984 3.293399810791015625 3.29514312744140625 3.3184714317321777344 3.3561632633209228516 3.4014251232147216797 3.4245882034301757813 3.4051563739776611328 3.3676559925079345703 3.3455564975738525391 3.3389730453491210938 3.3372571468353271484 3.3482379913330078125 3.3748009204864501953 3.404514312744140625 3.4261188507080078125 3.4389793872833251953 3.4319598674774169922 3.4238042831420898438 3.4195573329925537109 3.4238686561584472656 3.3882887363433837891 3.3958890438079833984 3.3951044082641601563 3.4032499790191650391 3.4159595966339111328 3.4376471042633056641 3.4595687389373779297 3.4460749626159667969 3.4146795272827148438 3.4000070095062255859 3.4123396873474121094 3.4378778934478759766 3.4668326377868652344
3.2978050708770751953 3.2857756614685058594 3.2835092544555664063 3.3061010837554931641 3.3275516033172607422 3.3227138519287109375 3.3132472038269042969 3.2953855991363525391 3.2848179340362548828 3.2953078746795654297 3.3179745674133300781 3.3629517555236816406 3.4203228950500488281 3.4366602897644042969 3.4000351428985595703 3.3638441562652587891 3.3592641353607177734 3.3731908798217773438 3.4023022651672363281 3.4255321025848388672 3.4269034862518310547 3.4334032535552978516 3.4316630363464355469 3.4129168987274169922 3.4164566993713378906 3.4030144214630126953 3.4125413894653320313 3.4007668495178222656 3.3893749713897705078 3.4086387157440185547 3.4157662391662597656 3.4326672554016113281 3.4412567615509033203 3.4495317935943603516 3.4446747303009033203 3.4237303733825683594 3.4079174995422363281 3.4115290641784667969 3.4399380683898925781 3.4811599254608154297
3.3219468593597412109 3.3072741031646728516 3.2861132621765136719 3.2918004989624023438 3.3066549301147460938 3.314422607421875 3.3150033950805664063 3.3046038150787353516 3.2908728122711181641 3.2770731449127197266 3.28569793701171875 3.3274121284484863281 3.3850660324096679688 3.4223561286926269531 3.4254095554351806641 3.4123008251190185547 3.4057054519653320313 3.4128746986389160156 3.4221074581146240234 3.4311008453369140625 3.4276664257049560547 3.422119140625 3.4251434803009033203 3.4242937564849853516 3.4226775169372558594 3.4174468517303466797 3.3978443145751953125 3.391387939453125 3.3881371021270751953 3.4035494327545166016 3.4110431671142578125 3.4217619895935058594 3.4318804740905761719 3.4370663166046142578 3.4353346824645996094 3.4191670417785644531 3.4039616584777832031 3.4046487808227539063 3.4321377277374267578 3.4773468971252441406
3.40680694580078125 3.3726165294647216797 3.3254675865173339844 3.2941565513610839844 3.2779271602630615234 3.2903439998626708984 3.3058359622955322266 3.3072724342346191406 3.2917628288269042969 3.2726070880889892578 3.2653708457946777344 3.2984535694122314453 3.3607985973358154297 3.4169118404388427734 3.4401092529296875 3.4273915290832519531 3.4027292728424072266 3.3942182064056396484 3.4097878932952880859 3.4259243011474609375 3.4314401149749755859 3.4233610630035400391 3.4261734485626220703 3.4434080123901367188 3.4493639469146728516 3.4472384452819824219 3.4179604053497314453 3.4123713970184326172 3.4264192581176757813 3.4299497604370117188 3.4099051952362060547 3.4115505218505859375 3.4248578548431396484 3.4203867912292480469 3.4148745536804199219 3.4035096168518066406 3.3997635841369628906 3.4112684726715087891 3.4359204769134521484 3.4713046550750732422
3.4340527057647705078 3.4150784015655517578 3.3828647136688232422 3.3558440208435058594 3.2999854087829589844 3.2769646644592285156 3.2960975170135498047 3.3048470020294189453 3.2941515445709228516 3.2685148715972900391 3.2565152645111083984 3.2768280506134033203 3.3348851203918457031 3.4004974365234375 3.4372324943542480469 3.4394328594207763672 3.4148566722869873047 3.3852655887603759766 3.3787691593170166016 3.3811204433441162109 3.3761491775512695313 3.3627123832702636719 3.3751654624938964844 3.3839461803436279297 3.4093112945556640625 3.4226827621459960938 3.4174592494964599609 3.4364297389984130859 3.4414267539978027344 3.4342565536499023438 3.4118533134460449219 3.4295907020568847656 3.4351334571838378906 3.41547393798828125 3.4040915966033935547 3.3904137611389160156 3.3892030715942382813 3.3954148292541503906 3.4172737598419189453 3.4508500099182128906
3.3962965011596679688 3.3722856044769287109 3.36553192138671875 3.3786103725433349609 3.349414825439453125 3.3031110763549804688 3.2883932590484619141 3.3056733608245849609 3.3033883571624755859 3.2823848724365234375 3.2553384304046630859 3.2618160247802734375 3.3216519355773925781 3.3956928253173828125 3.4426071643829345703 3.4601907730102539063 3.4507377147674560547 3.4199759960174560547 3.4011428356170654297 3.3925282955169677734 3.3811984062194824219 3.3576357364654541016 3.3383507728576660156 3.3317470550537109375 3.3469114303588867188 3.3501899242401123047 3.3761563301086425781 3.3903441429138183594 3.415561676025390625 3.4284625053405761719 3.4379985332489013672 3.4373481273651123047 3.4369940757751464844 3.4193239212036132813 3.4100184440612792969 3.3942358493804931641 3.3839509487152099609 3.3875997066497802734 3.3895261287689208984 3.3988082408905029297
3.4401412010192871094 3.3950316905975341797 3.3655581474304199219 3.3524529933929443359 3.3568706512451171875 3.3209948539733886719 3.3059396743774414063 3.3076708316802978516 3.3037371635437011719 3.2849783897399902344 3.262256622314453125 3.2784547805786132813 3.3445994853973388672 3.4051160812377929688 3.4305214881896972656 3.4494719505310058594 3.4539849758148193359 3.4230523109436035156 3.4002535343170166016 3.3900787830352783203 3.3834280967712402344 3.3779141902923583984 3.3621261119842529297 3.3495442867279052734 3.3472399711608886719 3.3430514335632324219 3.3411817550659179688 3.3543660640716552734 3.3666365146636962891 3.4022243022918701172 3.4388594627380371094 3.4404480457305908203 3.4161777496337890625 3.4164872169494628906 3.4167540073394775391 3.4095816612243652344 3.4050273895263671875 3.3901336193084716797 3.3836569786071777344 3.3873524665832519531
3.5107014179229736328 3.4440567493438720703 3.4053919315338134766 3.3796968460083007813 3.3460512161254882813 3.3071141242980957031 3.2966902256011962891 3.2978980541229248047 3.3154401779174804688 3.3144536018371582031 3.3103704452514648438 3.3517620563507080078 3.4128487110137939453 3.4328377246856689453 3.4136698246002197266 3.403240203857421875 3.408565521240234375 3.3934543132781982422 3.3855230808258056641 3.38068389892578125 3.3747589588165283203 3.3811724185943603516 3.3704652786254882813 3.3643987178802490234 3.371768951416015625 3.3785462379455566406 3.3603050708770751953 3.3378951549530029297 3.3391895294189453125 3.3684420585632324219 3.3930788040161132813 3.4129757881164550781 3.4066421985626220703 3.4150900840759277344 3.4098718166351318359 3.4087440967559814453 3.3983676433563232422 3.3946826457977294922 3.3883154392242431641 3.3883266448974609375
3.6082603931427001953 3.5329988002777099609 3.4673213958740234375 3.43239593505859375 3.4050400257110595703 3.3874299526214599609 3.4176592826843261719 3.4358999729156494141 3.4373216629028320313 3.4245154857635498047 3.4392874240875244141 3.4747500419616699219 3.48923492431640625 3.4688801765441894531 3.429325103759765625 3.3998918533325195313 3.3926258087158203125 3.3972105979919433594 3.4090495109558105469 3.4060819149017333984 9.9692099683868690468e+36 9.9692099683868690468e+36 3.4010324478149414063 3.3709261417388916016 3.3780765533447265625 3.3700184822082519531 3.3355011940002441406 3.3181467056274414063 3.3284804821014404297 3.3458619117736816406 3.3658111095428466797 3.3921377658843994141 3.3877971172332763672 3.3980143070220947266 3.3944737911224365234 3.3882510662078857422 3.3850455284118652344 3.3867285251617431641 3.3863897323608398438 3.3867108821868896484
3.6603066921234130859 3.576198577880859375 3.4948062896728515625 3.4571826457977294922 3.4555170536041259766 3.46218109130859375 3.4889636039733886719 3.500888824462890625 3.5083286762237548828 3.5089142322540283203 3.5072970390319824219 3.5066769123077392578 3.5022425651550292969 3.483585357666015625 3.4410707950592041016 3.3991410732269287109 3.3943789005279541016 3.4081423282623291016 3.4267230033874511719 3.4300343990325927734 3.4040951728820800781 9.9692099683868690468e+36 9.9692099683868690468e+36 3.3649759292602539063 3.3632454872131347656 3.3469617366790771484 3.3247010707855224609 3.3125307559967041016 3.3246114253997802734 3.3476834297180175781 3.3610906600952148438 3.3715152740478515625 3.3787462711334228516 3.386783599853515625 3.3906219005584716797 3.3889362812042236328 3.39055633544921875 3.3901381492614746094 3.3931264877319335938 3.3931570053100585938
3.6964833736419677734 3.6250624656677246094 3.5364849567413330078 3.4764475822448730469 3.4614050388336181641 3.4697577953338623047 3.4802727699279785156 3.4944469928741455078 3.5218806266784667969 3.5370631217956542969 3.530483245849609375 3.520748138427734375 3.5247442722320556641 3.5230667591094970703 3.4858417510986328125 3.4322197437286376953 3.4065465927124023438 3.4264376163482666016 3.4572153091430664063 3.474796295166015625 3.4121236801147460938 3.3778631687164306641 3.3745148181915283203 3.3767478466033935547 3.3732149600982666016 3.3416361808776855469 3.3289313316345214844 3.3211476802825927734 3.3354258537292480469 3.3394193649291992188 3.3363771438598632813 3.3522202968597412109 3.36441802978515625 3.3583369255065917969 3.3511748313903808594 3.3533420562744140625 3.3636143207550048828 3.3781704902648925781 3.3957462310791015625 3.4118025302886962891
3.6983127593994140625 3.6279151439666748047 3.5390162467956542969 3.4974277019500732422 3.4878997802734375 3.4639887809753417969 3.4487700462341308594 3.4727661609649658203 3.5198121070861816406 3.5399911403656005859 3.5450532436370849609 3.5413885116577148438 3.5291688442230224609 3.5254912376403808594 3.5106947422027587891 3.4681458473205566406 3.4443442821502685547 3.4759111404418945313 3.5170052051544189453 3.5315084457397460938 3.4778342247009277344 3.4612812995910644531 3.4355711936950683594 3.4275202751159667969 3.4053275585174560547 3.3568394184112548828 3.3284363746643066406 3.3402559757232666016 3.3242051601409912109 3.3282265663146972656 3.3319008350372314453 3.3212583065032958984 3.3274030685424804688 3.3122406005859375 3.3098924160003662109 3.3202903270721435547 3.3495225906372070313 3.3856945037841796875 3.4050567150115966797 3.4197354316711425781
