MapLinkProApp/griddata/temperature/ASCII/cmems_mod_glo_phy-thetao_anfc_0,083deg_P1D-m_1702458667101_34,4.asc
ncols        121
nrows        120
xllcorner    -30.041666666667
yllcorner    40.041666655981
cellsize     0.083333333333
NODATA_value  9.9692099683868690468e+36
[rows 0 to 17 of 120, columns 80 to 119 of 121]
12.677400588989257813 12.603221893310546875 12.514475822448730469 12.578159332275390625 12.816728591918945313 13.043964385986328125 13.316417694091796875 13.493322372436523438 13.543361663818359375 13.567139625549316406 13.5852813720703125 13.571637153625488281 13.542254447937011719 13.51743316650390625 13.500703811645507813 13.487598419189453125 13.479877471923828125 13.482053756713867188 13.481707572937011719 13.474262237548828125 13.447885513305664063 13.397364616394042969 13.3834686279296875 13.409293174743652344 13.42505645751953125 13.394229888916015625 13.330653190612792969 13.2736358642578125 13.176517486572265625 13.049943923950195313 12.944054603576660156 12.908200263977050781 12.902807235717773438 12.871880531311035156 12.788401603698730469 12.694669723510742188 12.720012664794921875 12.951710700988769531 13.235835075378417969 13.326566696166992188
13.126320838928222656 13.04785919189453125 13.011515617370605469 13.174141883850097656 13.298900604248046875 13.381358146667480469 13.524975776672363281 13.551256179809570313 13.543452262878417969 13.564922332763671875 13.565278053283691406 13.533384323120117188 13.5037689208984375 13.491682052612304688 13.490868568420410156 13.471887588500976563 13.43795013427734375 13.422688484191894531 13.416194915771484375 13.412211418151855469 13.405157089233398438 13.415235519409179688 13.442593574523925781 13.467714309692382813 13.436398506164550781 13.352236747741699219 13.252120018005371094 13.177465438842773438 13.132602691650390625 13.10247802734375 13.0717315673828125 13.018633842468261719 12.923661231994628906 12.825245857238769531 12.757755279541015625 12.753938674926757813 12.87703704833984375 13.095185279846191406 13.262323379516601563 13.331697463989257813
13.405048370361328125 13.349409103393554688 13.37902069091796875 13.473567962646484375 13.462554931640625 13.507941246032714844 13.567801475524902344 13.541882514953613281 13.532120704650878906 13.554553031921386719 13.543148994445800781 13.51401519775390625 13.498048782348632813 13.490129470825195313 13.482885360717773438 13.460927963256835938 13.432207107543945313 13.414540290832519531 13.399303436279296875 13.388564109802246094 13.432553291320800781 13.453377723693847656 13.431604385375976563 13.388115882873535156 13.3470306396484375 13.330022811889648438 13.306767463684082031 13.220279693603515625 13.070212364196777344 12.94927215576171875 12.871022224426269531 12.854804039001464844 12.868428230285644531 12.906158447265625 12.947378158569335938 13.002593040466308594 13.089360237121582031 13.188347816467285156 13.268970489501953125 13.328322410583496094
13.535422325134277344 13.4834442138671875 13.537336349487304688 13.57181549072265625 13.527767181396484375 13.573605537414550781 13.569456100463867188 13.521123886108398438 13.514774322509765625 13.52912139892578125 13.50803375244140625 13.49292755126953125 13.492268562316894531 13.480707168579101563 13.466023445129394531 13.460198402404785156 13.460568428039550781 13.457624435424804688 13.459367752075195313 13.460530281066894531 13.467011451721191406 13.4542999267578125 13.418702125549316406 13.358526229858398438 13.2791900634765625 13.177044868469238281 13.090587615966796875 13.019586563110351563 13.016251564025878906 13.037969589233398438 13.101078033447265625 13.180158615112304688 13.262347221374511719 13.32183837890625 13.365799903869628906 13.39910125732421875 13.422969818115234375 13.436628341674804688 13.442219734191894531 13.442009925842285156
13.57122802734375 13.510711669921875 13.578066825866699219 13.601549148559570313 13.55449676513671875 13.592258453369140625 13.568271636962890625 13.509502410888671875 13.495616912841796875 13.496026992797851563 13.463231086730957031 13.452301025390625 13.466961860656738281 13.470997810363769531 13.466902732849121094 13.475770950317382813 13.49196624755859375 13.494849205017089844 13.489851951599121094 13.465839385986328125 13.390680313110351563 13.31232452392578125 13.20175933837890625 13.114951133728027344 13.101076126098632813 13.121039390563964844 13.180483818054199219 13.236330986022949219 13.292135238647460938 13.306315422058105469 13.330621719360351563 13.329769134521484375 13.335056304931640625 13.345371246337890625 13.371136665344238281 13.414198875427246094 13.45360565185546875 13.47675323486328125 13.481503486633300781 13.474078178405761719
13.674458503723144531 13.590229034423828125 13.639743804931640625 13.648600578308105469 13.585293769836425781 13.595312118530273438 13.573908805847167969 13.506096839904785156 13.47815704345703125 13.471132278442382813 13.415021896362304688 13.381241798400878906 13.385893821716308594 13.397027969360351563 13.413852691650390625 13.428525924682617188 13.419848442077636719 13.390355110168457031 13.341176033020019531 13.275340080261230469 13.207605361938476563 13.156482696533203125 13.165734291076660156 13.202943801879882813 13.259566307067871094 13.28997039794921875 13.327364921569824219 13.31861114501953125 13.32340240478515625 13.295475006103515625 13.308624267578125 13.299092292785644531 13.279619216918945313 13.266804695129394531 13.276960372924804688 13.331933975219726563 13.41124725341796875 13.47658538818359375 13.508739471435546875 13.512213706970214844
13.745818138122558594 13.668864250183105469 13.699678421020507813 13.686244010925292969 13.609483718872070313 13.59510040283203125 13.58419036865234375 13.510788917541503906 13.461109161376953125 13.455674171447753906 13.400641441345214844 13.33673858642578125 13.311352729797363281 13.311623573303222656 13.327500343322753906 13.328443527221679688 13.293931007385253906 13.24971771240234375 13.205363273620605469 13.184676170349121094 13.216243743896484375 13.279021263122558594 13.327686309814453125 13.33788299560546875 13.307290077209472656 13.256116867065429688 13.231354713439941406 13.201783180236816406 13.209340095520019531 13.210457801818847656 13.224864006042480469 13.232023239135742188 13.241316795349121094 13.227004051208496094 13.215007781982421875 13.246119499206542969 13.330716133117675781 13.429781913757324219 13.501545906066894531 13.537880897521972656
13.787665367126464844 13.7401885986328125 13.746402740478515625 13.700215339660644531 13.625307083129882813 13.594180107116699219 13.597420692443847656 13.528624534606933594 13.444471359252929688 13.432576179504394531 13.395778656005859375 13.336108207702636719 13.315357208251953125 13.290570259094238281 13.267076492309570313 13.246282577514648438 13.218705177307128906 13.20229339599609375 13.207134246826171875 13.244564056396484375 13.295786857604980469 13.321849822998046875 13.304639816284179688 13.235164642333984375 13.167889595031738281 13.13568878173828125 13.135338783264160156 13.109929084777832031 13.108752250671386719 13.107254981994628906 13.105574607849121094 13.142399787902832031 13.183247566223144531 13.186566352844238281 13.188486099243164063 13.216203689575195313 13.281859397888183594 13.381962776184082031 13.479245185852050781 13.547410011291503906
13.818928718566894531 13.785764694213867188 13.732993125915527344 13.660033226013183594 13.609963417053222656 13.582613945007324219 13.597222328186035156 13.555094718933105469 13.4449615478515625 13.41657257080078125 13.392984390258789063 13.3103485107421875 13.268664360046386719 13.226062774658203125 13.19571685791015625 13.188963890075683594 13.197420120239257813 13.221337318420410156 13.255526542663574219 13.290707588195800781 13.306531906127929688 13.288517951965332031 13.243184089660644531 13.215845108032226563 13.225296974182128906 13.230785369873046875 13.194427490234375 13.153789520263671875 13.130521774291992188 13.121640205383300781 13.115132331848144531 13.115787506103515625 13.13213348388671875 13.143337249755859375 13.163958549499511719 13.209259986877441406 13.276734352111816406 13.361397743225097656 13.4498138427734375 13.523676872253417969
13.829092025756835938 13.750327110290527344 13.644338607788085938 13.588609695434570313 13.58615875244140625 13.599089622497558594 13.599047660827636719 13.581412315368652344 13.470707893371582031 13.396611213684082031 13.392474174499511719 13.302610397338867188 13.238667488098144531 13.194788932800292969 13.170576095581054688 13.177639961242675781 13.202290534973144531 13.235001564025878906 13.271313667297363281 13.297432899475097656 13.301663398742675781 13.281459808349609375 13.255006790161132813 13.244917869567871094 13.243940353393554688 13.227332115173339844 13.199018478393554688 13.16290283203125 13.120902061462402344 13.124718666076660156 13.132966041564941406 13.141890525817871094 13.148592948913574219 13.151356697082519531 13.16898345947265625 13.216101646423339844 13.295334815979003906 13.3834075927734375 13.460142135620117188 13.521021842956542969
13.762066841125488281 13.626851081848144531 13.597880363464355469 13.670452117919921875 13.681910514831542969 13.676486015319824219 13.648370742797851563 13.615530014038085938 13.511403083801269531 13.389479637145996094 13.371619224548339844 13.338262557983398438 13.246260643005371094 13.191373825073242188 13.167128562927246094 13.181606292724609375 13.220384597778320313 13.258513450622558594 13.291329383850097656 13.312600135803222656 13.314169883728027344 13.302186965942382813 13.286488533020019531 13.271430015563964844 13.249264717102050781 13.226659774780273438 13.217299461364746094 13.174820899963378906 13.129853248596191406 13.115779876708984375 13.132562637329101563 13.157070159912109375 13.168328285217285156 13.171465873718261719 13.190075874328613281 13.24442291259765625 13.333607673645019531 13.432326316833496094 13.5169830322265625 13.574147224426269531
13.6447601318359375 13.644865989685058594 13.724151611328125 13.748142242431640625 13.747037887573242188 13.721405029296875 13.672282218933105469 13.616431236267089844 13.515073776245117188 13.392920494079589844 13.345455169677734375 13.36810302734375 13.30487823486328125 13.217555046081542969 13.157090187072753906 13.144317626953125 13.181215286254882813 13.238806724548339844 13.284800529479980469 13.307826042175292969 13.312102317810058594 13.3027191162109375 13.280902862548828125 13.253108024597167969 13.218530654907226563 13.188523292541503906 13.174707412719726563 13.146411895751953125 13.110789299011230469 13.104747772216796875 13.125046730041503906 13.17041778564453125 13.198329925537109375 13.202756881713867188 13.225812911987304688 13.304721832275390625 13.422613143920898438 13.534195899963378906 13.620530128479003906 13.676721572875976563
13.713872909545898438 13.741466522216796875 13.762935638427734375 13.765984535217285156 13.762700080871582031 13.74976348876953125 13.728058815002441406 13.691152572631835938 13.629456520080566406 13.536464691162109375 13.43659210205078125 13.351240158081054688 13.308068275451660156 13.284667015075683594 13.247998237609863281 13.197511672973632813 13.158001899719238281 13.143894195556640625 13.152111053466796875 13.169823646545410156 13.183392524719238281 13.183568000793457031 13.167044639587402344 13.139468193054199219 13.113392829895019531 13.098175048828125 13.107308387756347656 13.100655555725097656 13.087876319885253906 13.096137046813964844 13.128060340881347656 13.183588027954101563 13.225374221801757813 13.226764678955078125 13.26685333251953125 13.378505706787109375 13.522390365600585938 13.644636154174804688 13.722815513610839844 13.76062774658203125
13.751191139221191406 13.786977767944335938 13.810888290405273438 13.812468528747558594 13.8152618408203125 13.805826187133789063 13.796858787536621094 13.789117813110351563 13.773899078369140625 13.743814468383789063 13.687296867370605469 13.595791816711425781 13.460331916809082031 13.328444480895996094 13.251220703125 13.216043472290039063 13.199364662170410156 13.184752464294433594 13.163058280944824219 13.139605522155761719 13.119609832763671875 13.099473953247070313 13.079173088073730469 13.061852455139160156 13.047228813171386719 13.046987533569335938 13.062518119812011719 13.059183120727539063 13.068965911865234375 13.102224349975585938 13.16292572021484375 13.243523597717285156 13.265605926513671875 13.269109725952148438 13.361690521240234375 13.511829376220703125 13.658608436584472656 13.759368896484375 13.814544677734375 13.831426620483398438
13.869580268859863281 13.919478416442871094 13.922754287719726563 13.932267189025878906 13.932173728942871094 13.929429054260253906 13.929132461547851563 13.924726486206054688 13.9183502197265625 13.904192924499511719 13.8746795654296875 13.834420204162597656 13.781109809875488281 13.686144828796386719 13.55788421630859375 13.417197227478027344 13.295984268188476563 13.217122077941894531 13.170287132263183594 13.142519950866699219 13.125365257263183594 13.108887672424316406 13.09140777587890625 13.076205253601074219 13.062548637390136719 13.057836532592773438 13.058355331420898438 13.053990364074707031 13.087815284729003906 13.140484809875488281 13.226043701171875 13.299420356750488281 13.291695594787597656 13.332760810852050781 13.483305931091308594 13.644635200500488281 13.778385162353515625 13.862884521484375 13.898378372192382813 13.909494400024414063
13.966605186462402344 13.950663566589355469 13.941381454467773438 13.922079086303710938 13.911901473999023438 13.91545867919921875 13.923971176147460938 13.93719482421875 13.953282356262207031 13.96642303466796875 13.973440170288085938 13.967120170593261719 13.943236351013183594 13.896142005920410156 13.849210739135742188 13.769862174987792969 13.672636032104492188 13.547206878662109375 13.416120529174804688 13.300326347351074219 13.2130279541015625 13.154824256896972656 13.119536399841308594 13.097625732421875 13.082456588745117188 13.077528953552246094 13.081889152526855469 13.111075401306152344 13.178007125854492188 13.248426437377929688 13.329895973205566406 13.33654022216796875 13.334573745727539063 13.451494216918945313 13.610124588012695313 13.761828422546386719 13.890787124633789063 13.958016395568847656 13.984378814697265625 13.991692543029785156
13.92292022705078125 13.874576568603515625 13.843636512756347656 13.829957962036132813 13.841721534729003906 13.868129730224609375 13.898191452026367188 13.932835578918457031 13.958216667175292969 13.968588829040527344 13.971463203430175781 13.977832794189453125 13.982152938842773438 13.9722442626953125 13.946328163146972656 13.891340255737304688 13.831308364868164063 13.755151748657226563 13.669545173645019531 13.567114830017089844 13.451508522033691406 13.345271110534667969 13.267034530639648438 13.212805747985839844 13.181986808776855469 13.177428245544433594 13.191777229309082031 13.244898796081542969 13.303346633911132813 13.372240066528320313 13.390353202819824219 13.347925186157226563 13.428173065185546875 13.591195106506347656 13.748727798461914063 13.922208786010742188 14.040555953979492188 14.066336631774902344 14.052188873291015625 14.037072181701660156
13.814356803894042969 13.780102729797363281 13.774393081665039063 13.80170440673828125 13.851311683654785156 13.918227195739746094 13.985608100891113281 14.039987564086914063 14.061261177062988281 14.063198089599609375 14.0499420166015625 14.027830123901367188 14.007662773132324219 13.996010780334472656 13.986908912658691406 13.967965126037597656 13.934765815734863281 13.89035797119140625 13.837245941162109375 13.770915031433105469 13.684171676635742188 13.585141181945800781 13.491229057312011719 13.41646575927734375 13.36667633056640625 13.342251777648925781 13.342584609985351563 13.365365028381347656 13.40155029296875 13.429175376892089844 13.390027046203613281 13.391779899597167969 13.535538673400878906 13.692169189453125 13.872786521911621094 14.056737899780273438 14.113887786865234375 14.07830810546875 14.041822433471679688 14.02074432373046875
