MapLinkProApp/griddata/temperature/ASCII/cmems_mod_glo_phy-thetao_anfc_0,083deg_P1D-m_1702458667101_3992,5.asc
ncols        121
nrows        120
xllcorner    -30.041666666667
yllcorner    40.041666655981
cellsize     0.083333333333
NODATA_value  9.9692099683868690468e+36
[rows 32 to 47 of 120, columns 74 to 110 of 121]
9.9692099683868690468e+36 9.9692099683868690468e+36 9.9692099683868690468e+36 9.9692099683868690468e+36 9.9692099683868690468e+36 9.9692099683868690468e+36 9.9692099683868690468e+36 9.9692099683868690468e+36 9.9692099683868690468e+36 9.9692099683868690468e+36 9.9692099683868690468e+36 2.2024366855621337891 2.2025725841522216797 2.1970145702362060547 2.1952700614929199219 2.1906244754791259766 2.1904721260070800781 2.1911695003509521484 2.1888191699981689453 2.1883721351623535156 9.9692099683868690468e+36 2.1959450244903564453 2.1971869468688964844 2.1807889938354492188 2.1879923343658447266 2.1938314437866210938 2.1887433528900146484 2.1809279918670654297 2.1826148033142089844 2.178874969482421875 2.1837105751037597656 2.1914350986480712891 2.1888484954833984375 2.1870772838592529297 2.1887791156768798828 2.1860692501068115234 2.1891257762908935547
9.9692099683868690468e+36 9.9692099683868690468e+36 9.9692099683868690468e+36 9.9692099683868690468e+36 9.9692099683868690468e+36 9.9692099683868690468e+36 9.9692099683868690468e+36 9.9692099683868690468e+36 9.9692099683868690468e+36 9.9692099683868690468e+36 9.9692099683868690468e+36 9.9692099683868690468e+36 9.9692099683868690468e+36 2.1977758407592773438 2.1928310394287109375 2.1918206214904785156 9.9692099683868690468e+36 2.1919906139373779297 2.1989972591400146484 2.1963458061218261719 2.1978485584259033203 2.1990807056427001953 2.1985607147216796875 2.1846778392791748047 2.1827085018157958984 2.1701207160949707031 2.1724922657012939453 2.1933400630950927734 2.2058260440826416016 2.1882243156433105469 2.1936750411987304688 2.1879911422729492188 2.1855673789978027344 2.1768274307250976563 2.1822261810302734375 2.1889021396636962891 2.2007172107696533203
9.9692099683868690468e+36 9.9692099683868690468e+36 9.9692099683868690468e+36 9.9692099683868690468e+36 9.9692099683868690468e+36 9.9692099683868690468e+36 9.9692099683868690468e+36 9.9692099683868690468e+36 9.9692099683868690468e+36 9.9692099683868690468e+36 9.9692099683868690468e+36 9.9692099683868690468e+36 9.9692099683868690468e+36 9.9692099683868690468e+36 2.2165868282318115234 2.1989939212799072266 2.2039005756378173828 2.2126493453979492188 2.2054057121276855469 2.2005333900451660156 2.2070736885070800781 2.2036998271942138672 2.2105116844177246094 2.2064545154571533203 2.2068614959716796875 2.1964254379272460938 2.1866738796234130859 2.2006309032440185547 2.1943964958190917969 2.1833865642547607422 2.1788184642791748047 2.1646065711975097656 2.1645669937133789063 2.1616523265838623047 2.1667096614837646484 2.1777689456939697266 2.1856181621551513672
9.9692099683868690468e+36 9.9692099683868690468e+36 9.9692099683868690468e+36 9.9692099683868690468e+36 9.9692099683868690468e+36 9.9692099683868690468e+36 9.9692099683868690468e+36 9.9692099683868690468e+36 9.9692099683868690468e+36 9.9692099683868690468e+36 9.9692099683868690468e+36 9.9692099683868690468e+36 9.9692099683868690468e+36 9.9692099683868690468e+36 9.9692099683868690468e+36 9.9692099683868690468e+36 2.2063746452331542969 2.2062160968780517578 2.1978120803833007813 2.2012729644775390625 2.2129473686218261719 2.2160253524780273438 2.2087290287017822266 2.2009339332580566406 2.2096896171569824219 2.1982989311218261719 2.1855063438415527344 2.1882948875427246094 2.1764822006225585938 2.1744828224182128906 2.1587884426116943359 2.1571114063262939453 2.1724593639373779297 2.1618828773498535156 2.1571109294891357422 2.1671862602233886719 2.172870635986328125
9.9692099683868690468e+36 9.9692099683868690468e+36 9.9692099683868690468e+36 9.9692099683868690468e+36 9.9692099683868690468e+36 9.9692099683868690468e+36 9.9692099683868690468e+36 9.9692099683868690468e+36 9.9692099683868690468e+36 9.9692099683868690468e+36 9.9692099683868690468e+36 9.9692099683868690468e+36 9.9692099683868690468e+36 9.9692099683868690468e+36 9.9692099683868690468e+36 9.9692099683868690468e+36 2.21233367919921875 2.2013645172119140625 2.2040758132934570313 2.2043161392211914063 2.2026741504669189453 2.2156381607055664063 2.1983437538146972656 2.1841902732849121094 2.2156946659088134766 2.1941235065460205078 2.1915562152862548828 2.1959202289581298828 2.1790370941162109375 2.1744060516357421875 2.1593708992004394531 2.1634433269500732422 2.1780793666839599609 2.1650493144989013672 2.1619179248809814453 2.1709859371185302734 2.1845910549163818359
9.9692099683868690468e+36 9.9692099683868690468e+36 9.9692099683868690468e+36 9.9692099683868690468e+36 9.9692099683868690468e+36 9.9692099683868690468e+36 9.9692099683868690468e+36 9.9692099683868690468e+36 9.9692099683868690468e+36 9.9692099683868690468e+36 9.9692099683868690468e+36 9.9692099683868690468e+36 9.9692099683868690468e+36 9.9692099683868690468e+36 9.9692099683868690468e+36 9.9692099683868690468e+36 2.2047324180603027344 2.2046530246734619141 2.2003128528594970703 9.9692099683868690468e+36 2.2026691436767578125 2.211864471435546875 2.1968984603881835938 2.1850795745849609375 2.1823034286499023438 2.1813104152679443359 2.1834788322448730469 2.1777462959289550781 2.1691079139709472656 2.1713018417358398438 2.1708192825317382813 2.1812810897827148438 2.1896903514862060547 2.1881344318389892578 2.1916453838348388672 2.1963069438934326172 2.1992099285125732422
9.9692099683868690468e+36 9.9692099683868690468e+36 9.9692099683868690468e+36 9.9692099683868690468e+36 9.9692099683868690468e+36 9.9692099683868690468e+36 9.9692099683868690468e+36 9.9692099683868690468e+36 9.9692099683868690468e+36 9.9692099683868690468e+36 9.9692099683868690468e+36 9.9692099683868690468e+36 9.9692099683868690468e+36 9.9692099683868690468e+36 9.9692099683868690468e+36 9.9692099683868690468e+36 9.9692099683868690468e+36 9.9692099683868690468e+36 2.2013030052185058594 2.1968760490417480469 9.9692099683868690468e+36 2.2077867984771728516 2.1945078372955322266 2.1793615818023681641 2.1780636310577392578 2.1810595989227294922 2.1780562400817871094 2.1651391983032226563 2.1633310317993164063 2.1648716926574707031 2.1674187183380126953 2.1736462116241455078 2.1900537014007568359 2.2029166221618652344 2.2010922431945800781 2.2051742076873779297 2.2090742588043212891
9.9692099683868690468e+36 9.9692099683868690468e+36 9.9692099683868690468e+36 9.9692099683868690468e+36 9.9692099683868690468e+36 9.9692099683868690468e+36 9.9692099683868690468e+36 9.9692099683868690468e+36 9.9692099683868690468e+36 9.9692099683868690468e+36 9.9692099683868690468e+36 9.9692099683868690468e+36 9.9692099683868690468e+36 9.9692099683868690468e+36 9.9692099683868690468e+36 2.2123596668243408203 2.1938147544860839844 2.1981084346771240234 9.9692099683868690468e+36 9.9692099683868690468e+36 2.1950926780700683594 9.9692099683868690468e+36 2.1807577610015869141 2.1707787513732910156 2.1692106723785400391 2.16625213623046875 2.1621835231781005859 2.1544361114501953125 2.1567866802215576172 2.1595559120178222656 2.1667990684509277344 2.1773543357849121094 2.1996572017669677734 2.2088632583618164063 2.2075419425964355469 2.2125868797302246094 2.2226214408874511719
9.9692099683868690468e+36 9.9692099683868690468e+36 9.9692099683868690468e+36 9.9692099683868690468e+36 2.2188117504119873047 9.9692099683868690468e+36 9.9692099683868690468e+36 9.9692099683868690468e+36 9.9692099683868690468e+36 9.9692099683868690468e+36 9.9692099683868690468e+36 9.9692099683868690468e+36 9.9692099683868690468e+36 9.9692099683868690468e+36 9.9692099683868690468e+36 2.2076780796051025391 2.1986396312713623047 2.1925928592681884766 9.9692099683868690468e+36 9.9692099683868690468e+36 9.9692099683868690468e+36 2.1915254592895507813 2.1730327606201171875 2.1617822647094726563 2.1622102260589599609 2.1535680294036865234 2.1537487506866455078 2.1543867588043212891 2.1510517597198486328 2.1626696586608886719 2.1743652820587158203 2.178516387939453125 2.1950833797454833984 2.2001893520355224609 2.2093880176544189453 2.2248480319976806641 2.2349572181701660156
9.9692099683868690468e+36 9.9692099683868690468e+36 9.9692099683868690468e+36 9.9692099683868690468e+36 2.2257959842681884766 2.2096986770629882813 9.9692099683868690468e+36 9.9692099683868690468e+36 9.9692099683868690468e+36 9.9692099683868690468e+36 9.9692099683868690468e+36 9.9692099683868690468e+36 9.9692099683868690468e+36 9.9692099683868690468e+36 9.9692099683868690468e+36 2.1898066997528076172 2.1886665821075439453 2.1877925395965576172 2.1876444816589355469 2.1901676654815673828 2.1890435218811035156 2.1855111122131347656 2.1752686500549316406 2.1679389476776123047 2.1627628803253173828 2.1564340591430664063 2.1540911197662353516 2.1579744815826416016 2.1545939445495605469 2.1602528095245361328 2.1667931079864501953 2.173374176025390625 2.1842720508575439453 2.193065643310546875 2.2118036746978759766 2.2312607765197753906 2.2339174747467041016
9.9692099683868690468e+36 9.9692099683868690468e+36 9.9692099683868690468e+36 9.9692099683868690468e+36 2.2358479499816894531 2.22509765625 9.9692099683868690468e+36 2.2244524955749511719 2.2296237945556640625 9.9692099683868690468e+36 2.2165112495422363281 2.2174859046936035156 2.2234697341918945313 2.2261779308319091797 2.2166028022766113281 9.9692099683868690468e+36 9.9692099683868690468e+36 2.1784338951110839844 2.1791391372680664063 2.18737030029296875 2.1840443611145019531 2.1796731948852539063 2.1790871620178222656 2.1771135330200195313 2.1708881855010986328 2.1593189239501953125 2.1557555198669433594 2.1607656478881835938 2.1632592678070068359 2.1638784408569335938 2.1673500537872314453 2.1724348068237304688 2.1834275722503662109 2.1947548389434814453 2.2136418819427490234 2.2290427684783935547 2.2314438819885253906
9.9692099683868690468e+36 9.9692099683868690468e+36 9.9692099683868690468e+36 9.9692099683868690468e+36 9.9692099683868690468e+36 9.9692099683868690468e+36 9.9692099683868690468e+36 2.2456190586090087891 2.2354714870452880859 2.2207734584808349609 2.2132656574249267578 2.2158632278442382813 2.2085111141204833984 9.9692099683868690468e+36 9.9692099683868690468e+36 9.9692099683868690468e+36 9.9692099683868690468e+36 9.9692099683868690468e+36 2.1809911727905273438 2.1769044399261474609 2.1714220046997070313 2.1742646694183349609 2.176677703857421875 2.17813873291015625 2.1719517707824707031 2.1575474739074707031 2.1547231674194335938 2.1588509082794189453 2.1599383354187011719 2.1637492179870605469 2.1640949249267578125 2.1751027107238769531 2.1941154003143310547 2.1990053653717041016 2.2099864482879638672 2.2210824489593505859 2.2164237499237060547
9.9692099683868690468e+36 9.9692099683868690468e+36 9.9692099683868690468e+36 9.9692099683868690468e+36 9.9692099683868690468e+36 9.9692099683868690468e+36 9.9692099683868690468e+36 9.9692099683868690468e+36 9.9692099683868690468e+36 2.2394969463348388672 9.9692099683868690468e+36 9.9692099683868690468e+36 2.2161755561828613281 9.9692099683868690468e+36 9.9692099683868690468e+36 9.9692099683868690468e+36 9.9692099683868690468e+36 9.9692099683868690468e+36 9.9692099683868690468e+36 2.16957855224609375 2.1701877117156982422 2.1782460212707519531 2.1820316314697265625 2.1750605106353759766 2.1720705032348632813 2.1667277812957763672 2.1612765789031982422 2.1644077301025390625 2.1671764850616455078 2.16650390625 2.1656377315521240234 2.1742186546325683594 2.1839926242828369141 2.1865341663360595703 2.1873917579650878906 2.1946313381195068359 2.2022662162780761719
9.9692099683868690468e+36 9.9692099683868690468e+36 9.9692099683868690468e+36 9.9692099683868690468e+36 9.9692099683868690468e+36 9.9692099683868690468e+36 9.9692099683868690468e+36 9.9692099683868690468e+36 9.9692099683868690468e+36 9.9692099683868690468e+36 9.9692099683868690468e+36 9.9692099683868690468e+36 9.9692099683868690468e+36 9.9692099683868690468e+36 9.9692099683868690468e+36 9.9692099683868690468e+36 9.9692099683868690468e+36 9.9692099683868690468e+36 9.9692099683868690468e+36 9.9692099683868690468e+36 2.1852221488952636719 2.2093043327331542969 9.9692099683868690468e+36 9.9692099683868690468e+36 2.1777956485748291016 2.16921234130859375 2.1716027259826660156 2.1740050315856933594 2.175991058349609375 2.1782422065734863281 2.1756181716918945313 2.1778740882873535156 2.1756596565246582031 2.1732411384582519531 9.9692099683868690468e+36 2.1767897605895996094 2.1777505874633789063
9.9692099683868690468e+36 9.9692099683868690468e+36 9.9692099683868690468e+36 9.9692099683868690468e+36 9.9692099683868690468e+36 9.9692099683868690468e+36 9.9692099683868690468e+36 9.9692099683868690468e+36 9.9692099683868690468e+36 9.9692099683868690468e+36 9.9692099683868690468e+36 9.9692099683868690468e+36 9.9692099683868690468e+36 9.9692099683868690468e+36 9.9692099683868690468e+36 9.9692099683868690468e+36 9.9692099683868690468e+36 9.9692099683868690468e+36 9.9692099683868690468e+36 9.9692099683868690468e+36 2.1789011955261230469 2.1847531795501708984 9.9692099683868690468e+36 9.9692099683868690468e+36 2.1661820411682128906 2.1686503887176513672 2.1753039360046386719 2.1761772632598876953 2.1770827770233154297 2.1824862957000732422 2.1862428188323974609 2.1813509464263916016 2.1716923713684082031 2.1737596988677978516 2.1955311298370361328 2.1810088157653808594 2.1809775829315185547
9.9692099683868690468e+36 9.9692099683868690468e+36 9.9692099683868690468e+36 9.9692099683868690468e+36 9.9692099683868690468e+36 9.9692099683868690468e+36 9.9692099683868690468e+36 9.9692099683868690468e+36 9.9692099683868690468e+36 9.9692099683868690468e+36 9.9692099683868690468e+36 9.9692099683868690468e+36 9.9692099683868690468e+36 9.9692099683868690468e+36 9.9692099683868690468e+36 9.9692099683868690468e+36 9.9692099683868690468e+36 2.1375000476837158203 2.1431806087493896484 9.9692099683868690468e+36 2.1954009532928466797 2.216541290283203125 2.1987473964691162109 9.9692099683868690468e+36 2.1855325698852539063 2.1857652664184570313 2.1701364517211914063 2.1704933643341064453 2.1832377910614013672 2.1842167377471923828 2.1766691207885742188 2.1772902011871337891 2.1807000637054443359 2.1829137802124023438 2.1831967830657958984 2.1810672283172607422 2.1853821277618408203
