MapLinkProApp/griddata/temperature/ASCII/cmems_mod_glo_phy-thetao_anfc_0,083deg_P1D-m_1702458667101_266,0.asc
ncols        121
nrows        120
xllcorner    -30.041666666667
yllcorner    40.041666655981
cellsize     0.083333333333
NODATA_value  9.9692099683868690468e+36
[rows 54 to 71 of 120, columns 80 to 119 of 121]
13.64585113525390625 13.533144950866699219 13.376215934753417969 13.212021827697753906 13.082822799682617188 13.02803802490234375 13.031709671020507813 13.074434280395507813 13.07167816162109375 13.127422332763671875 13.14362335205078125 13.161298751831054688 13.158403396606445313 13.042236328125 13.037404060363769531 13.119519233703613281 13.078399658203125 12.980406761169433594 12.933154106140136719 12.948208808898925781 13.0376129150390625 13.153593063354492188 13.224860191345214844 13.22455596923828125 13.17181396484375 13.114314079284667969 13.041117668151855469 12.928563117980957031 12.783830642700195313 12.626905441284179688 12.468023300170898438 12.28856658935546875 12.106936454772949219 11.965425491333007813 11.921253204345703125 12.031414985656738281 12.208325386047363281 12.357885360717773438 12.477264404296875 12.597327232360839844
13.193512916564941406 13.095870018005371094 13.026845932006835938 13.040735244750976563 13.100546836853027344 13.1768646240234375 13.223509788513183594 13.273499488830566406 13.305516242980957031 13.287730216979980469 13.244365692138671875 13.255474090576171875 13.229372978210449219 13.153885841369628906 13.149504661560058594 13.147920608520507813 13.054478645324707031 12.941179275512695313 12.869937896728515625 12.84703826904296875 12.890238761901855469 12.979015350341796875 13.063222885131835938 13.107277870178222656 13.10225677490234375 13.073088645935058594 13.019023895263671875 12.934757232666015625 12.813381195068359375 12.684069633483886719 12.523164749145507813 12.362006187438964844 12.218113899230957031 12.12830352783203125 12.144124031066894531 12.260512351989746094 12.415524482727050781 12.524778366088867188 12.639544486999511719 12.748734474182128906
13.054659843444824219 13.038172721862792969 13.111749649047851563 13.196818351745605469 13.336600303649902344 13.367452621459960938 13.345685005187988281 13.432321548461914063 13.437003135681152344 13.392435073852539063 13.428942680358886719 13.451444625854492188 13.379489898681640625 13.289660453796386719 13.228402137756347656 13.132059097290039063 13.013489723205566406 12.903833389282226563 12.830931663513183594 12.785525321960449219 12.754433631896972656 12.747860908508300781 12.764356613159179688 12.785164833068847656 12.795857429504394531 12.794567108154296875 12.771718025207519531 12.722974777221679688 12.641055107116699219 12.541502952575683594 12.44136810302734375 12.350080490112304688 12.320473670959472656 12.333316802978515625 12.422678947448730469 12.550563812255859375 12.681985855102539063 12.810505867004394531 12.885445594787597656 12.945088386535644531
13.141995429992675781 13.212050437927246094 13.252870559692382813 13.245615005493164063 13.219099044799804688 13.173679351806640625 13.18560791015625 13.270250320434570313 13.221569061279296875 13.172215461730957031 13.287470817565917969 13.345978736877441406 13.253710746765136719 13.196805953979492188 13.158580780029296875 13.09531402587890625 13.007483482360839844 12.938594818115234375 12.9093780517578125 12.883275032043457031 12.837396621704101563 12.784409523010253906 12.738453865051269531 12.701446533203125 12.674081802368164063 12.65584564208984375 12.630461692810058594 12.590665817260742188 12.549420356750488281 12.508841514587402344 12.468894004821777344 12.4828338623046875 12.537143707275390625 12.621958732604980469 12.730136871337890625 12.865346908569335938 12.922110557556152344 12.950162887573242188 12.954986572265625 12.979664802551269531
13.413774490356445313 13.398275375366210938 13.216459274291992188 13.057145118713378906 13.055919647216796875 13.093327522277832031 13.142479896545410156 13.159993171691894531 13.165026664733886719 13.155388832092285156 13.176397323608398438 13.201572418212890625 13.115292549133300781 13.062433242797851563 13.060876846313476563 13.063591957092285156 13.061251640319824219 13.097170829772949219 13.130245208740234375 13.130250930786132813 13.093095779418945313 13.038150787353515625 12.98117828369140625 12.924929618835449219 12.872800827026367188 12.824753761291503906 12.784369468688964844 12.752526283264160156 12.733402252197265625 12.728575706481933594 12.736289024353027344 12.767721176147460938 12.807619094848632813 12.869059562683105469 12.916973114013671875 12.902242660522460938 12.907267570495605469 12.941964149475097656 12.987817764282226563 13.028010368347167969
13.548811912536621094 13.343924522399902344 13.077670097351074219 13.101168632507324219 13.242046356201171875 13.289919853210449219 13.261912345886230469 13.221838951110839844 13.251534461975097656 13.297720909118652344 13.318356513977050781 13.301265716552734375 13.190534591674804688 13.04128265380859375 13.028303146362304688 13.1005859375 13.175828933715820313 13.246998786926269531 13.267322540283203125 13.24480438232421875 13.20832061767578125 13.164068222045898438 13.120051383972167969 13.090061187744140625 13.059259414672851563 13.026515007019042969 13.004285812377929688 12.981589317321777344 12.961762428283691406 12.943502426147460938 12.936038970947265625 12.945858001708984375 12.949221611022949219 12.933202743530273438 12.908235549926757813 12.92790985107421875 12.95342254638671875 12.897247314453125 12.85071563720703125 12.853678703308105469
13.345905303955078125 13.152156829833984375 13.201887130737304688 13.405417442321777344 13.53542327880859375 13.512754440307617188 13.377970695495605469 13.259113311767578125 13.257986068725585938 13.305266380310058594 13.339181900024414063 13.297159194946289063 13.148611068725585938 13.033583641052246094 13.118534088134765625 13.236237525939941406 13.321866989135742188 13.339997291564941406 13.293256759643554688 13.2467193603515625 13.213212966918945313 13.198392868041992188 13.198953628540039063 13.192035675048828125 13.183969497680664063 13.179971694946289063 13.158171653747558594 13.132239341735839844 13.113896369934082031 13.079410552978515625 13.056943893432617188 13.047478675842285156 13.013378143310546875 12.961812973022460938 12.932427406311035156 12.893492698669433594 12.827410697937011719 12.721961021423339844 12.653772354125976563 12.713013648986816406
13.209964752197265625 13.285692214965820313 13.499101638793945313 13.593155860900878906 13.574591636657714844 13.537450790405273438 13.391908645629882813 13.275767326354980469 13.250372886657714844 13.281012535095214844 13.251996040344238281 13.19228363037109375 13.135190010070800781 13.169147491455078125 13.306963920593261719 13.399333953857421875 13.417713165283203125 13.366456985473632813 13.312096595764160156 13.270276069641113281 13.241851806640625 13.214640617370605469 13.198344230651855469 13.196166038513183594 13.191346168518066406 13.1858673095703125 13.197106361389160156 13.224280357360839844 13.234526634216308594 13.201276779174804688 13.146266937255859375 13.102510452270507813 13.057396888732910156 12.997210502624511719 12.954327583312988281 12.906193733215332031 12.803107261657714844 12.649735450744628906 12.645719528198242188 12.674928665161132813
13.369854927062988281 13.587376594543457031 13.693385124206542969 13.640307426452636719 13.594633102416992188 13.556103706359863281 13.410416603088378906 13.220294952392578125 13.176679611206054688 13.247179985046386719 13.209153175354003906 13.214872360229492188 13.265114784240722656 13.381663322448730469 13.474720954895019531 13.462991714477539063 13.389006614685058594 13.306438446044921875 13.262444496154785156 13.227860450744628906 13.206140518188476563 13.178557395935058594 13.158715248107910156 13.15667724609375 13.161118507385253906 13.167757987976074219 13.202273368835449219 13.255906105041503906 13.311239242553710938 13.343600273132324219 13.296471595764160156 13.221611976623535156 13.193533897399902344 13.151166915893554688 13.076687812805175781 13.003955841064453125 12.959723472595214844 12.925539970397949219 12.9295501708984375 12.955633163452148438
13.7103424072265625 13.812014579772949219 13.708260536193847656 13.580037117004394531 13.513091087341308594 13.449955940246582031 13.358755111694335938 13.184053421020507813 13.141786575317382813 13.213747024536132813 13.248043060302734375 13.309453010559082031 13.418088912963867188 13.502116203308105469 13.486983299255371094 13.414777755737304688 13.334677696228027344 13.264491081237792969 13.254853248596191406 13.260486602783203125 13.24981689453125 13.259735107421875 13.280255317687988281 13.299008369445800781 13.317249298095703125 13.326855659484863281 13.330536842346191406 13.3472747802734375 13.406152725219726563 13.473133087158203125 13.441740989685058594 13.320935249328613281 13.258288383483886719 13.26416015625 13.209883689880371094 13.097764968872070313 12.997135162353515625 12.981629371643066406 13.046483039855957031 13.123068809509277344
13.872359275817871094 13.849658012390136719 13.669953346252441406 13.485260009765625 13.37499237060546875 13.382243156433105469 13.321561813354492188 13.189938545227050781 13.153074264526367188 13.226352691650390625 13.321696281433105469 13.392199516296386719 13.453088760375976563 13.450991630554199219 13.428050041198730469 13.432331085205078125 13.420399665832519531 13.412350654602050781 13.453326225280761719 13.479849815368652344 13.507979393005371094 13.515868186950683594 13.483961105346679688 13.469790458679199219 13.503178596496582031 13.525213241577148438 13.518205642700195313 13.489890098571777344 13.480028152465820313 13.477228164672851563 13.43157958984375 13.354763031005859375 13.262499809265136719 13.157960891723632813 13.05853271484375 12.974562644958496094 12.909509658813476563 12.887673377990722656 12.920723915100097656 12.9863433837890625
13.853484153747558594 13.753888130187988281 13.565382003784179688 13.383573532104492188 13.265821456909179688 13.31439971923828125 13.315517425537109375 13.218394279479980469 13.128009796142578125 13.219560623168945313 13.340172767639160156 13.424625396728515625 13.422998428344726563 13.404129981994628906 13.427606582641601563 13.471562385559082031 13.505461692810058594 13.560445785522460938 13.611247062683105469 13.596959114074707031 13.519683837890625 13.406660079956054688 13.299391746520996094 13.249338150024414063 13.265537261962890625 13.311125755310058594 13.360430717468261719 13.345101356506347656 13.3194580078125 13.288728713989257813 13.224202156066894531 13.154682159423828125 13.0740509033203125 13.012613296508789063 12.968754768371582031 12.940527915954589844 12.984727859497070313 12.94232177734375 12.806384086608886719 12.733367919921875
13.724367141723632813 13.615415573120117188 13.474141120910644531 13.315336227416992188 13.243563652038574219 13.241011619567871094 13.304290771484375 13.266727447509765625 13.136920928955078125 13.116054534912109375 13.231623649597167969 13.409243583679199219 13.499884605407714844 13.492714881896972656 13.489274024963378906 13.497460365295410156 13.563711166381835938 13.604083061218261719 13.521017074584960938 13.349699974060058594 13.142839431762695313 12.930583000183105469 12.826891899108886719 12.81707763671875 12.908001899719238281 13.021905899047851563 13.121341705322265625 13.142346382141113281 13.126230239868164063 13.100376129150390625 13.064656257629394531 13.031192779541015625 13.00112152099609375 12.981772422790527344 12.92319488525390625 12.913097381591796875 13.0332183837890625 13.003976821899414063 12.813936233520507813 12.659624099731445313
13.574433326721191406 13.488224983215332031 13.392292976379394531 13.272541046142578125 13.24852752685546875 13.258500099182128906 13.300844192504882813 13.325654983520507813 13.223998069763183594 13.109746932983398438 13.066051483154296875 13.146327018737792969 13.31307220458984375 13.466811180114746094 13.46884918212890625 13.44968414306640625 13.499481201171875 13.48038482666015625 13.33779144287109375 13.156634330749511719 12.953791618347167969 12.817636489868164063 12.776966094970703125 12.755999565124511719 12.790259361267089844 12.862518310546875 12.920740127563476563 12.950521469116210938 12.997305870056152344 13.056740760803222656 13.049493789672851563 12.96389007568359375 12.838187217712402344 12.734729766845703125 12.760109901428222656 12.921593666076660156 13.074710845947265625 13.038941383361816406 12.823002815246582031 12.658156394958496094
13.525377273559570313 13.472998619079589844 13.358428955078125 13.247606277465820313 13.23907470703125 13.276693344116210938 13.321496963500976563 13.328116416931152344 13.277753829956054688 13.166783332824707031 13.064280509948730469 12.977721214294433594 13.007976531982421875 13.148569107055664063 13.281444549560546875 13.308438301086425781 13.364970207214355469 13.369656562805175781 13.308498382568359375 13.25640869140625 13.163145065307617188 13.016949653625488281 12.929210662841796875 12.908192634582519531 12.877182960510253906 12.875333786010742188 12.900143623352050781 12.933238029479980469 13.047388076782226563 13.107146263122558594 13.086777687072753906 13.05625152587890625 13.013550758361816406 12.928812026977539063 12.884680747985839844 12.981968879699707031 13.126517295837402344 13.0721588134765625 12.838200569152832031 12.689347267150878906
13.429170608520507813 13.382303237915039063 13.264698982238769531 13.187971115112304688 13.209755897521972656 13.255236625671386719 13.319836616516113281 13.344994544982910156 13.315655708312988281 13.25934600830078125 13.21001434326171875 13.106299400329589844 12.9913330078125 12.932642936706542969 12.973077774047851563 13.080496788024902344 13.242116928100585938 13.321217536926269531 13.270802497863769531 13.233513832092285156 13.227924346923828125 13.162859916687011719 13.103853225708007813 13.041903495788574219 12.982564926147460938 12.934256553649902344 12.943868637084960938 13.024453163146972656 13.175629615783691406 13.310588836669921875 13.373015403747558594 13.40442657470703125 13.364450454711914063 13.171644210815429688 12.9098052978515625 12.782832145690917969 12.904048919677734375 13.051522254943847656 12.982622146606445313 12.8442535400390625
13.341496467590332031 13.325755119323730469 13.262389183044433594 13.128546714782714844 13.134999275207519531 13.138593673706054688 13.216740608215332031 13.266283035278320313 13.302030563354492188 13.293292045593261719 13.317026138305664063 13.2907867431640625 13.178921699523925781 13.005437850952148438 12.885212898254394531 12.932342529296875 13.132710456848144531 13.280888557434082031 13.228342056274414063 13.172563552856445313 13.17362213134765625 13.185008049011230469 13.169627189636230469 13.152382850646972656 13.086758613586425781 12.98952484130859375 12.997217178344726563 13.107381820678710938 13.2808685302734375 13.359000205993652344 13.300208091735839844 13.280605316162109375 13.381873130798339844 13.397199630737304688 13.225252151489257813 12.989193916320800781 12.770711898803710938 12.750150680541992188 12.912271499633789063 12.978595733642578125
13.390493392944335938 13.418019294738769531 13.381775856018066406 13.279697418212890625 13.234154701232910156 13.166292190551757813 13.1260833740234375 13.130154609680175781 13.152159690856933594 13.198370933532714844 13.278338432312011719 13.314297676086425781 13.263868331909179688 13.129969596862792969 12.954830169677734375 12.92259979248046875 13.074892044067382813 13.22243499755859375 13.244068145751953125 13.276731491088867188 13.273465156555175781 13.276736259460449219 13.193990707397460938 13.161723136901855469 13.180850982666015625 13.094865798950195313 12.976924896240234375 13.064587593078613281 13.183645248413085938 13.182455062866210938 13.06975555419921875 13.030091285705566406 13.190005302429199219 13.350073814392089844 13.295196533203125 13.1727294921875 12.989081382751464844 12.79096221923828125 12.833811759948730469 13.013093948364257813
