MapLinkProApp/griddata/temperature/ASCII/cmems_mod_glo_phy-thetao_anfc_0,083deg_P1D-m_1702458667101_1245,3.asc
ncols        121
nrows        120
xllcorner    -30.041666666667
yllcorner    40.041666655981
cellsize     0.083333333333
NODATA_value  9.9692099683868690468e+36
[rows 72 to 89 of 120, columns 0 to 39 of 121]
4.2313184738159179688 4.2703385353088378906 4.3116693496704101563 4.3380060195922851563 4.3661999702453613281 4.3922991752624511719 4.4246182441711425781 4.4649105072021484375 4.6020793914794921875 4.7863025665283203125 4.8022975921630859375 4.9091167449951171875 5.0197176933288574219 5.0866870880126953125 5.0091753005981445313 4.9043207168579101563 4.8038496971130371094 4.82509613037109375 4.8613595962524414063 4.8227887153625488281 4.7141733169555664063 4.6458683013916015625 4.6023612022399902344 4.7103610038757324219 4.7903041839599609375 4.8497204780578613281 5.1006236076354980469 5.2865347862243652344 5.4000306129455566406 5.4642062187194824219 5.4583950042724609375 5.4698700904846191406 5.5093350410461425781 5.5434141159057617188 5.5154166221618652344 5.4888663291931152344 5.5014495849609375 5.4947080612182617188 5.5064234733581542969 5.5008215904235839844
4.2194724082946777344 4.2517228126525878906 4.2699985504150390625 4.3068456649780273438 4.335254669189453125 4.3640923500061035156 4.4027500152587890625 4.3942890167236328125 4.4331269264221191406 4.4889760017395019531 4.5360774993896484375 4.6234660148620605469 4.7088289260864257813 4.8416733741760253906 4.8287181854248046875 4.791748046875 4.7327542304992675781 4.7728047370910644531 4.8802123069763183594 4.9054083824157714844 4.8423895835876464844 4.7109646797180175781 4.639556884765625 4.6837368011474609375 4.7792730331420898438 4.9464135169982910156 5.2662181854248046875 5.4088392257690429688 5.4730510711669921875 5.4528865814208984375 5.4046235084533691406 5.4726924896240234375 5.5336394309997558594 5.5499482154846191406 5.5213847160339355469 5.5061936378479003906 5.5380878448486328125 5.5773553848266601563 5.5969147682189941406 5.6039443016052246094
4.2972598075866699219 4.3045086860656738281 4.2678980827331542969 4.2362418174743652344 4.2276072502136230469 4.2471170425415039063 4.2991471290588378906 4.3103661537170410156 4.340450286865234375 4.3708219528198242188 4.4310116767883300781 4.5505747795104980469 4.5869593620300292969 4.6270275115966796875 4.7141003608703613281 4.7904634475708007813 4.8317627906799316406 4.8768520355224609375 4.9305295944213867188 4.9060544967651367188 4.7934613227844238281 4.6853623390197753906 4.6134891510009765625 4.666790008544921875 4.8629412651062011719 5.1636686325073242188 5.4867224693298339844 5.5573139190673828125 5.5005435943603515625 5.373104095458984375 5.3024258613586425781 5.3745751380920410156 5.4471731185913085938 5.5149493217468261719 5.5667300224304199219 5.6077313423156738281 5.6907377243041992188 5.778789520263671875 5.8398227691650390625 5.8564763069152832031
4.3496532440185546875 4.3897638320922851563 4.3531208038330078125 4.3156385421752929688 4.2930698394775390625 4.2766332626342773438 4.2781152725219726563 4.2593369483947753906 4.3278079032897949219 4.3951497077941894531 4.4126954078674316406 4.4956622123718261719 4.5471067428588867188 4.6432590484619140625 4.8095068931579589844 4.8898510932922363281 4.9121551513671875 4.9069371223449707031 4.8502740859985351563 4.7521882057189941406 4.7054772377014160156 4.70902252197265625 4.7649679183959960938 4.7622876167297363281 4.9161424636840820313 5.2994771003723144531 5.5522794723510742188 5.6277718544006347656 5.495738983154296875 5.3414196968078613281 5.3377184867858886719 5.4324283599853515625 5.5527825355529785156 5.7438197135925292969 5.9188027381896972656 6.0339665412902832031 6.1805973052978515625 6.3246850967407226563 6.4039139747619628906 6.4246115684509277344
4.3115363121032714844 4.3943495750427246094 4.418857574462890625 4.3603844642639160156 4.3236107826232910156 4.3674907684326171875 4.3548612594604492188 4.3030018806457519531 4.3399677276611328125 4.4556765556335449219 4.5374531745910644531 4.5676364898681640625 4.5786046981811523438 4.6342463493347167969 4.7612624168395996094 4.861171722412109375 4.8947272300720214844 4.8352541923522949219 4.7645850181579589844 4.7033977508544921875 4.6708927154541015625 4.6811051368713378906 4.8089017868041992188 4.8298521041870117188 4.8932781219482421875 5.1827263832092285156 5.4046115875244140625 5.598499298095703125 5.5172715187072753906 5.3901839256286621094 5.4658217430114746094 5.68772125244140625 5.9130563735961914063 6.1311640739440917969 6.3088903427124023438 6.3844146728515625 6.5534968376159667969 6.6832613945007324219 6.6692209243774414063 6.6442060470581054688
4.3567223548889160156 4.3971109390258789063 4.4365811347961425781 4.4117107391357421875 4.3755183219909667969 4.3931527137756347656 4.3893303871154785156 4.298603057861328125 4.3469204902648925781 4.5023121833801269531 4.5906405448913574219 4.6306824684143066406 4.6555848121643066406 4.7145409584045410156 4.7234292030334472656 4.7507700920104980469 4.8216676712036132813 4.8180027008056640625 4.6974635124206542969 4.6174612045288085938 4.6791682243347167969 4.7466359138488769531 4.8871235847473144531 4.9943118095397949219 4.9161019325256347656 5.0121240615844726563 5.1122698783874511719 5.4958105087280273438 5.6918315887451171875 5.6258492469787597656 5.5626931190490722656 5.7556147575378417969 6.03665924072265625 6.2964301109313964844 6.5106658935546875 6.7129740715026855469 6.8067584037780761719 6.7546586990356445313 6.7457537651062011719 6.6930546760559082031
4.4654684066772460938 4.4903521537780761719 4.5146160125732421875 4.4440865516662597656 4.4114022254943847656 4.4943833351135253906 4.4241609573364257813 4.3119416236877441406 4.342456817626953125 4.5039429664611816406 4.6297106742858886719 4.6459326744079589844 4.7122049331665039063 4.7180781364440917969 4.718921661376953125 4.6963591575622558594 4.7198004722595214844 4.7528028488159179688 4.6521968841552734375 4.6297388076782226563 4.6742320060729980469 4.8308396339416503906 4.9622411727905273438 5.0293145179748535156 5.0065970420837402344 5.0076665878295898438 5.0865020751953125 5.4182524681091308594 5.7187757492065429688 5.7901630401611328125 5.7094125747680664063 5.839996337890625 6.1373066902160644531 6.4599661827087402344 6.6487479209899902344 6.7647304534912109375 6.7734608650207519531 6.8426952362060546875 6.9407887458801269531 6.8179492950439453125
4.6776399612426757813 4.6557297706604003906 4.5956807136535644531 4.5240855216979980469 4.5227828025817871094 4.5152163505554199219 4.4639787673950195313 4.3316702842712402344 4.3946475982666015625 4.5255374908447265625 4.6014699935913085938 4.6332464218139648438 4.6942706108093261719 4.7791233062744140625 4.7938594818115234375 4.7194662094116210938 4.7542386054992675781 4.7262601852416992188 4.6257624626159667969 4.6822414398193359375 4.7103772163391113281 4.9352807998657226563 5.0163474082946777344 5.1228432655334472656 5.1150541305541992188 5.03908538818359375 5.139728546142578125 5.4597420692443847656 5.7271051406860351563 5.8453073501586914063 5.7709913253784179688 5.8288068771362304688 6.1432785987854003906 6.5160303115844726563 6.7044572830200195313 6.8365006446838378906 6.8766679763793945313 6.9462046623229980469 7.0072884559631347656 6.951892852783203125
5.0173497200012207031 4.91088104248046875 4.793304443359375 4.7600078582763671875 4.7765030860900878906 4.711093902587890625 4.5625629425048828125 4.4111776351928710938 4.3682913780212402344 4.41992950439453125 4.5241427421569824219 4.6047220230102539063 4.6769471168518066406 4.7987484931945800781 4.8454165458679199219 4.7672505378723144531 4.8018403053283691406 4.7800908088684082031 4.7378129959106445313 4.7190351486206054688 4.8047633171081542969 5.0509934425354003906 5.0721530914306640625 5.0735459327697753906 5.1596579551696777344 5.1420650482177734375 5.4124484062194824219 5.7061004638671875 5.8496494293212890625 5.94901275634765625 5.8603305816650390625 5.7387585639953613281 5.9332442283630371094 6.346775054931640625 6.6465167999267578125 6.8043093681335449219 6.8332881927490234375 6.8746557235717773438 6.9776554107666015625 7.06072998046875
5.2409653663635253906 5.1298799514770507813 5.0312647819519042969 5.0157337188720703125 4.96417236328125 4.8845815658569335938 4.7443327903747558594 4.5840215682983398438 4.4925832748413085938 4.4703273773193359375 4.48130035400390625 4.5714135169982910156 4.6974434852600097656 4.7487292289733886719 4.8386197090148925781 4.8261399269104003906 4.8053951263427734375 4.8055353164672851563 4.8807606697082519531 4.8117804527282714844 4.8114838600158691406 5.0842947959899902344 5.1528153419494628906 5.0498952865600585938 5.1898298263549804688 5.2150526046752929688 5.4086847305297851563 5.5096888542175292969 5.6682095527648925781 5.8633184432983398438 5.8804736137390136719 5.7283697128295898438 5.7564249038696289063 6.12770843505859375 6.5183968544006347656 6.7456207275390625 6.7981772422790527344 6.75411224365234375 6.8049855232238769531 6.9622883796691894531
5.3699994087219238281 5.2810883522033691406 5.2084469795227050781 5.1123723983764648438 5.0825948715209960938 4.9689669609069824219 4.8921904563903808594 4.8259105682373046875 4.7481608390808105469 4.6180944442749023438 4.5404400825500488281 4.5578799247741699219 4.6952953338623046875 4.7635951042175292969 4.7818498611450195313 4.7655858993530273438 4.72051239013671875 4.6591205596923828125 4.7252736091613769531 4.6819257736206054688 4.6355381011962890625 4.9426426887512207031 5.1770367622375488281 5.0309476852416992188 5.1361174583435058594 5.1868276596069335938 5.3059167861938476563 5.3390445709228515625 5.3655605316162109375 5.55406951904296875 5.7131524085998535156 5.7063193321228027344 5.691684722900390625 6.032062530517578125 6.4533686637878417969 6.6484417915344238281 6.6194906234741210938 6.5573239326477050781 6.6694211959838867188 6.8101782798767089844
5.67850494384765625 5.5679349899291992188 5.4764952659606933594 5.3279500007629394531 5.2341175079345703125 5.1047296524047851563 4.9909906387329101563 4.9120807647705078125 4.8750486373901367188 4.7854466438293457031 4.6779761314392089844 4.5741214752197265625 4.6043715476989746094 4.7418699264526367188 4.8238806724548339844 4.7628631591796875 4.7287354469299316406 4.6643848419189453125 4.636219024658203125 4.6396780014038085938 4.7199382781982421875 5.0146746635437011719 5.1598935127258300781 5.1145548820495605469 5.2355823516845703125 5.4657273292541503906 5.6271758079528808594 5.5334362983703613281 5.3636832237243652344 5.348133087158203125 5.5098547935485839844 5.6969170570373535156 5.7140917778015136719 5.9474401473999023438 6.2871718406677246094 6.3905534744262695313 6.2490401268005371094 6.2645583152770996094 6.4155168533325195313 6.5873203277587890625
5.8956933021545410156 5.7894287109375 5.6600642204284667969 5.5394167900085449219 5.3971266746520996094 5.3062615394592285156 5.2346744537353515625 5.1351175308227539063 5.0008387565612792969 4.8232092857360839844 4.758380889892578125 4.7716898918151855469 4.7444872856140136719 4.7579274177551269531 4.7792534828186035156 4.7953290939331054688 4.8687496185302734375 4.8141770362854003906 4.682300567626953125 4.6506223678588867188 4.7677297592163085938 4.9586668014526367188 5.1633586883544921875 5.2567052841186523438 5.4196500778198242188 5.7285795211791992188 5.7337017059326171875 5.5784020423889160156 5.4191966056823730469 5.3059282302856445313 5.4123096466064453125 5.6333193778991699219 5.7582807540893554688 5.862697601318359375 6.0595674514770507813 6.1592850685119628906 5.989055633544921875 6.1094818115234375 6.2240700721740722656 6.3068842887878417969
5.9772167205810546875 5.9012537002563476563 5.8369874954223632813 5.7415843009948730469 5.6492304801940917969 5.5680966377258300781 5.4871172904968261719 5.2793560028076171875 5.1656451225280761719 4.9575204849243164063 5.0973272323608398438 9.9692099683868690468e+36 4.9004549980163574219 4.8811316490173339844 4.9471340179443359375 4.9799103736877441406 4.9701352119445800781 4.7861056327819824219 4.64107513427734375 4.6463947296142578125 4.7723846435546875 4.9741539955139160156 5.2845568656921386719 5.4447832107543945313 5.6510019302368164063 5.9706358909606933594 5.9156055450439453125 5.7264704704284667969 5.5365948677062988281 5.3676242828369140625 5.3762888908386230469 5.5953245162963867188 5.7094707489013671875 5.7571635246276855469 5.963897705078125 5.965686798095703125 5.8801908493041992188 5.9930615425109863281 6.0510873794555664063 6.1114902496337890625
6.0813188552856445313 6.0090956687927246094 5.9380278587341308594 5.8451604843139648438 5.7481241226196289063 5.6199736595153808594 5.5004739761352539063 5.3359427452087402344 5.268390655517578125 5.2097635269165039063 5.23148345947265625 9.9692099683868690468e+36 5.0681161880493164063 4.9935431480407714844 5.0097799301147460938 5.0138545036315917969 4.9609789848327636719 4.8380308151245117188 4.7928566932678222656 4.8333373069763183594 4.9881353378295898438 5.2679376602172851563 5.5735235214233398438 5.7359261512756347656 5.9259495735168457031 6.1184096336364746094 6.114013671875 5.9977240562438964844 5.7838544845581054688 5.4512953758239746094 5.4528417587280273438 5.6511888504028320313 5.6843004226684570313 5.71637725830078125 5.8779606819152832031 5.7110500335693359375 5.7505507469177246094 5.8436503410339355469 5.9293789863586425781 5.96318817138671875
6.0261240005493164063 5.9673037528991699219 5.9085516929626464844 5.7412595748901367188 5.6296529769897460938 5.5455489158630371094 5.4975075721740722656 5.3916182518005371094 5.3294100761413574219 5.3176507949829101563 5.3551421165466308594 5.3103442192077636719 5.150760650634765625 5.0474901199340820313 5.0294284820556640625 5.077198028564453125 5.119617462158203125 5.113555908203125 5.1646776199340820313 5.2071676254272460938 5.3472180366516113281 5.5971217155456542969 5.8579492568969726563 6.0494475364685058594 6.2179050445556640625 6.2860288619995117188 6.2861332893371582031 6.303081512451171875 6.1598911285400390625 5.8271670341491699219 5.5858616828918457031 5.7298979759216308594 5.7595262527465820313 5.7530145645141601563 5.838470458984375 5.65102386474609375 5.6127514839172363281 5.7566123008728027344 5.7935376167297363281 5.8400259017944335938
5.8974151611328125 5.8610029220581054688 5.7514119148254394531 5.6573948860168457031 5.5922117233276367188 5.5257792472839355469 5.4475932121276855469 5.4063291549682617188 5.3592004776000976563 5.3655338287353515625 5.3515658378601074219 5.2624111175537109375 5.1892261505126953125 5.1136026382446289063 5.1433329582214355469 5.1466965675354003906 5.1655001640319824219 5.2210707664489746094 5.2994785308837890625 5.3668808937072753906 5.485294342041015625 5.7387366294860839844 6.0292444229125976563 6.2991456985473632813 6.3417401313781738281 6.38027191162109375 6.3606123924255371094 6.410556793212890625 6.3598470687866210938 6.08313751220703125 5.7204847335815429688 5.7795634269714355469 5.8247251510620117188 5.7994670867919921875 5.7195019721984863281 5.7063145637512207031 5.567630767822265625 5.6548686027526855469 5.7273149490356445313 5.770832061767578125
5.8631072044372558594 5.8218870162963867188 5.7234649658203125 5.6304135322570800781 5.5448169708251953125 5.4964003562927246094 5.4873170852661132813 5.4549245834350585938 5.4198374748229980469 5.3508081436157226563 5.3421654701232910156 5.2984142303466796875 5.242084503173828125 5.1941170692443847656 5.1475386619567871094 5.0763506889343261719 5.129138946533203125 5.1753387451171875 5.2369570732116699219 5.3508629798889160156 5.5775303840637207031 5.8922019004821777344 6.1725573539733886719 6.3886275291442871094 6.4693694114685058594 6.5151858329772949219 6.4604573249816894531 6.4178104400634765625 6.391017913818359375 6.205905914306640625 5.8184504508972167969 5.7843031883239746094 5.7935285568237304688 5.7235965728759765625 5.6078810691833496094 5.5996375083923339844 5.5321135520935058594 5.6113085746765136719 5.6753387451171875 5.8755002021789550781
