MapLinkProApp/griddata/temperature/ASCII/cmems_mod_glo_phy-thetao_anfc_0,083deg_P1D-m_1702458667101_763,3.asc
ncols        121
nrows        120
xllcorner    -30.041666666667
yllcorner    40.041666655981
cellsize     0.083333333333
NODATA_value  9.9692099683868690468e+36
[rows 54 to 71 of 120, columns 80 to 119 of 121]
9.506488800048828125 9.6432905197143554688 9.7716646194458007813 9.8453569412231445313 9.8281536102294921875 9.7702159881591796875 9.7039384841918945313 9.5964345932006835938 9.522464752197265625 9.4803094863891601563 9.500225067138671875 9.5563955307006835938 9.5096406936645507813 9.5809993743896484375 9.7861156463623046875 9.8652353286743164063 9.837310791015625 9.7730131149291992188 9.6883821487426757813 9.6474552154541015625 9.659015655517578125 9.6739473342895507813 9.6764326095581054688 9.6958179473876953125 9.7309198379516601563 9.73590087890625 9.6895923614501953125 9.5821943283081054688 9.4383869171142578125 9.2765493392944335938 9.106960296630859375 8.9362859725952148438 8.8114347457885742188 8.7363262176513671875 8.7681484222412109375 8.8888235092163085938 8.9972982406616210938 9.050197601318359375 9.0811491012573242188 9.1013698577880859375
10.22794342041015625 10.171368598937988281 10.058612823486328125 9.9680080413818359375 9.91178131103515625 9.8518438339233398438 9.77121734619140625 9.6756505966186523438 9.5475254058837890625 9.4243946075439453125 9.4380550384521484375 9.4457263946533203125 9.4741373062133789063 9.7032308578491210938 9.8564500808715820313 9.858234405517578125 9.8174543380737304688 9.7098493576049804688 9.598415374755859375 9.5568666458129882813 9.5499439239501953125 9.545978546142578125 9.55352020263671875 9.5891904830932617188 9.6350383758544921875 9.6527090072631835938 9.6275377273559570313 9.5786161422729492188 9.4675283432006835938 9.319873809814453125 9.1871509552001953125 9.0577363967895507813 8.972362518310546875 8.9414796829223632813 8.99090576171875 9.0669689178466796875 9.125152587890625 9.1471729278564453125 9.151752471923828125 9.135082244873046875
10.312364578247070313 10.143286705017089844 10.058656692504882813 10.019667625427246094 9.9838590621948242188 9.91905975341796875 9.85453033447265625 9.7649507522583007813 9.6105089187622070313 9.4739961624145507813 9.4489316940307617188 9.447078704833984375 9.5822696685791015625 9.8399219512939453125 9.8990755081176757813 9.85805511474609375 9.7788610458374023438 9.6172943115234375 9.5118560791015625 9.4726953506469726563 9.4239902496337890625 9.3636569976806640625 9.3283395767211914063 9.359394073486328125 9.4142665863037109375 9.4360408782958984375 9.4387006759643554688 9.4294309616088867188 9.3722257614135742188 9.2939357757568359375 9.1978006362915039063 9.1573381423950195313 9.1303186416625976563 9.132904052734375 9.1556806564331054688 9.1825656890869140625 9.1866483688354492188 9.1903638839721679688 9.1968631744384765625 9.2344532012939453125
10.274923324584960938 10.211024284362792969 10.186436653137207031 10.168424606323242188 10.146525382995605469 10.127818107604980469 10.108813285827636719 10.042551040649414063 9.8819589614868164063 9.757762908935546875 9.6965742111206054688 9.6303272247314453125 9.7459440231323242188 9.937503814697265625 9.9224386215209960938 9.845798492431640625 9.73476409912109375 9.5997867584228515625 9.5243616104125976563 9.4458942413330078125 9.3419122695922851563 9.2231292724609375 9.121395111083984375 9.0973653793334960938 9.1105470657348632813 9.1275043487548828125 9.1632080078125 9.1896076202392578125 9.2039690017700195313 9.1898736953735351563 9.1625471115112304688 9.151142120361328125 9.1624650955200195313 9.1757411956787109375 9.1857147216796875 9.1907558441162109375 9.19708251953125 9.26450347900390625 9.3573360443115234375 9.4440660476684570313
10.383145332336425781 10.418844223022460938 10.4165802001953125 10.39711761474609375 10.349900245666503906 10.331821441650390625 10.341037750244140625 10.33388519287109375 10.276966094970703125 10.2304229736328125 10.18590545654296875 10.072596549987792969 10.087982177734375 10.107148170471191406 9.9429178237915039063 9.7870244979858398438 9.675495147705078125 9.570369720458984375 9.457691192626953125 9.3340005874633789063 9.2544269561767578125 9.19730377197265625 9.1007757186889648438 9.0041952133178710938 8.9273357391357421875 8.8732786178588867188 8.87908172607421875 8.911022186279296875 8.949481964111328125 8.9913806915283203125 9.0435047149658203125 9.0877323150634765625 9.1174468994140625 9.138118743896484375 9.1637210845947265625 9.2127819061279296875 9.2992010116577148438 9.3952789306640625 9.4814424514770507813 9.5401973724365234375
10.505388259887695313 10.56877899169921875 10.53728485107421875 10.511223793029785156 10.475651741027832031 10.455068588256835938 10.465987205505371094 10.493779182434082031 10.536860466003417969 10.575305938720703125 10.554866790771484375 10.429731369018554688 10.354595184326171875 10.220961570739746094 9.9305124282836914063 9.6791334152221679688 9.5067691802978515625 9.36710357666015625 9.2576770782470703125 9.1409692764282226563 9.02913665771484375 9.0560159683227539063 9.124607086181640625 9.1011114120483398438 9.0182037353515625 8.9053936004638671875 8.8082075119018554688 8.7615222930908203125 8.7427263259887695313 8.777111053466796875 8.853755950927734375 8.913330078125 8.9944133758544921875 9.0954151153564453125 9.2142486572265625 9.342990875244140625 9.4167957305908203125 9.4423589706420898438 9.4782733917236328125 9.5322723388671875
10.6070098876953125 10.646718978881835938 10.593423843383789063 10.529664993286132813 10.479333877563476563 10.448246002197265625 10.463321685791015625 10.541060447692871094 10.619524955749511719 10.654634475708007813 10.620092391967773438 10.516437530517578125 10.397342681884765625 10.148561477661132813 9.80075836181640625 9.559413909912109375 9.423305511474609375 9.3509111404418945313 9.371685028076171875 9.3450031280517578125 9.1278162002563476563 8.961673736572265625 8.9643306732177734375 9.0241861343383789063 9.0558576583862304688 9.0428924560546875 8.9879198074340820313 8.8949193954467773438 8.8033838272094726563 8.7775707244873046875 8.8225030899047851563 8.8994598388671875 9.0623197555541992188 9.2266244888305664063 9.3462963104248046875 9.3878679275512695313 9.3780450820922851563 9.4022693634033203125 9.4666996002197265625 9.5877361297607421875
10.670621871948242188 10.650628089904785156 10.564587593078613281 10.509827613830566406 10.465916633605957031 10.452040672302246094 10.485487937927246094 10.55771636962890625 10.60992431640625 10.612355232238769531 10.539072990417480469 10.400938034057617188 10.171271324157714844 9.8488407135009765625 9.6270360946655273438 9.5338525772094726563 9.4899530410766601563 9.512737274169921875 9.61917877197265625 9.6073246002197265625 9.429775238037109375 9.1378679275512695313 8.9423770904541015625 8.8859844207763671875 8.8973131179809570313 8.98172760009765625 9.093204498291015625 9.1356592178344726563 9.0881242752075195313 9.0253953933715820313 9.0442209243774414063 9.1616916656494140625 9.3266735076904296875 9.390811920166015625 9.3576555252075195313 9.323822021484375 9.3553552627563476563 9.4375276565551757813 9.547885894775390625 9.6575288772583007813
10.630030632019042969 10.549188613891601563 10.484568595886230469 10.49039459228515625 10.499411582946777344 10.476679801940917969 10.467710494995117188 10.482108116149902344 10.484169960021972656 10.396368026733398438 10.269192695617675781 10.078862190246582031 9.8426446914672851563 9.666660308837890625 9.6342630386352539063 9.6335391998291015625 9.65789031982421875 9.760410308837890625 9.7684183120727539063 9.638278961181640625 9.4978790283203125 9.3097734451293945313 9.151416778564453125 9.065692901611328125 9.0417547225952148438 9.0815067291259765625 9.1676273345947265625 9.2783365249633789063 9.359996795654296875 9.364940643310546875 9.3674383163452148438 9.45319366455078125 9.5423536300659179688 9.5138378143310546875 9.4065351486206054688 9.3573246002197265625 9.4144105911254882813 9.5379924774169921875 9.6481485366821289063 9.7378520965576171875
10.43182373046875 10.334756851196289063 10.349241256713867188 10.474205970764160156 10.561475753784179688 10.532297134399414063 10.437532424926757813 10.344048500061035156 10.279092788696289063 10.16086578369140625 10.034978866577148438 9.9149293899536132813 9.8313131332397460938 9.8003683090209960938 9.7683324813842773438 9.7494173049926757813 9.795139312744140625 9.8965358734130859375 9.8592205047607421875 9.7504911422729492188 9.6582975387573242188 9.5448236465454101563 9.4547643661499023438 9.405063629150390625 9.361278533935546875 9.366626739501953125 9.42641448974609375 9.5021905899047851563 9.5466175079345703125 9.550930023193359375 9.554172515869140625 9.5813512802124023438 9.6195764541625976563 9.627681732177734375 9.6336803436279296875 9.6406793594360351563 9.6880235671997070313 9.773235321044921875 9.7994985580444335938 9.8146238327026367188
10.252809524536132813 10.165751457214355469 10.241373062133789063 10.466160774230957031 10.645490646362304688 10.641108512878417969 10.512681961059570313 10.309171676635742188 10.170068740844726563 10.062470436096191406 10.015096664428710938 9.990276336669921875 9.9450826644897460938 9.845966339111328125 9.7346124649047851563 9.741550445556640625 9.8461236953735351563 9.9500560760498046875 9.9488725662231445313 9.8739328384399414063 9.8093175888061523438 9.7465496063232421875 9.6967821121215820313 9.6816654205322265625 9.6474447250366210938 9.6294841766357421875 9.6360082626342773438 9.6536951065063476563 9.65625 9.6531667709350585938 9.7033176422119140625 9.8063440322875976563 9.90805816650390625 9.9806699752807617188 10.044497489929199219 10.123757362365722656 10.220003128051757813 10.276509284973144531 10.269624710083007813 10.218318939208984375
10.131865501403808594 10.084539413452148438 10.227950096130371094 10.48841094970703125 10.687626838684082031 10.717518806457519531 10.626461982727050781 10.418230056762695313 10.214722633361816406 10.075464248657226563 10.023744583129882813 10.009143829345703125 9.927379608154296875 9.79453277587890625 9.7220945358276367188 9.7826528549194335938 9.8780012130737304688 9.9811859130859375 10.027587890625 9.990039825439453125 9.9766597747802734375 9.9645099639892578125 9.9014406204223632813 9.8570165634155273438 9.8160686492919921875 9.7660551071166992188 9.7270803451538085938 9.7309436798095703125 9.7850971221923828125 9.883693695068359375 10.010984420776367188 10.135824203491210938 10.223400115966796875 10.274754524230957031 10.321603775024414063 10.36464691162109375 10.413738250732421875 10.484900474548339844 10.55394744873046875 10.572551727294921875
10.080267906188964844 10.131360054016113281 10.326006889343261719 10.516362190246582031 10.621496200561523438 10.7226715087890625 10.717349052429199219 10.551836967468261719 10.361866950988769531 10.194008827209472656 10.067639350891113281 9.9905157089233398438 9.9017744064331054688 9.8186559677124023438 9.7527618408203125 9.7596197128295898438 9.8507661819458007813 9.9538707733154296875 10.041743278503417969 10.07163238525390625 10.084305763244628906 10.123257637023925781 10.09256744384765625 10.019865036010742188 9.9724931716918945313 9.93335723876953125 9.92624664306640625 9.9876184463500976563 10.092757225036621094 10.1795654296875 10.231169700622558594 10.250525474548339844 10.2348480224609375 10.219682693481445313 10.238167762756347656 10.293973922729492188 10.397472381591796875 10.537634849548339844 10.657034873962402344 10.699789047241210938
10.206075668334960938 10.269135475158691406 10.407935142517089844 10.474516868591308594 10.51958465576171875 10.608217239379882813 10.644162178039550781 10.590272903442382813 10.488875389099121094 10.377008438110351563 10.226209640502929688 10.081274986267089844 9.9865331649780273438 9.8848524093627929688 9.7983522415161132813 9.7115154266357421875 9.754154205322265625 9.871135711669921875 9.9226779937744140625 10.021739959716796875 10.126503944396972656 10.19976043701171875 10.213080406188964844 10.181306838989257813 10.165890693664550781 10.172342300415039063 10.224750518798828125 10.304960250854492188 10.312498092651367188 10.217071533203125 10.096512794494628906 10.040281295776367188 10.076573371887207031 10.156525611877441406 10.250207901000976563 10.371595382690429688 10.50904083251953125 10.631594657897949219 10.694855690002441406 10.694981575012207031
10.208746910095214844 10.273601531982421875 10.324338912963867188 10.321102142333984375 10.377228736877441406 10.482269287109375 10.502309799194335938 10.4620513916015625 10.403298377990722656 10.329250335693359375 10.231710433959960938 10.123059272766113281 9.99309539794921875 9.9085130691528320313 9.806072235107421875 9.694339752197265625 9.66579437255859375 9.7792978286743164063 9.8407182693481445313 9.8331546783447265625 9.9876108169555664063 10.123371124267578125 10.201524734497070313 10.231866836547851563 10.311369895935058594 10.388993263244628906 10.417834281921386719 10.37409210205078125 10.222353935241699219 10.008324623107910156 9.896129608154296875 9.9401187896728515625 10.065474510192871094 10.189871788024902344 10.301649093627929688 10.422498703002929688 10.536803245544433594 10.619997978210449219 10.638339996337890625 10.59215545654296875
10.105077743530273438 10.148607254028320313 10.096893310546875 10.063954353332519531 10.104550361633300781 10.199198722839355469 10.244029045104980469 10.256741523742675781 10.225180625915527344 10.154091835021972656 10.066578865051269531 9.9826517105102539063 9.9114627838134765625 9.8590555191040039063 9.7993679046630859375 9.6966676712036132813 9.5955638885498046875 9.6422519683837890625 9.7084493637084960938 9.687969207763671875 9.7447147369384765625 9.94876861572265625 10.088366508483886719 10.180385589599609375 10.339110374450683594 10.469149589538574219 10.455568313598632813 10.296321868896484375 10.037533760070800781 9.8401021957397460938 9.8092250823974609375 9.9228334426879882813 10.080437660217285156 10.1931915283203125 10.253563880920410156 10.318812370300292969 10.3946533203125 10.451879501342773438 10.481385231018066406 10.481126785278320313
9.9475984573364257813 9.8900594711303710938 9.8118486404418945313 9.8028402328491210938 9.8501377105712890625 9.9266119003295898438 9.9901170730590820313 10.008734703063964844 9.9832553863525390625 9.918834686279296875 9.8628778457641601563 9.7913179397583007813 9.7657489776611328125 9.7820949554443359375 9.7571544647216796875 9.677806854248046875 9.5562152862548828125 9.5426549911499023438 9.5828237533569335938 9.5535879135131835938 9.567211151123046875 9.7238950729370117188 9.9023075103759765625 10.032962799072265625 10.205060005187988281 10.42356109619140625 10.439164161682128906 10.197599411010742188 9.9056291580200195313 9.7232122421264648438 9.7602071762084960938 9.9356260299682617188 10.082696914672851563 10.148326873779296875 10.1769561767578125 10.217183113098144531 10.228728294372558594 10.186194419860839844 10.14105987548828125 10.162453651428222656
9.7389612197875976563 9.7133159637451171875 9.6688127517700195313 9.6724796295166015625 9.7168445587158203125 9.7749814987182617188 9.8100643157958984375 9.7888774871826171875 9.7439212799072265625 9.7489118576049804688 9.7823591232299804688 9.7210378646850585938 9.7052373886108398438 9.6881427764892578125 9.6948881149291992188 9.6724672317504882813 9.583740234375 9.5154905319213867188 9.4612102508544921875 9.4209356307983398438 9.3880414962768554688 9.4474897384643554688 9.6700305938720703125 9.9294710159301757813 10.123544692993164063 10.357336044311523438 10.475800514221191406 10.283057212829589844 9.9484052658081054688 9.74713134765625 9.8006191253662109375 9.9971895217895507813 10.134875297546386719 10.154114723205566406 10.136211395263671875 10.172758102416992188 10.196191787719726563 10.139109611511230469 10.047142982482910156 10.057161331176757813
