MapLinkProApp/griddata/temperature/ASCII/cmems_mod_glo_phy-thetao_anfc_0,083deg_P1D-m_1702458667101_7,9.asc
ncols        121
nrows        120
xllcorner    -30.041666666667
yllcorner    40.041666655981
cellsize     0.083333333333
NODATA_value  9.9692099683868690468e+36
[rows 0 to 17 of 120, columns 40 to 79 of 121]
12.133428573608398438 12.163908958435058594 12.187514305114746094 12.188372611999511719 12.169651985168457031 12.140402793884277344 12.10770416259765625 12.071367263793945313 12.034075736999511719 11.995743751525878906 11.927182197570800781 11.824947357177734375 11.710117340087890625 11.642213821411132813 11.6534423828125 11.639401435852050781 11.657818794250488281 11.781641960144042969 11.887561798095703125 11.878314018249511719 11.760404586791992188 11.679663658142089844 11.687390327453613281 11.744649887084960938 11.807234764099121094 11.845477104187011719 11.847284317016601563 11.816084861755371094 11.776735305786132813 11.775204658508300781 11.836913108825683594 11.967335700988769531 12.151761054992675781 12.356832504272460938 12.543868064880371094 12.698736190795898438 12.830889701843261719 12.870737075805664063 12.895119667053222656 12.809877395629882813
12.104223251342773438 12.132271766662597656 12.179554939270019531 12.190489768981933594 12.165142059326171875 12.121590614318847656 12.075033187866210938 12.034672737121582031 12.002964973449707031 11.960204124450683594 11.8876495361328125 11.79753875732421875 11.712241172790527344 11.674324989318847656 11.665021896362304688 11.640661239624023438 11.673013687133789063 11.785321235656738281 11.8707275390625 11.878907203674316406 11.809003829956054688 11.757325172424316406 11.76473236083984375 11.806196212768554688 11.835459709167480469 11.832377433776855469 11.795236587524414063 11.745308876037597656 11.735064506530761719 11.808582305908203125 11.963199615478515625 12.172957420349121094 12.410856246948242188 12.642512321472167969 12.831801414489746094 12.987397193908691406 13.08884429931640625 13.147045135498046875 13.204630851745605469 13.168857574462890625
12.059247016906738281 12.14171600341796875 12.1795806884765625 12.166865348815917969 12.118283271789550781 12.058544158935546875 12.012784004211425781 11.984066963195800781 11.961632728576660156 11.917059898376464844 11.851862907409667969 11.777995109558105469 11.707680702209472656 11.675978660583496094 11.653543472290039063 11.641771316528320313 11.688162803649902344 11.782364845275878906 11.850609779357910156 11.872509956359863281 11.857778549194335938 11.833736419677734375 11.824033737182617188 11.823273658752441406 11.809058189392089844 11.766154289245605469 11.712795257568359375 11.698185920715332031 11.771474838256835938 11.939029693603515625 12.160616874694824219 12.399729728698730469 12.624279975891113281 12.818752288818359375 12.968885421752929688 13.076967239379882813 13.17513275146484375 13.257715225219726563 13.321387290954589844 13.364259719848632813
12.053284645080566406 12.118501663208007813 12.116551399230957031 12.082522392272949219 12.029344558715820313 11.982280731201171875 11.954512596130371094 11.938215255737304688 11.912917137145996094 11.866241455078125 11.809375762939453125 11.755220413208007813 11.708669662475585938 11.673909187316894531 11.643835067749023438 11.641452789306640625 11.680339813232421875 11.744535446166992188 11.789504051208496094 11.807484626770019531 11.807551383972167969 11.7991485595703125 11.781968116760253906 11.757386207580566406 11.716317176818847656 11.670582771301269531 11.655373573303222656 11.717314720153808594 11.879889488220214844 12.110761642456054688 12.350554466247558594 12.564393997192382813 12.728573799133300781 12.858349800109863281 12.957912445068359375 13.055189132690429688 13.20684814453125 13.318063735961914063 13.374223709106445313 13.483323097229003906
11.96147918701171875 11.975788116455078125 11.955470085144042969 11.929922103881835938 11.90731048583984375 11.897032737731933594 11.890160560607910156 11.877814292907714844 11.847064018249511719 11.800347328186035156 11.750247955322265625 11.706753730773925781 11.674013137817382813 11.6493072509765625 11.621331214904785156 11.602526664733886719 11.600759506225585938 11.612150192260742188 11.622013092041015625 11.627446174621582031 11.625809669494628906 11.623912811279296875 11.620053291320800781 11.618358612060546875 11.623134613037109375 11.654539108276367188 11.733805656433105469 11.884107589721679688 12.094685554504394531 12.313689231872558594 12.498659133911132813 12.631476402282714844 12.71402740478515625 12.799283027648925781 12.887517929077148438 13.014943122863769531 13.223309516906738281 13.373294830322265625 13.460928916931152344 13.572264671325683594
11.867770195007324219 11.854470252990722656 11.825833320617675781 11.790787696838378906 11.773783683776855469 11.763914108276367188 11.748098373413085938 11.7229156494140625 11.699087142944335938 11.676479339599609375 11.663949966430664063 11.66776275634765625 11.67737579345703125 11.691936492919921875 11.708800315856933594 11.72479248046875 11.742105484008789063 11.757619857788085938 11.770082473754882813 11.782767295837402344 11.793317794799804688 11.810467720031738281 11.834589004516601563 11.876126289367675781 11.937914848327636719 12.031154632568359375 12.155325889587402344 12.302608489990234375 12.446641921997070313 12.554256439208984375 12.617585182189941406 12.651568412780761719 12.689280509948730469 12.780573844909667969 12.896137237548828125 13.053685188293457031 13.279758453369140625 13.473779678344726563 13.6295166015625 13.731914520263671875
11.768846511840820313 11.755178451538085938 11.732534408569335938 11.710954666137695313 11.716796875 11.755687713623046875 11.826387405395507813 11.938783645629882813 11.984724044799804688 12.020608901977539063 12.097516059875488281 12.17246246337890625 12.250685691833496094 12.317331314086914063 12.368779182434082031 12.413165092468261719 12.452652931213378906 12.487940788269042969 12.511399269104003906 12.526702880859375 12.530574798583984375 12.531972885131835938 12.530344963073730469 12.535104751586914063 12.546771049499511719 12.571260452270507813 12.602609634399414063 12.634497642517089844 12.657034873962402344 12.669012069702148438 12.685731887817382813 12.720559120178222656 12.789925575256347656 12.909983634948730469 13.036143302917480469 13.190070152282714844 13.382994651794433594 13.567564964294433594 13.749665260314941406 13.832998275756835938
11.706775665283203125 11.693376541137695313 11.708009719848632813 11.77756500244140625 11.943918228149414063 12.174566268920898438 12.319806098937988281 12.540835380554199219 12.595843315124511719 12.600665092468261719 12.59149932861328125 12.56014251708984375 12.527912139892578125 12.536655426025390625 12.602731704711914063 12.710722923278808594 12.831057548522949219 12.939188957214355469 13.024939537048339844 13.079325675964355469 13.107690811157226563 13.111289024353027344 13.097977638244628906 13.075104713439941406 13.044385910034179688 13.013457298278808594 12.984140396118164063 12.966746330261230469 12.960038185119628906 12.965603828430175781 12.992377281188964844 13.039185523986816406 13.108921051025390625 13.202252388000488281 13.294804573059082031 13.422152519226074219 13.567854881286621094 13.72800445556640625 13.886569023132324219 13.899741172790527344
11.686491012573242188 11.7031097412109375 11.778394699096679688 11.956594467163085938 12.243778228759765625 12.519220352172851563 12.607584953308105469 12.633462905883789063 12.571044921875 12.477740287780761719 12.408717155456542969 12.375296592712402344 12.446688652038574219 12.63454437255859375 12.898858070373535156 13.165902137756347656 13.394464492797851563 13.567470550537109375 13.687973976135253906 13.759311676025390625 13.793314933776855469 13.793376922607421875 13.771351814270019531 13.733285903930664063 13.681315422058105469 13.620455741882324219 13.555589675903320313 13.499881744384765625 13.451319694519042969 13.415387153625488281 13.397975921630859375 13.396759033203125 13.419856071472167969 13.466054916381835938 13.540034294128417969 13.661970138549804688 13.792405128479003906 13.928217887878417969 14.0203704833984375 13.932132720947265625
11.778003692626953125 11.76993560791015625 11.880311965942382813 12.114399909973144531 12.382368087768554688 12.562549591064453125 12.630290985107421875 12.536092758178710938 12.313532829284667969 12.1918487548828125 12.205219268798828125 12.437766075134277344 12.827146530151367188 13.237733840942382813 13.6017608642578125 13.88172149658203125 14.079050064086914063 14.201587677001953125 14.264112472534179688 14.289022445678710938 14.298359870910644531 14.292913436889648438 14.283978462219238281 14.268251419067382813 14.245580673217773438 14.210536003112792969 14.166039466857910156 14.112155914306640625 14.049410820007324219 13.986150741577148438 13.924393653869628906 13.873933792114257813 13.845804214477539063 13.834661483764648438 13.873205184936523438 13.948845863342285156 14.033226966857910156 14.109073638916015625 14.061244964599609375 13.916699409484863281
11.861805915832519531 11.862140655517578125 11.987443923950195313 12.190728187561035156 12.412028312683105469 12.583311080932617188 12.597922325134277344 12.398659706115722656 12.165564537048339844 12.139482498168945313 12.340212821960449219 12.826836585998535156 13.300282478332519531 13.705698966979980469 14.025149345397949219 14.241755485534667969 14.366082191467285156 14.387593269348144531 14.379001617431640625 14.361504554748535156 14.335810661315917969 14.317635536193847656 14.314011573791503906 14.32001495361328125 14.328598976135253906 14.333432197570800781 14.327061653137207031 14.305097579956054688 14.274264335632324219 14.230768203735351563 14.183057785034179688 14.141213417053222656 14.101758003234863281 14.0880889892578125 14.124540328979492188 14.172165870666503906 14.212937355041503906 14.170869827270507813 14.010290145874023438 13.876577377319335938
12.121384620666503906 12.209292411804199219 12.327338218688964844 12.454056739807128906 12.570351600646972656 12.621634483337402344 12.512686729431152344 12.241354942321777344 12.135994911193847656 12.31179046630859375 12.857545852661132813 13.375736236572265625 13.8147125244140625 14.162733078002929688 14.365706443786621094 14.417777061462402344 14.379106521606445313 14.305167198181152344 14.231268882751464844 14.172522544860839844 14.133305549621582031 14.135339736938476563 14.173250198364257813 14.226862907409667969 14.278776168823242188 14.321507453918457031 14.348218917846679688 14.361083984375 14.363525390625 14.351614952087402344 14.327378273010253906 14.29468536376953125 14.266286849975585938 14.261086463928222656 14.270768165588378906 14.279631614685058594 14.247540473937988281 14.101015090942382813 13.918292999267578125 13.76392364501953125
12.468678474426269531 12.525960922241210938 12.559424400329589844 12.591988563537597656 12.625926971435546875 12.562365531921386719 12.3516845703125 12.171217918395996094 12.198865890502929688 12.731418609619140625 13.341591835021972656 13.823566436767578125 14.21063995361328125 14.424584388732910156 14.438162803649902344 14.352563858032226563 14.222286224365234375 14.114478111267089844 14.035905838012695313 13.986060142517089844 13.982308387756347656 14.023899078369140625 14.101053237915039063 14.195211410522460938 14.282652854919433594 14.352902412414550781 14.402283668518066406 14.43083953857421875 14.437909126281738281 14.425683975219726563 14.400527000427246094 14.373997688293457031 14.356504440307617188 14.351861000061035156 14.350470542907714844 14.303132057189941406 14.14209747314453125 13.9164886474609375 13.736559867858886719 13.646697998046875
12.408717155456542969 12.355068206787109375 12.316067695617675781 12.323087692260742188 12.32857513427734375 12.282236099243164063 12.249270439147949219 12.228173255920410156 12.610992431640625 13.258096694946289063 13.761975288391113281 14.166493415832519531 14.426969528198242188 14.466942787170410156 14.357266426086425781 14.209453582763671875 14.110787391662597656 14.050107955932617188 14.000341415405273438 13.972329139709472656 13.990224838256835938 14.053717613220214844 14.146187782287597656 14.257207870483398438 14.349751472473144531 14.413117408752441406 14.435785293579101563 14.431521415710449219 14.413919448852539063 14.394328117370605469 14.382594108581542969 14.382485389709472656 14.392411231994628906 14.398362159729003906 14.354974746704101563 14.207326889038085938 13.97495269775390625 13.765672683715820313 13.667970657348632813 13.712477684020996094
12.107081413269042969 12.108401298522949219 12.220276832580566406 12.313830375671386719 12.3175201416015625 12.383652687072753906 12.392530441284179688 12.521875381469726563 13.171452522277832031 13.720549583435058594 14.148972511291503906 14.442327499389648438 14.509055137634277344 14.367181777954101563 14.197484016418457031 14.130629539489746094 14.125011444091796875 14.10001373291015625 14.043879508972167969 14.017889976501464844 14.044525146484375 14.121824264526367188 14.225165367126464844 14.303105354309082031 14.33788299560546875 14.342702865600585938 14.338300704956054688 14.342681884765625 14.359698295593261719 14.38802337646484375 14.421095848083496094 14.450665473937988281 14.454448699951171875 14.390353202819824219 14.22626495361328125 13.9902496337890625 13.778208732604980469 13.682889938354492188 13.732672691345214844 13.797351837158203125
12.190150260925292969 12.365301132202148438 12.540034294128417969 12.5985260009765625 12.598093032836914063 12.576887130737304688 12.554050445556640625 12.92938232421875 13.543292999267578125 14.023347854614257813 14.361759185791015625 14.517047882080078125 14.467585563659667969 14.2642669677734375 14.157435417175292969 14.164425849914550781 14.200320243835449219 14.161586761474609375 14.078795433044433594 14.054837226867675781 14.088323593139648438 14.151686668395996094 14.209605216979980469 14.245577812194824219 14.272238731384277344 14.308121681213378906 14.355805397033691406 14.404656410217285156 14.44980621337890625 14.485944747924804688 14.511415481567382813 14.510553359985351563 14.444149017333984375 14.283600807189941406 14.05091094970703125 13.82347869873046875 13.701367378234863281 13.736157417297363281 13.86232757568359375 13.917827606201171875
12.449671745300292969 12.659090042114257813 12.751235008239746094 12.759789466857910156 12.701465606689453125 12.599013328552246094 12.759417533874511719 13.436604499816894531 13.967261314392089844 14.32332611083984375 14.516178131103515625 14.52886962890625 14.352738380432128906 14.1683502197265625 14.165398597717285156 14.245305061340332031 14.292731285095214844 14.245360374450683594 14.143200874328613281 14.110445976257324219 14.135744094848632813 14.188297271728515625 14.258375167846679688 14.342116355895996094 14.430233001708984375 14.507586479187011719 14.554660797119140625 14.581523895263671875 14.590941429138183594 14.584486961364746094 14.550214767456054688 14.460394859313964844 14.301554679870605469 14.089778900146484375 13.874813079833984375 13.734959602355957031 13.738078117370605469 13.852862358093261719 13.927812576293945313 13.947114944458007813
12.555151939392089844 12.720265388488769531 12.782774925231933594 12.775343894958496094 12.702569007873535156 12.760325431823730469 13.249914169311523438 13.847039222717285156 14.242005348205566406 14.469432830810546875 14.556482315063476563 14.484326362609863281 14.278203010559082031 14.136608123779296875 14.198971748352050781 14.297032356262207031 14.35768890380859375 14.339794158935546875 14.247454643249511719 14.2126617431640625 14.245951652526855469 14.324646949768066406 14.436623573303222656 14.543170928955078125 14.620255470275878906 14.638964653015136719 14.638675689697265625 14.622481346130371094 14.597455024719238281 14.550524711608886719 14.456403732299804688 14.309233665466308594 14.121547698974609375 13.924023628234863281 13.768049240112304688 13.71628570556640625 13.788151741027832031 13.889851570129394531 13.905316352844238281 13.8713531494140625
