MapLinkProApp/griddata/temperature/ASCII/cmems_mod_glo_phy-thetao_anfc_0,083deg_P1D-m_1702458667101_380,2.asc
ncols        121
nrows        120
xllcorner    -30.041666666667
yllcorner    40.041666655981
cellsize     0.083333333333
NODATA_value  9.9692099683868690468e+36
[rows 0 to 17 of 120, columns 40 to 79 of 121]
9.5925664901733398438 9.5888118743896484375 9.5564680099487304688 9.5437898635864257813 9.5439023971557617188 9.5455608367919921875 9.5292520523071289063 9.5141773223876953125 9.4893407821655273438 9.46071624755859375 9.3628988265991210938 9.1460361480712890625 8.84224700927734375 8.5564126968383789063 8.2798585891723632813 7.9349689483642578125 7.4784140586853027344 6.9391703605651855469 6.5281882286071777344 6.3506927490234375 6.2900347709655761719 6.3229222297668457031 6.3064160346984863281 6.1864609718322753906 6.0381512641906738281 5.9983944892883300781 6.1065826416015625 6.3221006393432617188 6.5996203422546386719 6.8856396675109863281 7.183574676513671875 7.4882268905639648438 7.8025994300842285156 8.078399658203125 8.2941045761108398438 8.4921998977661132813 8.6155500411987304688 8.639556884765625 8.6607913970947265625 8.6845703125
9.5438394546508789063 9.4974393844604492188 9.4845342636108398438 9.50222015380859375 9.5192651748657226563 9.4957761764526367188 9.4568262100219726563 9.4455165863037109375 9.4377079010009765625 9.3515338897705078125 9.2007684707641601563 9.0037479400634765625 8.7410306930541992188 8.4369602203369140625 8.1140184402465820313 7.7049269676208496094 7.218936920166015625 6.7225594520568847656 6.3703355789184570313 6.2234706878662109375 6.1425828933715820313 6.1497440338134765625 6.0957050323486328125 5.9690470695495605469 5.9101409912109375 5.9969973564147949219 6.1925272941589355469 6.4671111106872558594 6.8035502433776855469 7.1439213752746582031 7.4641737937927246094 7.7769570350646972656 8.1374406814575195313 8.4107160568237304688 8.6481676101684570313 8.8811197280883789063 9.0314388275146484375 9.0825748443603515625 9.0931453704833984375 9.0228214263916015625
9.3015270233154296875 9.3358554840087890625 9.3508129119873046875 9.3601579666137695313 9.3956060409545898438 9.4043054580688476563 9.3894033432006835938 9.3589696884155273438 9.286228179931640625 9.1590013504028320313 9.0240116119384765625 8.8269853591918945313 8.5424547195434570313 8.2296094894409179688 7.8736977577209472656 7.4395670890808105469 6.976043701171875 6.56520843505859375 6.3129286766052246094 6.1792192459106445313 6.0632352828979492188 5.9850058555603027344 5.9210224151611328125 5.8940763473510742188 5.96910858154296875 6.1570277214050292969 6.430816650390625 6.7833147048950195313 7.1599931716918945313 7.4836497306823730469 7.7794694900512695313 8.0639944076538085938 8.3852815628051757813 8.6736593246459960938 8.9558763504028320313 9.1830663681030273438 9.3083505630493164063 9.4201459884643554688 9.504791259765625 9.4548158645629882813
9.1621150970458984375 9.2051439285278320313 9.2249622344970703125 9.2811994552612304688 9.339786529541015625 9.3446445465087890625 9.3057794570922851563 9.2308416366577148438 9.1383419036865234375 9.0364141464233398438 8.9009103775024414063 8.6814670562744140625 8.4226884841918945313 8.1253509521484375 7.7669386863708496094 7.3774518966674804688 7.0052075386047363281 6.6527533531188964844 6.3972768783569335938 6.2317929267883300781 6.0840435028076171875 6.0008544921875 6.0257968902587890625 6.0852351188659667969 6.2391366958618164063 6.4813032150268554688 6.8057436943054199219 7.1680130958557128906 7.5079927444458007813 7.810550689697265625 8.086700439453125 8.3879766464233398438 8.66927337646484375 8.9298276901245117188 9.1535329818725585938 9.3305959701538085938 9.4418916702270507813 9.6050777435302734375 9.8101758956909179688 9.9200611114501953125
8.8964567184448242188 8.8928861618041992188 8.9417848587036132813 9.0087070465087890625 9.0177555084228515625 8.9702014923095703125 8.8983526229858398438 8.8174409866333007813 8.7388172149658203125 8.6318264007568359375 8.4663095474243164063 8.267223358154296875 8.09435272216796875 7.9246697425842285156 7.6835780143737792969 7.4134125709533691406 7.1901316642761230469 6.9914221763610839844 6.8123598098754882813 6.6813898086547851563 6.6167736053466796875 6.5453133583068847656 6.5533194541931152344 6.6230320930480957031 6.7688488960266113281 6.9872269630432128906 7.2475209236145019531 7.511913299560546875 7.7633085250854492188 8.011260986328125 8.2767047882080078125 8.5670871734619140625 8.8419551849365234375 9.1151208877563476563 9.3428735733032226563 9.5054378509521484375 9.6067323684692382813 9.74068450927734375 9.897502899169921875 10.033026695251464844
8.6239337921142578125 8.5719594955444335938 8.5632076263427734375 8.5581712722778320313 8.5223178863525390625 8.475849151611328125 8.4019536972045898438 8.3231687545776367188 8.263019561767578125 8.1768321990966796875 8.0650043487548828125 7.9174151420593261719 7.8048977851867675781 7.7232236862182617188 7.6279883384704589844 7.5212793350219726563 7.4440908432006835938 7.4317402839660644531 7.3287134170532226563 7.2776808738708496094 7.2910313606262207031 7.3061685562133789063 7.3353333473205566406 7.389892578125 7.4638142585754394531 7.57645416259765625 7.7062993049621582031 7.8708634376525878906 8.0659246444702148438 8.2865247726440429688 8.55042266845703125 8.8262796401977539063 9.1137561798095703125 9.3704853057861328125 9.5907869338989257813 9.7576227188110351563 9.8601140975952148438 9.9746084213256835938 10.065539360046386719 10.18270111083984375
8.3774538040161132813 8.2899599075317382813 8.25042724609375 8.2296953201293945313 8.1894559860229492188 8.147006988525390625 8.1109666824340820313 8.1071910858154296875 8.1163043975830078125 8.112030029296875 8.0990362167358398438 8.07859039306640625 8.0598421096801757813 8.0505819320678710938 8.0473985671997070313 8.0425996780395507813 8.0680837631225585938 8.1000490188598632813 8.0811204910278320313 8.0786390304565429688 8.0939884185791015625 8.0922985076904296875 8.1067218780517578125 8.1151056289672851563 8.1367244720458984375 8.1754713058471679688 8.2424221038818359375 8.3441476821899414063 8.4928493499755859375 8.686004638671875 8.9151182174682617188 9.174419403076171875 9.4211397171020507813 9.6543025970458984375 9.8533935546875 9.9951257705688476563 10.096056938171386719 10.189477920532226563 10.266495704650878906 10.399309158325195313
8.2779874801635742188 8.1958589553833007813 8.1426725387573242188 8.127216339111328125 8.1434965133666992188 8.181583404541015625 8.238025665283203125 8.3038759231567382813 8.354923248291015625 8.3967447280883789063 8.4091587066650390625 8.42801666259765625 8.4419193267822265625 8.487674713134765625 8.5513019561767578125 8.6405925750732421875 8.739589691162109375 8.8270006179809570313 8.9001483917236328125 8.953426361083984375 8.9939746856689453125 9.0208225250244140625 9.0409002304077148438 9.055530548095703125 9.0721521377563476563 9.094440460205078125 9.1226043701171875 9.1800203323364257813 9.27114105224609375 9.3973398208618164063 9.5543107986450195313 9.720615386962890625 9.89162445068359375 10.052880287170410156 10.190114974975585938 10.304524421691894531 10.366272926330566406 10.416676521301269531 10.499597549438476563 10.646172523498535156
8.3743848800659179688 8.3154964447021484375 8.2666759490966796875 8.236995697021484375 8.2481317520141601563 8.2877988815307617188 8.3393011093139648438 8.391773223876953125 8.4635190963745117188 8.5296030044555664063 8.5818243026733398438 8.6142835617065429688 8.6678485870361328125 8.7745294570922851563 8.9211664199829101563 9.1008138656616210938 9.26348114013671875 9.3880290985107421875 9.4780149459838867188 9.5377264022827148438 9.582500457763671875 9.6205549240112304688 9.6555271148681640625 9.6862325668334960938 9.7186336517333984375 9.7495784759521484375 9.7805795669555664063 9.82456207275390625 9.8846139907836914063 9.9662981033325195313 10.067212104797363281 10.173509597778320313 10.279210090637207031 10.373388290405273438 10.454732894897460938 10.525393486022949219 10.5340423583984375 10.546769142150878906 10.658478736877441406 10.8085784912109375
8.5144090652465820313 8.43555450439453125 8.3573389053344726563 8.3075113296508789063 8.2929639816284179688 8.3115453720092773438 8.3563632965087890625 8.4707593917846679688 8.619373321533203125 8.749820709228515625 8.8493633270263671875 8.9064388275146484375 9.0137453079223632813 9.2202291488647460938 9.4884157180786132813 9.7552585601806640625 9.9411754608154296875 10.050937652587890625 10.111192703247070313 10.144336700439453125 10.171283721923828125 10.199502944946289063 10.239693641662597656 10.293680191040039063 10.347204208374023438 10.396071434020996094 10.436445236206054688 10.472469329833984375 10.50255584716796875 10.537139892578125 10.577650070190429688 10.62111663818359375 10.661836624145507813 10.684695243835449219 10.724348068237304688 10.737028121948242188 10.700459480285644531 10.727816581726074219 10.828533172607421875 10.890192031860351563
8.57273101806640625 8.470428466796875 8.3876638412475585938 8.322479248046875 8.2810544967651367188 8.2887849807739257813 8.3952045440673828125 8.57077789306640625 8.7451000213623046875 8.892547607421875 8.9939470291137695313 9.0882825851440429688 9.289615631103515625 9.6146574020385742188 9.9624738693237304688 10.216725349426269531 10.353449821472167969 10.411974906921386719 10.418711662292480469 10.417140007019042969 10.415656089782714844 10.43201446533203125 10.477747917175292969 10.549694061279296875 10.627100944519042969 10.709317207336425781 10.776673316955566406 10.819765090942382813 10.844472885131835938 10.854317665100097656 10.867609024047851563 10.885178565979003906 10.884807586669921875 10.884524345397949219 10.891664505004882813 10.849252700805664063 10.833975791931152344 10.882842063903808594 10.902901649475097656 10.829683303833007813
8.5294628143310546875 8.422542572021484375 8.34404754638671875 8.2997303009033203125 8.293468475341796875 8.3668365478515625 8.5283155441284179688 8.6843500137329101563 8.8623504638671875 9.0684194564819335938 9.2109088897705078125 9.3991174697875976563 9.7380008697509765625 10.119020462036132813 10.381800651550292969 10.492226600646972656 10.514234542846679688 10.48614501953125 10.44738006591796875 10.410742759704589844 10.381723403930664063 10.411929130554199219 10.487672805786132813 10.602566719055175781 10.739903450012207031 10.858452796936035156 10.948117256164550781 11.004454612731933594 11.022554397583007813 11.024977684020996094 11.028326034545898438 11.0162200927734375 11.001682281494140625 11.001827239990234375 10.960941314697265625 10.905511856079101563 10.910398483276367188 10.909505844116210938 10.831130027770996094 10.774870872497558594
8.42752838134765625 8.377613067626953125 8.3524618148803710938 8.3442716598510742188 8.3716602325439453125 8.45654296875 8.5948705673217773438 8.7644128799438476563 9.0597753524780273438 9.283260345458984375 9.4353876113891601563 9.7250452041625976563 10.142619132995605469 10.447501182556152344 10.5518646240234375 10.538281440734863281 10.497961044311523438 10.462299346923828125 10.43727874755859375 10.396701812744140625 10.399970054626464844 10.452208518981933594 10.569209098815917969 10.730665206909179688 10.881872177124023438 11.000126838684082031 11.074590682983398438 11.1088104248046875 11.13047027587890625 11.13619232177734375 11.117440223693847656 11.103800773620605469 11.097111701965332031 11.051769256591796875 10.98175811767578125 10.94980621337890625 10.912047386169433594 10.798649787902832031 10.780925750732421875 10.765227317810058594
8.224544525146484375 8.207157135009765625 8.24668121337890625 8.3357038497924804688 8.48871612548828125 8.66197967529296875 8.8049411773681640625 9.0767927169799804688 9.368743896484375 9.5195789337158203125 9.7181539535522460938 10.091157913208007813 10.438264846801757813 10.553828239440917969 10.524607658386230469 10.488012313842773438 10.495720863342285156 10.525195121765136719 10.513163566589355469 10.481059074401855469 10.511063575744628906 10.615421295166015625 10.784030914306640625 10.950773239135742188 11.075160026550292969 11.155352592468261719 11.200947761535644531 11.221735000610351563 11.218963623046875 11.198150634765625 11.18306732177734375 11.172873497009277344 11.128137588500976563 11.047204017639160156 10.987573623657226563 10.93929290771484375 10.829586029052734375 10.769047737121582031 10.751931190490722656 10.671271324157714844
8.103572845458984375 8.18495941162109375 8.2702836990356445313 8.4602460861206054688 8.7128543853759765625 8.8617811203002929688 9.0719614028930664063 9.4289379119873046875 9.6137838363647460938 9.7569189071655273438 10.042131423950195313 10.417463302612304688 10.593914985656738281 10.54569244384765625 10.504572868347167969 10.550626754760742188 10.644580841064453125 10.706969261169433594 10.6653289794921875 10.631421089172363281 10.69989013671875 10.862921714782714844 11.055856704711914063 11.221807479858398438 11.321767807006835938 11.374835014343261719 11.384028434753417969 11.36946868896484375 11.341106414794921875 11.308361053466796875 11.273274421691894531 11.210087776184082031 11.117940902709960938 11.040095329284667969 10.967458724975585938 10.855073928833007813 10.763700485229492188 10.701381683349609375 10.56523895263671875 10.437468528747558594
8.1175327301025390625 8.2856473922729492188 8.455905914306640625 8.6533651351928710938 8.7981615066528320313 8.9173145294189453125 9.2158937454223632813 9.6057147979736328125 9.7784280776977539063 9.9600038528442382813 10.292772293090820313 10.578955650329589844 10.608670234680175781 10.516447067260742188 10.543297767639160156 10.666769027709960938 10.784062385559082031 10.814775466918945313 10.755492210388183594 10.74587249755859375 10.851738929748535156 11.030260086059570313 11.215353012084960938 11.365263938903808594 11.460126876831054688 11.486153602600097656 11.457547187805175781 11.406981468200683594 11.353969573974609375 11.307977676391601563 11.244184494018554688 11.160427093505859375 11.092473983764648438 11.026019096374511719 10.912257194519042969 10.787347793579101563 10.695997238159179688 10.547230720520019531 10.357613563537597656 10.277009963989257813
8.1959924697875976563 8.3107404708862304688 8.4745206832885742188 8.6148366928100585938 8.6890821456909179688 8.9758043289184570313 9.5546026229858398438 9.8696880340576171875 9.9416656494140625 10.195077896118164063 10.532320022583007813 10.692456245422363281 10.60314178466796875 10.547446250915527344 10.664908409118652344 10.819631576538085938 10.916912078857421875 10.937383651733398438 10.900556564331054688 10.916736602783203125 11.038038253784179688 11.207284927368164063 11.38677215576171875 11.494966506958007813 11.536561965942382813 11.52144622802734375 11.463622093200683594 11.390126228332519531 11.312822341918945313 11.242934226989746094 11.186916351318359375 11.135175704956054688 11.064655303955078125 10.946122169494628906 10.812474250793457031 10.711997032165527344 10.581894874572753906 10.392271995544433594 10.272642135620117188 10.295430183410644531
8.252063751220703125 8.3517913818359375 8.54566192626953125 8.7474517822265625 8.9756946563720703125 9.3995790481567382813 9.8621377944946289063 9.9845256805419921875 10.047551155090332031 10.377885818481445313 10.663933753967285156 10.722461700439453125 10.604561805725097656 10.613890647888183594 10.776021957397460938 10.895043373107910156 10.981431007385253906 11.032871246337890625 11.029232025146484375 11.064234733581542969 11.187424659729003906 11.334014892578125 11.4789886474609375 11.532106399536132813 11.535305976867675781 11.496975898742675781 11.428499221801757813 11.355714797973632813 11.296022415161132813 11.233021736145019531 11.176836013793945313 11.107715606689453125 10.983607292175292969 10.842040061950683594 10.738269805908203125 10.633373260498046875 10.467093467712402344 10.306101799011230469 10.294413566589355469 10.371390342712402344
