MapLinkProApp/griddata/temperature/ASCII/cmems_mod_glo_phy-thetao_anfc_0,083deg_P1D-m_1702458667101_6,4.asc
ncols        121
nrows        120
xllcorner    -30.041666666667
yllcorner    40.041666655981
cellsize     0.083333333333
NODATA_value  9.9692099683868690468e+36
[rows 0 to 17 of 120, columns 80 to 119 of 121]
12.669726371765136719 12.595338821411132813 12.5062103271484375 12.570261955261230469 12.81147003173828125 13.019411087036132813 13.268038749694824219 13.459998130798339844 13.528388023376464844 13.557916641235351563 13.578347206115722656 13.566409111022949219 13.537219047546386719 13.512056350708007813 13.495148658752441406 13.481525421142578125 13.473494529724121094 13.475503921508789063 13.475088119506835938 13.468003273010253906 13.442216873168945313 13.392770767211914063 13.3787689208984375 13.403797149658203125 13.418363571166992188 13.387007713317871094 13.323728561401367188 13.266472816467285156 13.169771194458007813 13.043515205383300781 12.936838150024414063 12.899798393249511719 12.894591331481933594 12.864459037780761719 12.781699180603027344 12.687419891357421875 12.710335731506347656 12.939970970153808594 13.224964141845703125 13.318109512329101563
13.118117332458496094 13.03925323486328125 13.002147674560546875 13.166996955871582031 13.288840293884277344 13.337445259094238281 13.491988182067871094 13.53630828857421875 13.53444671630859375 13.55707550048828125 13.559418678283691406 13.528837203979492188 13.499205589294433594 13.486901283264160156 13.485386848449707031 13.465973854064941406 13.432218551635742188 13.417120933532714844 13.410675048828125 13.406352043151855469 13.39929962158203125 13.409096717834472656 13.436315536499023438 13.461336135864257813 13.4299468994140625 13.345267295837402344 13.244680404663085938 13.169981002807617188 13.124651908874511719 13.0945892333984375 13.064657211303710938 13.012179374694824219 12.917658805847167969 12.819123268127441406 12.751058578491210938 12.745848655700683594 12.867510795593261719 13.085293769836425781 13.253029823303222656 13.323300361633300781
13.397348403930664063 13.340031623840332031 13.369776725769042969 13.4651031494140625 13.449071884155273438 13.471327781677246094 13.55133056640625 13.533759117126464844 13.524163246154785156 13.547341346740722656 13.537992477416992188 13.509656906127929688 13.493121147155761719 13.484827041625976563 13.477434158325195313 13.455813407897949219 13.427615165710449219 13.410602569580078125 13.39612579345703125 13.388279914855957031 13.430248260498046875 13.448443412780761719 13.425646781921386719 13.38134002685546875 13.339547157287597656 13.322241783142089844 13.298992156982421875 13.213958740234375 13.065300941467285156 12.944287300109863281 12.864626884460449219 12.847570419311523438 12.860560417175292969 12.897318840026855469 12.938428878784179688 12.9935302734375 13.079988479614257813 13.179172515869140625 13.260148048400878906 13.319583892822265625
13.527263641357421875 13.4757232666015625 13.529683113098144531 13.563538551330566406 13.512098312377929688 13.555187225341796875 13.559610366821289063 13.51371002197265625 13.507387161254882813 13.522779464721679688 13.503737449645996094 13.488704681396484375 13.487030982971191406 13.475251197814941406 13.46087646484375 13.455399513244628906 13.455518722534179688 13.452272415161132813 13.453372001647949219 13.454479217529296875 13.460751533508300781 13.447696685791015625 13.412409782409667969 13.352386474609375 13.272572517395019531 13.171243667602539063 13.084203720092773438 13.013452529907226563 13.009076118469238281 13.029939651489257813 13.09345245361328125 13.171935081481933594 13.253787994384765625 13.313085556030273438 13.356944084167480469 13.390368461608886719 13.414496421813964844 13.428347587585449219 13.434105873107910156 13.434197425842285156
13.563116073608398438 13.502618789672851563 13.570585250854492188 13.593642234802246094 13.539999008178710938 13.578467369079589844 13.560418128967285156 13.502699851989746094 13.488803863525390625 13.490496635437011719 13.459608078002929688 13.44850921630859375 13.461728096008300781 13.465111732482910156 13.461327552795410156 13.470269203186035156 13.485706329345703125 13.488170623779296875 13.483522415161132813 13.459563255310058594 13.385540008544921875 13.306500434875488281 13.194184303283691406 13.107652664184570313 13.093838691711425781 13.113589286804199219 13.172358512878417969 13.2284698486328125 13.284266471862792969 13.298405647277832031 13.322825431823730469 13.322237014770507813 13.3277130126953125 13.338037490844726563 13.363402366638183594 13.406140327453613281 13.44539642333984375 13.468502044677734375 13.473491668701171875 13.466326713562011719
13.666683197021484375 13.582368850708007813 13.632376670837402344 13.64086151123046875 13.574029922485351563 13.582994461059570313 13.566684722900390625 13.499837875366210938 13.471750259399414063 13.466658592224121094 13.413327217102050781 13.379110336303710938 13.382776260375976563 13.393557548522949219 13.409496307373046875 13.423216819763183594 13.414113998413085938 13.384511947631835938 13.335369110107421875 13.269057273864746094 13.200743675231933594 13.149758338928222656 13.158502578735351563 13.194919586181640625 13.250922203063964844 13.281793594360351563 13.319753646850585938 13.311105728149414063 13.3159942626953125 13.288103103637695313 13.301279067993164063 13.29170989990234375 13.272706031799316406 13.259842872619628906 13.269759178161621094 13.324298858642578125 13.403120994567871094 13.468418121337890625 13.500698089599609375 13.504058837890625
13.7386322021484375 13.661304473876953125 13.692717552185058594 13.678561210632324219 13.599644660949707031 13.584696769714355469 13.577361106872558594 13.504926681518554688 13.455204963684082031 13.451864242553710938 13.397785186767578125 13.334629058837890625 13.309473991394042969 13.308257102966308594 13.322553634643554688 13.322551727294921875 13.287217140197753906 13.242824554443359375 13.198447227478027344 13.177617073059082031 13.208804130554199219 13.27094268798828125 13.319527626037597656 13.330394744873046875 13.300885200500488281 13.249726295471191406 13.224740982055664063 13.195069313049316406 13.202311515808105469 13.203187942504882813 13.217878341674804688 13.224888801574707031 13.2343292236328125 13.220037460327148438 13.207843780517578125 13.238581657409667969 13.322614669799804688 13.421326637268066406 13.4932403564453125 13.529569625854492188
13.780210494995117188 13.732621192932128906 13.739209175109863281 13.692761421203613281 13.616091728210449219 13.584307670593261719 13.590418815612792969 13.522886276245117188 13.43896484375 13.42824554443359375 13.391611099243164063 13.331661224365234375 13.310278892517089844 13.284756660461425781 13.260759353637695313 13.239586830139160156 13.211764335632324219 13.195317268371582031 13.200007438659667969 13.23699951171875 13.287813186645507813 13.31427001953125 13.29743194580078125 13.228563308715820313 13.161608695983886719 13.128794670104980469 13.128397941589355469 13.102735519409179688 13.101843833923339844 13.100393295288085938 13.09822845458984375 13.134387016296386719 13.17580413818359375 13.179673194885253906 13.181361198425292969 13.208487510681152344 13.273726463317871094 13.37316131591796875 13.470280647277832031 13.538590431213378906
13.811605453491210938 13.778296470642089844 13.725580215454101563 13.652733802795410156 13.599803924560546875 13.571725845336914063 13.589646339416503906 13.54914093017578125 13.439304351806640625 13.41075897216796875 13.387135505676269531 13.304749488830566406 13.262631416320800781 13.219919204711914063 13.189138412475585938 13.182207107543945313 13.190684318542480469 13.214334487915039063 13.248295783996582031 13.283310890197753906 13.299481391906738281 13.281942367553710938 13.23676300048828125 13.208639144897460938 13.217191696166992188 13.223073959350585938 13.186963081359863281 13.146681785583496094 13.123599052429199219 13.114145278930664063 13.107768058776855469 13.108202934265136719 13.124503135681152344 13.135891914367675781 13.156072616577148438 13.200827598571777344 13.26819610595703125 13.352503776550292969 13.440712928771972656 13.514720916748046875
13.821895599365234375 13.743368148803710938 13.637378692626953125 13.579751968383789063 13.573038101196289063 13.589899063110351563 13.591768264770507813 13.575135231018066406 13.465209007263183594 13.390606880187988281 13.386400222778320313 13.297117233276367188 13.233203887939453125 13.188829421997070313 13.164194107055664063 13.170894622802734375 13.195250511169433594 13.227807998657226563 13.263997077941894531 13.290049552917480469 13.294507980346679688 13.274493217468261719 13.247849464416503906 13.2374267578125 13.236205101013183594 13.2198028564453125 13.191623687744140625 13.155896186828613281 13.113492965698242188 13.116887092590332031 13.124997138977050781 13.133663177490234375 13.140370368957519531 13.14312744140625 13.160220146179199219 13.207137107849121094 13.286084175109863281 13.373929023742675781 13.450690269470214844 13.511692047119140625
13.756056785583496094 13.619938850402832031 13.586131095886230469 13.660420417785644531 13.673768043518066406 13.669085502624511719 13.641407012939453125 13.608905792236328125 13.505908966064453125 13.383641242980957031 13.365142822265625 13.331943511962890625 13.240334510803222656 13.185167312622070313 13.160634040832519531 13.174510002136230469 13.212748527526855469 13.250787734985351563 13.283555030822753906 13.304721832275390625 13.306306838989257813 13.294342041015625 13.278597831726074219 13.263469696044921875 13.241275787353515625 13.218716621398925781 13.209503173828125 13.167135238647460938 13.12210845947265625 13.107740402221679688 13.124174118041992188 13.148314476013183594 13.159376144409179688 13.1629791259765625 13.181177139282226563 13.235116958618164063 13.323942184448242188 13.422415733337402344 13.507227897644042969 13.564801216125488281
13.637884140014648438 13.634805679321289063 13.716254234313964844 13.740794181823730469 13.739922523498535156 13.714346885681152344 13.66524505615234375 13.609937667846679688 13.508860588073730469 13.386178016662597656 13.337904930114746094 13.361100196838378906 13.298643112182617188 13.211271286010742188 13.150258064270019531 13.137044906616210938 13.17352294921875 13.230669021606445313 13.276736259460449219 13.300108909606933594 13.304366111755371094 13.29496002197265625 13.27326202392578125 13.245396614074707031 13.210836410522460938 13.180762290954589844 13.167044639587402344 13.138744354248046875 13.102931022644042969 13.096654891967773438 13.116424560546875 13.161378860473632813 13.189897537231445313 13.194283485412597656 13.216929435729980469 13.295258522033691406 13.412901878356933594 13.524333000183105469 13.610642433166503906 13.667179107666015625
13.705997467041015625 13.734009742736816406 13.755598068237304688 13.758605003356933594 13.755263328552246094 13.742383956909179688 13.72084808349609375 13.684391975402832031 13.623212814331054688 13.530253410339355469 13.430072784423828125 13.344170570373535156 13.300715446472167969 13.27767181396484375 13.241224288940429688 13.190855979919433594 13.151025772094726563 13.136523246765136719 13.144479751586914063 13.162056922912597656 13.175715446472167969 13.176056861877441406 13.159581184387207031 13.132151603698730469 13.106161117553710938 13.090742111206054688 13.099880218505859375 13.093221664428710938 13.080227851867675781 13.088412284851074219 13.119831085205078125 13.175295829772949219 13.217197418212890625 13.218506813049316406 13.258042335510253906 13.369158744812011719 13.512653350830078125 13.634791374206542969 13.713068962097167969 13.751295089721679688
13.744059562683105469 13.779888153076171875 13.803545951843261719 13.805022239685058594 13.807747840881347656 13.798177719116210938 13.789452552795410156 13.781819343566894531 13.767056465148925781 13.738191604614257813 13.682688713073730469 13.590998649597167969 13.455106735229492188 13.322032928466796875 13.244066238403320313 13.208786964416503906 13.192257881164550781 13.177843093872070313 13.15641021728515625 13.132943153381347656 13.112677574157714844 13.092437744140625 13.072222709655761719 13.054928779602050781 13.040185928344726563 13.039846420288085938 13.055543899536132813 13.052144050598144531 13.061606407165527344 13.09430694580078125 13.1542816162109375 13.235120773315429688 13.257738113403320313 13.261014938354492188 13.352833747863769531 13.502387046813964844 13.648758888244628906 13.749712944030761719 13.80510711669921875 13.822259902954101563
13.862359046936035156 13.911655426025390625 13.915036201477050781 13.924521446228027344 13.92473602294921875 13.921870231628417969 13.921316146850585938 13.916974067687988281 13.910764694213867188 13.896808624267578125 13.867738723754882813 13.827370643615722656 13.777387619018554688 13.683995246887207031 13.556909561157226563 13.414886474609375 13.291517257690429688 13.210972785949707031 13.163622856140136719 13.135914802551269531 13.118875503540039063 13.102535247802734375 13.085131645202636719 13.069869041442871094 13.056055068969726563 13.051253318786621094 13.051766395568847656 13.046839714050292969 13.079896926879882813 13.13166046142578125 13.216945648193359375 13.291293144226074219 13.284116744995117188 13.324572563171386719 13.47412872314453125 13.634917259216308594 13.768466949462890625 13.853106498718261719 13.888888359069824219 13.900089263916015625
13.958800315856933594 13.942984580993652344 13.933596611022949219 13.913998603820800781 13.903933525085449219 13.907515525817871094 13.916104316711425781 13.929665565490722656 13.945675849914550781 13.958837509155273438 13.965488433837890625 13.95943450927734375 13.935832977294921875 13.888741493225097656 13.84307098388671875 13.763854026794433594 13.669793128967285156 13.545803070068359375 13.412232398986816406 13.29457855224609375 13.207040786743164063 13.148737907409667969 13.113338470458984375 13.091357231140136719 13.075984954833984375 13.070731163024902344 13.074255943298339844 13.102480888366699219 13.168573379516601563 13.238712310791015625 13.321337699890136719 13.329035758972167969 13.326826095581054688 13.44289398193359375 13.600813865661621094 13.751906394958496094 13.880491256713867188 13.947881698608398438 13.974447250366210938 13.981699943542480469
13.915704727172851563 13.867092132568359375 13.835707664489746094 13.821917533874511719 13.833718299865722656 13.860362052917480469 13.890634536743164063 13.925470352172851563 13.950839042663574219 13.961180686950683594 13.964091300964355469 13.970313072204589844 13.97442626953125 13.96456146240234375 13.938924789428710938 13.884112358093261719 13.824413299560546875 13.748279571533203125 13.664486885070800781 13.563948631286621094 13.448039054870605469 13.340257644653320313 13.260928153991699219 13.20612335205078125 13.174836158752441406 13.169635772705078125 13.182900428771972656 13.235613822937011719 13.294638633728027344 13.364087104797363281 13.383122444152832031 13.340511322021484375 13.419924736022949219 13.582150459289550781 13.739017486572265625 13.911756515502929688 14.030038833618164063 14.056407928466796875 14.042406082153320313 14.027417182922363281
13.807839393615722656 13.772645950317382813 13.766243934631347656 13.794659614562988281 13.84476470947265625 13.91156768798828125 13.978750228881835938 14.03284454345703125 14.05411529541015625 14.056036949157714844 14.042742729187011719 14.020581245422363281 14.000246047973632813 13.988512039184570313 13.979357719421386719 13.960506439208984375 13.927480697631835938 13.883196830749511719 13.830367088317871094 13.764631271362304688 13.678517341613769531 13.579649925231933594 13.48534393310546875 13.410015106201171875 13.359635353088378906 13.334531784057617188 13.334445953369140625 13.3572998046875 13.393497467041015625 13.421469688415527344 13.383022308349609375 13.384009361267089844 13.526903152465820313 13.682844161987304688 13.862675666809082031 14.046172142028808594 14.103967666625976563 14.069104194641113281 14.032780647277832031 14.012098312377929688
