MapLinkProApp/griddata/temperature/ASCII/cmems_mod_glo_phy-thetao_anfc_0,083deg_P1D-m_1702458667101_6,4.asc
ncols        121
nrows        120
xllcorner    -30.041666666667
yllcorner    40.041666655981
cellsize     0.083333333333
NODATA_value  9.9692099683868690468e+36
[rows 90 to 107 of 120, columns 0 to 39 of 121]
17.704870223999023438 17.688802719116210938 17.678113937377929688 17.677494049072265625 17.680521011352539063 17.687105178833007813 17.692937850952148438 17.691953659057617188 17.673479080200195313 17.636709213256835938 17.57444000244140625 17.47995758056640625 17.359716415405273438 17.260234832763671875 17.143972396850585938 16.90074920654296875 16.529703140258789063 16.446203231811523438 16.615018844604492188 16.855909347534179688 17.166280746459960938 17.425140380859375 17.59081268310546875 17.6008758544921875 17.496755599975585938 17.372045516967773438 17.317056655883789063 17.253713607788085938 17.165309906005859375 17.049360275268554688 16.94496917724609375 17.004060745239257813 17.079448699951171875 16.905893325805664063 16.71883392333984375 16.588125228881835938 16.543550491333007813 16.952619552612304688 17.566373825073242188 18.021108627319335938
17.724699020385742188 17.724910736083984375 17.723033905029296875 17.7207183837890625 17.717632293701171875 17.712718963623046875 17.70146942138671875 17.689571380615234375 17.661724090576171875 17.5980682373046875 17.499898910522460938 17.387079238891601563 17.27471160888671875 17.152559280395507813 16.959711074829101563 16.658433914184570313 16.409013748168945313 16.63507080078125 16.834501266479492188 17.112285614013671875 17.346240997314453125 17.532205581665039063 17.618854522705078125 17.579294204711914063 17.444200515747070313 17.3043670654296875 17.226610183715820313 17.1663665771484375 17.08809661865234375 17.026287078857421875 17.010986328125 17.08783721923828125 17.096136093139648438 16.9391937255859375 16.7183074951171875 16.6264190673828125 17.15557098388671875 17.985506057739257813 18.346630096435546875 18.404796600341796875
17.633449554443359375 17.645343780517578125 17.656744003295898438 17.664716720581054688 17.665647506713867188 17.661716461181640625 17.651554107666015625 17.632572174072265625 17.582530975341796875 17.49259185791015625 17.372106552124023438 17.2559051513671875 17.137228012084960938 16.98436737060546875 16.781097412109375 16.605680465698242188 16.6792144775390625 16.871913909912109375 17.056844711303710938 17.256170272827148438 17.417276382446289063 17.546840667724609375 17.608182907104492188 17.584466934204101563 17.488010406494140625 17.355699539184570313 17.261892318725585938 17.201404571533203125 17.150630950927734375 17.135213851928710938 17.149942398071289063 17.150028228759765625 17.043674468994140625 16.84256744384765625 16.883886337280273438 17.559665679931640625 18.250835418701171875 18.419170379638671875 18.409566879272460938 18.332078933715820313
17.547372817993164063 17.55693817138671875 17.570537567138671875 17.576251983642578125 17.571136474609375 17.556055068969726563 17.533473968505859375 17.491617202758789063 17.42627716064453125 17.338743209838867188 17.2388763427734375 17.139829635620117188 17.027399063110351563 16.903194427490234375 16.811391830444335938 16.830526351928710938 16.9515380859375 17.053140640258789063 17.205022811889648438 17.31575775146484375 17.4041748046875 17.482135772705078125 17.536167144775390625 17.566236495971679688 17.538717269897460938 17.453882217407226563 17.378446578979492188 17.318172454833984375 17.267930984497070313 17.218690872192382813 17.134099960327148438 16.99200439453125 16.92420196533203125 17.360691070556640625 18.045764923095703125 18.374851226806640625 18.43448638916015625 18.414989471435546875 18.358098983764648438 18.29349517822265625
17.491069793701171875 17.492982864379882813 17.48998260498046875 17.481077194213867188 17.465791702270507813 17.440324783325195313 17.408809661865234375 17.36719512939453125 17.311992645263671875 17.243810653686523438 17.168226242065429688 17.09656524658203125 17.0234375 16.974971771240234375 16.975347518920898438 17.02016448974609375 17.095556259155273438 17.1927032470703125 17.2736053466796875 17.311334609985351563 17.346343994140625 17.37286376953125 17.414209365844726563 17.477235794067382813 17.484407424926757813 17.43175506591796875 17.375150680541992188 17.302457809448242188 17.20252227783203125 17.078067779541015625 16.95661163330078125 17.002979278564453125 17.727725982666015625 18.325109481811523438 18.425027847290039063 18.433862686157226563 18.456960678100585938 18.458179473876953125 18.445177078247070313 18.377687454223632813
17.477386474609375 17.458377838134765625 17.440313339233398438 17.420886993408203125 17.396986007690429688 17.368762969970703125 17.335956573486328125 17.301790237426757813 17.25835418701171875 17.210462570190429688 17.162975311279296875 17.120622634887695313 17.084772109985351563 17.067018508911132813 17.078927993774414063 17.137617111206054688 17.210237503051757813 17.249032974243164063 17.2718048095703125 17.281581878662109375 17.27251434326171875 17.263669967651367188 17.2876434326171875 17.337703704833984375 17.3552398681640625 17.32099151611328125 17.257720947265625 17.16719818115234375 17.057653427124023438 16.987758636474609375 17.102222442626953125 17.770704269409179688 18.367565155029296875 18.433710098266601563 18.43038177490234375 18.459072113037109375 18.493213653564453125 18.490667343139648438 18.46172332763671875 18.397157669067382813
17.473636627197265625 17.4714202880859375 17.462554931640625 17.441303253173828125 17.40950775146484375 17.372594833374023438 17.33415985107421875 17.30008697509765625 17.265911102294921875 17.23386383056640625 17.200214385986328125 17.16373443603515625 17.130331039428710938 17.125123977661132813 17.175201416015625 17.231290817260742188 17.240444183349609375 17.243076324462890625 17.244073867797851563 17.22795867919921875 17.200017929077148438 17.181903839111328125 17.191768646240234375 17.211456298828125 17.210262298583984375 17.18018341064453125 17.128139495849609375 17.05381011962890625 17.00142669677734375 17.081975936889648438 17.495756149291992188 18.235116958618164063 18.431919097900390625 18.427858352661132813 18.413280487060546875 18.43328094482421875 18.436281204223632813 18.451396942138671875 18.47353363037109375 18.482835769653320313
17.384899139404296875 17.388143539428710938 17.396444320678710938 17.4052886962890625 17.409643173217773438 17.3967437744140625 17.368730545043945313 17.331829071044921875 17.292848587036132813 17.248277664184570313 17.201021194458007813 17.153163909912109375 17.133558273315429688 17.167200088500976563 17.227359771728515625 17.237424850463867188 17.222177505493164063 17.214628219604492188 17.204555511474609375 17.183618545532226563 17.161104202270507813 17.155275344848632813 17.163787841796875 17.16864013671875 17.149957656860351563 17.108623504638671875 17.05478668212890625 16.992208480834960938 16.966180801391601563 17.089344024658203125 17.528942108154296875 18.156885147094726563 18.42771148681640625 18.419597625732421875 18.36834716796875 18.345302581787109375 18.32373046875 18.336940765380859375 18.396320343017578125 18.470371246337890625
17.377553939819335938 17.371667861938476563 17.343328475952148438 17.318269729614257813 17.312414169311523438 17.314113616943359375 17.304338455200195313 17.27408599853515625 17.232282638549804688 17.192579269409179688 17.155218124389648438 17.139722824096679688 17.156827926635742188 17.2027740478515625 17.229043960571289063 17.209955215454101563 17.18041229248046875 17.171319961547851563 17.164705276489257813 17.154176712036132813 17.151348114013671875 17.164302825927734375 17.183685302734375 17.187740325927734375 17.167888641357421875 17.127796173095703125 17.080593109130859375 17.021087646484375 16.971025466918945313 16.993011474609375 17.219026565551757813 17.704647064208984375 18.190235137939453125 18.37561798095703125 18.366521835327148438 18.328470230102539063 18.2703704833984375 18.220401763916015625 18.2152862548828125 18.277521133422851563
17.4123382568359375 17.40741729736328125 17.382131576538085938 17.324056625366210938 17.266611099243164063 17.24156951904296875 17.231557846069335938 17.212831497192382813 17.189029693603515625 17.1781005859375 17.177516937255859375 17.188352584838867188 17.206554412841796875 17.215551376342773438 17.2012481689453125 17.166200637817382813 17.132703781127929688 17.121805191040039063 17.127582550048828125 17.143167495727539063 17.17209625244140625 17.212848663330078125 17.25301361083984375 17.277729034423828125 17.2687835693359375 17.229602813720703125 17.174772262573242188 17.121957778930664063 17.078706741333007813 17.064474105834960938 17.117031097412109375 17.323596954345703125 17.692775726318359375 18.086811065673828125 18.2751312255859375 18.27556610107421875 18.194347381591796875 18.121976852416992188 18.108930587768554688 18.1041107177734375
17.46930694580078125 17.449001312255859375 17.408327102661132813 17.347837448120117188 17.292299270629882813 17.26023101806640625 17.246734619140625 17.238393783569335938 17.23317718505859375 17.235034942626953125 17.239488601684570313 17.2382049560546875 17.225767135620117188 17.20536041259765625 17.173955917358398438 17.14060211181640625 17.117925643920898438 17.112642288208007813 17.119884490966796875 17.143009185791015625 17.180475234985351563 17.232660293579101563 17.285463333129882813 17.341447830200195313 17.374402999877929688 17.378204345703125 17.344287872314453125 17.282642364501953125 17.212926864624023438 17.161411285400390625 17.151922225952148438 17.198421478271484375 17.364034652709960938 17.647611618041992188 17.853649139404296875 17.874942779541015625 17.811351776123046875 17.749925613403320313 17.829019546508789063 17.9765167236328125
17.504343032836914063 17.464502334594726563 17.42657470703125 17.38196563720703125 17.343963623046875 17.324468612670898438 17.30816650390625 17.293787002563476563 17.286844253540039063 17.287004470825195313 17.286945343017578125 17.279819488525390625 17.261440277099609375 17.237133026123046875 17.2097930908203125 17.189317703247070313 17.181898117065429688 17.186861038208007813 17.1955108642578125 17.209634780883789063 17.231546401977539063 17.265443801879882813 17.290143966674804688 17.328729629516601563 17.374444961547851563 17.421825408935546875 17.442609786987304688 17.428401947021484375 17.386035919189453125 17.332324981689453125 17.289793014526367188 17.265468597412109375 17.2669830322265625 17.319040298461914063 17.404270172119140625 17.458400726318359375 17.52387237548828125 17.615949630737304688 17.772981643676757813 17.941152572631835938
17.523342132568359375 17.490863800048828125 17.469461441040039063 17.459453582763671875 17.4722137451171875 17.48418426513671875 17.480527877807617188 17.470037460327148438 17.457281112670898438 17.4406585693359375 17.417776107788085938 17.395229339599609375 17.38217926025390625 17.388235092163085938 17.417051315307617188 17.469753265380859375 17.53075408935546875 17.580240249633789063 17.5995635986328125 17.596864700317382813 17.574100494384765625 17.5406494140625 17.487844467163085938 17.441196441650390625 17.415348052978515625 17.417238235473632813 17.441864013671875 17.461948394775390625 17.468084335327148438 17.458642959594726563 17.460275650024414063 17.466066360473632813 17.49530792236328125 17.559894561767578125 17.661184310913085938 17.861713409423828125 18.087080001831054688 18.268072128295898438 18.420688629150390625 18.514049530029296875
17.583017349243164063 17.585193634033203125 17.629167556762695313 17.72442626953125 17.839147567749023438 17.897329330444335938 17.8911285400390625 17.85129547119140625 17.811578750610351563 17.769168853759765625 17.72762298583984375 17.73078155517578125 17.800611495971679688 17.92716217041015625 18.076610565185546875 18.2059478759765625 18.2877655029296875 18.3167724609375 18.31999969482421875 18.305189132690429688 18.265069961547851563 18.195196151733398438 18.064849853515625 17.867855072021484375 17.71007537841796875 17.614345550537109375 17.538669586181640625 17.494976043701171875 17.474315643310546875 17.459918975830078125 17.586893081665039063 17.819639205932617188 18.070825576782226563 18.294866561889648438 18.565744400024414063 18.727910995483398438 18.795736312866210938 18.831573486328125 18.84424591064453125 18.84435272216796875
17.696279525756835938 17.763578414916992188 17.89992523193359375 18.08013916015625 18.221485137939453125 18.258214950561523438 18.225566864013671875 18.192417144775390625 18.181100845336914063 18.167760848999023438 18.165439605712890625 18.230264663696289063 18.34801483154296875 18.4528656005859375 18.506168365478515625 18.52111053466796875 18.51349639892578125 18.498277664184570313 18.493013381958007813 18.5054168701171875 18.520170211791992188 18.5217437744140625 18.491209030151367188 18.362134933471679688 18.172954559326171875 18.016571044921875 17.873264312744140625 17.750652313232421875 17.56812286376953125 17.548006057739257813 17.978731155395507813 18.45108795166015625 18.757074356079101563 18.835063934326171875 18.856433868408203125 18.855560302734375 18.845087051391601563 18.841335296630859375 18.845500946044921875 18.852649688720703125
17.80255889892578125 17.895832061767578125 18.069189071655273438 18.261510848999023438 18.389554977416992188 18.427808761596679688 18.405233383178710938 18.380870819091796875 18.393848419189453125 18.403284072875976563 18.407993316650390625 18.450391769409179688 18.512113571166992188 18.540470123291015625 18.549694061279296875 18.52240753173828125 18.468395233154296875 18.414163589477539063 18.389635086059570313 18.408588409423828125 18.446514129638671875 18.493822097778320313 18.531890869140625 18.539302825927734375 18.469034194946289063 18.371921539306640625 18.260929107666015625 18.080596923828125 17.711755752563476563 17.80684661865234375 18.315036773681640625 18.663660049438476563 18.805116653442382813 18.839319229125976563 18.841075897216796875 18.835651397705078125 18.832859039306640625 18.837703704833984375 18.848836898803710938 18.862308502197265625
17.973651885986328125 17.980527877807617188 18.038991928100585938 18.157894134521484375 18.301816940307617188 18.430561065673828125 18.486057281494140625 18.48448944091796875 18.490535736083984375 18.508846282958984375 18.521360397338867188 18.541896820068359375 18.577417373657226563 18.59210205078125 18.589056015014648438 18.549991607666015625 18.480792999267578125 18.397918701171875 18.357501983642578125 18.367603302001953125 18.401123046875 18.440921783447265625 18.4963836669921875 18.56597900390625 18.589548110961914063 18.53910064697265625 18.44004058837890625 18.179594039916992188 17.839832305908203125 18.015752792358398438 18.429140090942382813 18.730676651000976563 18.834133148193359375 18.858690261840820313 18.851591110229492188 18.825902938842773438 18.80997467041015625 18.8134918212890625 18.829809188842773438 18.849023818969726563
18.0617218017578125 18.1014862060546875 18.115888595581054688 18.128650665283203125 18.159748077392578125 18.223720550537109375 18.342863082885742188 18.455930709838867188 18.500705718994140625 18.521409988403320313 18.541055679321289063 18.565906524658203125 18.593751907348632813 18.598657608032226563 18.5850982666015625 18.532289505004882813 18.446697235107421875 18.340839385986328125 18.318086624145507813 18.3411712646484375 18.400369644165039063 18.459026336669921875 18.498199462890625 18.5683441162109375 18.625856399536132813 18.581823348999023438 18.42730712890625 18.124256134033203125 17.946498870849609375 18.212858200073242188 18.546520233154296875 18.767421722412109375 18.843595504760742188 18.847980499267578125 18.804492950439453125 18.764322280883789063 18.759082794189453125 18.772539138793945313 18.80153656005859375 18.826557159423828125
