MapLinkProApp/griddata/temperature/ASCII/cmems_mod_glo_phy-thetao_anfc_0,083deg_P1D-m_1702458667101_9,6.asc
ncols        121
nrows        120
xllcorner    -30.041666666667
yllcorner    40.041666655981
cellsize     0.083333333333
NODATA_value  9.9692099683868690468e+36
[rows 54 to 71 of 120, columns 80 to 119 of 121]
15.888094902038574219 15.892925262451171875 15.909173965454101563 15.919606208801269531 15.918437004089355469 15.901353836059570313 15.866758346557617188 15.825845718383789063 15.782711982727050781 15.742124557495117188 15.724933624267578125 15.71631622314453125 15.717652320861816406 15.712023735046386719 15.664030075073242188 15.6237945556640625 15.570954322814941406 15.473580360412597656 15.385545730590820313 15.347922325134277344 15.357197761535644531 15.391607284545898438 15.419543266296386719 15.441884994506835938 15.477355003356933594 15.524210929870605469 15.537039756774902344 15.425664901733398438 15.121033668518066406 14.732151031494140625 14.375773429870605469 14.181217193603515625 14.139140129089355469 14.161923408508300781 14.129703521728515625 14.154507637023925781 14.487689018249511719 14.887057304382324219 15.169819831848144531 15.329092025756835938
15.969732284545898438 15.956105232238769531 15.944871902465820313 15.924419403076171875 15.895610809326171875 15.858510017395019531 15.814136505126953125 15.771204948425292969 15.728772163391113281 15.700743675231933594 15.689387321472167969 15.681204795837402344 15.687410354614257813 15.671938896179199219 15.634029388427734375 15.61196136474609375 15.546446800231933594 15.449916839599609375 15.361339569091796875 15.291540145874023438 15.275370597839355469 15.319048881530761719 15.381695747375488281 15.436676025390625 15.476181983947753906 15.49036407470703125 15.45763397216796875 15.319759368896484375 15.043666839599609375 14.714074134826660156 14.433810234069824219 14.272487640380859375 14.210909843444824219 14.193865776062011719 14.257964134216308594 14.559404373168945313 14.964365005493164063 15.25395965576171875 15.41551971435546875 15.470459938049316406
15.92752838134765625 15.920702934265136719 15.911783218383789063 15.892048835754394531 15.858908653259277344 15.815312385559082031 15.766320228576660156 15.723477363586425781 15.689198493957519531 15.672656059265136719 15.662410736083984375 15.658518791198730469 15.667627334594726563 15.645974159240722656 15.6287384033203125 15.627496719360351563 15.57530975341796875 15.51259613037109375 15.443980216979980469 15.324697494506835938 15.197719573974609375 15.121445655822753906 15.091116905212402344 15.081464767456054688 15.068362236022949219 15.029466629028320313 14.949103355407714844 14.817086219787597656 14.644536972045898438 14.476831436157226563 14.368895530700683594 14.354124069213867188 14.441617965698242188 14.654302597045898438 14.972468376159667969 15.276880264282226563 15.464481353759765625 15.517777442932128906 15.45682525634765625 15.362393379211425781
15.906436920166015625 15.912734031677246094 15.895900726318359375 15.848349571228027344 15.781170845031738281 15.717992782592773438 15.670572280883789063 15.640503883361816406 15.621196746826171875 15.614880561828613281 15.618295669555664063 15.632367134094238281 15.641069412231445313 15.623018264770507813 15.639037132263183594 15.672239303588867188 15.654129981994628906 15.641648292541503906 15.641466140747070313 15.587393760681152344 15.471433639526367188 15.331202507019042969 15.1983795166015625 15.091257095336914063 15.005506515502929688 14.92574310302734375 14.848142623901367188 14.777924537658691406 14.725831985473632813 14.715506553649902344 14.780176162719726563 14.945405960083007813 15.17974853515625 15.41692352294921875 15.572832107543945313 15.592769622802734375 15.505273818969726563 15.336009979248046875 15.21216583251953125 15.180245399475097656
15.916726112365722656 15.893446922302246094 15.814816474914550781 15.719338417053222656 15.644265174865722656 15.623289108276367188 15.642747879028320313 15.674648284912109375 15.671094894409179688 15.628459930419921875 15.590623855590820313 15.579049110412597656 15.5825347900390625 15.601473808288574219 15.672985076904296875 15.745907783508300781 15.766277313232421875 15.777448654174804688 15.8023529052734375 15.804463386535644531 15.769166946411132813 15.71063232421875 15.638211250305175781 15.5650177001953125 15.503637313842773438 15.453631401062011719 15.416629791259765625 15.394743919372558594 15.386227607727050781 15.396754264831542969 15.436611175537109375 15.493861198425292969 15.527890205383300781 15.520757675170898438 15.467645645141601563 15.363294601440429688 15.244772911071777344 15.194730758666992188 15.204313278198242188 15.22564697265625
15.888560295104980469 15.808661460876464844 15.713658332824707031 15.644801139831542969 15.629507064819335938 15.672207832336425781 15.756161689758300781 15.817485809326171875 15.829648017883300781 15.801601409912109375 15.7070465087890625 15.612727165222167969 15.572161674499511719 15.600285530090332031 15.711592674255371094 15.816434860229492188 15.866754531860351563 15.892806053161621094 15.908116340637207031 15.890361785888671875 15.820328712463378906 15.711836814880371094 15.60120391845703125 15.512460708618164063 15.448781967163085938 15.40389251708984375 15.374227523803710938 15.357613563537597656 15.344667434692382813 15.33020782470703125 15.313030242919921875 15.29051971435546875 15.264513015747070313 15.233102798461914063 15.190525054931640625 15.161825180053710938 15.181731224060058594 15.230960845947265625 15.259190559387207031 15.283840179443359375
15.795896530151367188 15.731825828552246094 15.68216705322265625 15.65537261962890625 15.653521537780761719 15.695631027221679688 15.784796714782714844 15.812672615051269531 15.79816436767578125 15.793653488159179688 15.734630584716796875 15.620697975158691406 15.561147689819335938 15.631014823913574219 15.785229682922363281 15.907299041748046875 15.961625099182128906 15.965638160705566406 15.924043655395507813 15.82297515869140625 15.677669525146484375 15.528539657592773438 15.40404510498046875 15.315302848815917969 15.258078575134277344 15.2203369140625 15.196469306945800781 15.183320999145507813 15.172451019287109375 15.158517837524414063 15.144164085388183594 15.132722854614257813 15.123779296875 15.116743087768554688 15.113680839538574219 15.134296417236328125 15.19805145263671875 15.264844894409179688 15.305516242980957031 15.330992698669433594
15.771898269653320313 15.739088058471679688 15.704648971557617188 15.694117546081542969 15.728557586669921875 15.803241729736328125 15.843291282653808594 15.755544662475585938 15.65554046630859375 15.635643959045410156 15.606759071350097656 15.590153694152832031 15.668000221252441406 15.817135810852050781 15.946741104125976563 16.008258819580078125 15.992108345031738281 15.910127639770507813 15.78247833251953125 15.629714012145996094 15.484729766845703125 15.367148399353027344 15.279715538024902344 15.223802566528320313 15.192343711853027344 15.174375534057617188 15.164353370666503906 15.157774925231933594 15.15142059326171875 15.143580436706542969 15.132841110229492188 15.122730255126953125 15.118309974670410156 15.119065284729003906 15.127150535583496094 15.150029182434082031 15.19989776611328125 15.252036094665527344 15.289095878601074219 15.305414199829101563
15.778847694396972656 15.741751670837402344 15.731600761413574219 15.777835845947265625 15.838483810424804688 15.881578445434570313 15.855457305908203125 15.728643417358398438 15.637558937072753906 15.646514892578125 15.681494712829589844 15.760014533996582031 15.878805160522460938 15.976898193359375 16.0155181884765625 15.985093116760253906 15.884823799133300781 15.753361701965332031 15.613308906555175781 15.488847732543945313 15.3913421630859375 15.318280220031738281 15.268923759460449219 15.236917495727539063 15.215638160705566406 15.201459884643554688 15.19327545166015625 15.19196319580078125 15.192011833190917969 15.18332672119140625 15.164976119995117188 15.147784233093261719 15.141660690307617188 15.143666267395019531 15.145593643188476563 15.150708198547363281 15.169425010681152344 15.192876815795898438 15.218236923217773438 15.235209465026855469
15.776683807373046875 15.7771453857421875 15.819718360900878906 15.881540298461914063 15.908932685852050781 15.916048049926757813 15.886487960815429688 15.789429664611816406 15.732574462890625 15.804261207580566406 15.872365951538085938 15.922088623046875 15.967082977294921875 15.973313331604003906 15.920061111450195313 15.813360214233398438 15.693102836608886719 15.58013916015625 15.477708816528320313 15.399578094482421875 15.34393310546875 15.308072090148925781 15.286118507385253906 15.273816108703613281 15.268059730529785156 15.263425827026367188 15.2559967041015625 15.246532440185546875 15.237339973449707031 15.223591804504394531 15.19976043701171875 15.175652503967285156 15.166115760803222656 15.170928955078125 15.17853546142578125 15.181305885314941406 15.181591033935546875 15.181635856628417969 15.185840606689453125 15.196066856384277344
15.800114631652832031 15.828272819519042969 15.866178512573242188 15.905915260314941406 15.919888496398925781 15.92916107177734375 15.927992820739746094 15.875798225402832031 15.821003913879394531 15.893645286560058594 15.963465690612792969 15.964528083801269531 15.92916107177734375 15.837904930114746094 15.69121551513671875 15.550177574157714844 15.454439163208007813 15.394814491271972656 15.370463371276855469 15.368735313415527344 15.37943267822265625 15.395990371704101563 15.409414291381835938 15.416638374328613281 15.415866851806640625 15.402388572692871094 15.374871253967285156 15.341996192932128906 15.314502716064453125 15.286953926086425781 15.252865791320800781 15.224528312683105469 15.215087890625 15.222607612609863281 15.236925125122070313 15.250256538391113281 15.256384849548339844 15.247017860412597656 15.230790138244628906 15.216698646545410156
15.817712783813476563 15.835325241088867188 15.868178367614746094 15.903063774108886719 15.911032676696777344 15.919930458068847656 15.935062408447265625 15.919111251831054688 15.866585731506347656 15.906292915344238281 15.973740577697753906 15.953711509704589844 15.865065574645996094 15.707101821899414063 15.522950172424316406 15.414142608642578125 15.388554573059082031 15.41063690185546875 15.456038475036621094 15.497837066650390625 15.529665946960449219 15.550887107849121094 15.561696052551269531 15.560969352722167969 15.545081138610839844 15.516098976135253906 15.473961830139160156 15.423114776611328125 15.373784065246582031 15.33026885986328125 15.294891357421875 15.276967048645019531 15.282093048095703125 15.306165695190429688 15.337180137634277344 15.359576225280761719 15.363204002380371094 15.339441299438476563 15.3051910400390625 15.282861709594726563
15.825867652893066406 15.842187881469726563 15.877925872802734375 15.899484634399414063 15.893632888793945313 15.881999015808105469 15.894457817077636719 15.918259620666503906 15.908223152160644531 15.878821372985839844 15.915018081665039063 15.90691375732421875 15.799852371215820313 15.620659828186035156 15.460841178894042969 15.427681922912597656 15.460585594177246094 15.511793136596679688 15.553804397583007813 15.586796760559082031 15.618643760681152344 15.639944076538085938 15.6487579345703125 15.641534805297851563 15.606490135192871094 15.548980712890625 15.486860275268554688 15.430918693542480469 15.384586334228515625 15.347723960876464844 15.327800750732421875 15.3402252197265625 15.39130401611328125 15.458720207214355469 15.504885673522949219 15.514540672302246094 15.492264747619628906 15.440601348876953125 15.374756813049316406 15.333909988403320313
15.836935043334960938 15.87262725830078125 15.896192550659179688 15.892465591430664063 15.87808990478515625 15.862629890441894531 15.867313385009765625 15.900469779968261719 15.910921096801757813 15.871412277221679688 15.838001251220703125 15.803824424743652344 15.710545539855957031 15.58172607421875 15.487818717956542969 15.485032081604003906 15.513830184936523438 15.540063858032226563 15.5652008056640625 15.601712226867675781 15.651315689086914063 15.686260223388671875 15.703080177307128906 15.695673942565917969 15.649119377136230469 15.569574356079101563 15.491301536560058594 15.432939529418945313 15.396286964416503906 15.391297340393066406 15.438249588012695313 15.521428108215332031 15.592649459838867188 15.633076667785644531 15.648032188415527344 15.630403518676757813 15.581036567687988281 15.512603759765625 15.436463356018066406 15.387912750244140625
15.87113189697265625 15.897534370422363281 15.907709121704101563 15.905737876892089844 15.890384674072265625 15.868520736694335938 15.859363555908203125 15.886590957641601563 15.911324501037597656 15.905686378479003906 15.870908737182617188 15.810274124145507813 15.709352493286132813 15.592397689819335938 15.523618698120117188 15.524511337280273438 15.533926010131835938 15.542943000793457031 15.558270454406738281 15.602673530578613281 15.669222831726074219 15.711919784545898438 15.730082511901855469 15.725030899047851563 15.678445816040039063 15.589272499084472656 15.499121665954589844 15.442614555358886719 15.433259010314941406 15.482254981994628906 15.569670677185058594 15.625678062438964844 15.644282341003417969 15.669831275939941406 15.694745063781738281 15.68433380126953125 15.635711669921875 15.569179534912109375 15.503820419311523438 15.458223342895507813
15.921709060668945313 15.94622802734375 15.957350730895996094 15.941736221313476563 15.915781974792480469 15.888301849365234375 15.876074790954589844 15.887667655944824219 15.909238815307617188 15.927741050720214844 15.926874160766601563 15.903170585632324219 15.825772285461425781 15.700795173645019531 15.605429649353027344 15.577142715454101563 15.566109657287597656 15.560183525085449219 15.559901237487792969 15.601545333862304688 15.667475700378417969 15.716737747192382813 15.743989944458007813 15.745284080505371094 15.708789825439453125 15.617648124694824219 15.513764381408691406 15.459578514099121094 15.476102828979492188 15.545155525207519531 15.598928451538085938 15.615100860595703125 15.637919425964355469 15.677308082580566406 15.712695121765136719 15.727271080017089844 15.705915451049804688 15.656563758850097656 15.598381996154785156 15.551351547241210938
15.985319137573242188 16.010713577270507813 16.009500503540039063 15.9847412109375 15.954987525939941406 15.925467491149902344 15.909037590026855469 15.903209686279296875 15.906039237976074219 15.919672966003417969 15.936728477478027344 15.943036079406738281 15.915697097778320313 15.816777229309082031 15.7086639404296875 15.651148796081542969 15.628561973571777344 15.59943389892578125 15.563396453857421875 15.580376625061035156 15.628003120422363281 15.676671981811523438 15.723293304443359375 15.749480247497558594 15.739590644836425781 15.676794052124023438 15.560331344604492188 15.49022674560546875 15.504227638244628906 15.554291725158691406 15.575945854187011719 15.595733642578125 15.632931709289550781 15.669683456420898438 15.7077178955078125 15.743755340576171875 15.75518035888671875 15.741788864135742188 15.717023849487304688 15.687097549438476563
16.020633697509765625 16.035722732543945313 16.033111572265625 16.019056320190429688 15.9969635009765625 15.974351882934570313 15.957053184509277344 15.943302154541015625 15.935091972351074219 15.932375907897949219 15.939202308654785156 15.947519302368164063 15.942379951477050781 15.87622833251953125 15.774517059326171875 15.70904541015625 15.681558609008789063 15.63500213623046875 15.57149505615234375 15.553547859191894531 15.573210716247558594 15.617661476135253906 15.678608894348144531 15.731898307800292969 15.748965263366699219 15.728994369506835938 15.636256217956542969 15.528039932250976563 15.490582466125488281 15.516707420349121094 15.538573265075683594 15.58046722412109375 15.645428657531738281 15.693882942199707031 15.726348876953125 15.761612892150878906 15.784390449523925781 15.780926704406738281 15.765139579772949219 15.750199317932128906
