MapLinkProApp/griddata/temperature/ASCII/cmems_mod_glo_phy-thetao_anfc_0,083deg_P1D-m_1702458667101_55,8.asc
ncols        121
nrows        120
xllcorner    -30.041666666667
yllcorner    40.041666655981
cellsize     0.083333333333
NODATA_value  9.9692099683868690468e+36
[rows 36 to 53 of 120, columns 80 to 119 of 121]
14.909208297729492188 14.950470924377441406 14.94055938720703125 14.887355804443359375 14.809099197387695313 14.692879676818847656 14.528594970703125 14.298016548156738281 13.995244026184082031 13.742331504821777344 13.630825996398925781 13.596116065979003906 13.589396476745605469 13.717207908630371094 14.098827362060546875 14.470164299011230469 14.621731758117675781 14.663287162780761719 14.724285125732421875 14.780278205871582031 14.786960601806640625 14.783039093017578125 14.763403892517089844 14.750567436218261719 14.75511932373046875 14.787449836730957031 14.837243080139160156 14.868920326232910156 14.864957809448242188 14.813099861145019531 14.744353294372558594 14.77448272705078125 14.875029563903808594 14.909898757934570313 14.861967086791992188 14.788667678833007813 14.738337516784667969 14.711679458618164063 14.701734542846679688 14.698437690734863281
15.103845596313476563 15.103417396545410156 15.052853584289550781 14.992651939392089844 14.93953704833984375 14.891775131225585938 14.824231147766113281 14.725942611694335938 14.512150764465332031 14.121779441833496094 13.777921676635742188 13.601325035095214844 13.562814712524414063 13.700564384460449219 14.088939666748046875 14.469631195068359375 14.623773574829101563 14.654112815856933594 14.693117141723632813 14.731060028076171875 14.733917236328125 14.719431877136230469 14.685063362121582031 14.655787467956542969 14.655385017395019531 14.6904144287109375 14.745211601257324219 14.808107376098632813 14.849377632141113281 14.819303512573242188 14.723646163940429688 14.700514793395996094 14.808945655822753906 14.917072296142578125 14.915910720825195313 14.846074104309082031 14.778431892395019531 14.731283187866210938 14.708223342895507813 14.7000732421875
15.096661567687988281 15.005556106567382813 14.923882484436035156 14.884729385375976563 14.8765869140625 14.876200675964355469 14.847991943359375 14.81292724609375 14.738297462463378906 14.462424278259277344 14.036551475524902344 13.712645530700683594 13.576333999633789063 13.659518241882324219 13.999002456665039063 14.407735824584960938 14.610430717468261719 14.643092155456542969 14.666774749755859375 14.686934471130371094 14.677506446838378906 14.644869804382324219 14.59270477294921875 14.5507354736328125 14.550123214721679688 14.590594291687011719 14.649183273315429688 14.7268524169921875 14.808332443237304688 14.8142242431640625 14.721011161804199219 14.637713432312011719 14.70182037353515625 14.872443199157714844 14.952179908752441406 14.922008514404296875 14.865352630615234375 14.803747177124023438 14.749911308288574219 14.719015121459960938
14.950932502746582031 14.890442848205566406 14.907779693603515625 14.94101715087890625 14.962116241455078125 14.966546058654785156 14.941271781921386719 14.888459205627441406 14.847006797790527344 14.72795867919921875 14.391553878784179688 13.980746269226074219 13.676266670227050781 13.598688125610351563 13.817551612854003906 14.216376304626464844 14.535428047180175781 14.644921302795410156 14.664464950561523438 14.66373443603515625 14.636124610900878906 14.566876411437988281 14.467434883117675781 14.384827613830566406 14.355322837829589844 14.390611648559570313 14.482221603393554688 14.612516403198242188 14.750692367553710938 14.81427764892578125 14.737822532653808594 14.615971565246582031 14.61708831787109375 14.783350944519042969 14.937186241149902344 14.956899642944335938 14.930894851684570313 14.896506309509277344 14.842700004577636719 14.789525985717773438
14.879131317138671875 14.921635627746582031 14.965616226196289063 14.993420600891113281 15.020657539367675781 15.044445037841796875 15.052826881408691406 15.026640892028808594 14.962031364440917969 14.844155311584472656 14.611314773559570313 14.260229110717773438 13.913504600524902344 13.683454513549804688 13.676364898681640625 13.9042816162109375 14.242966651916503906 14.495856285095214844 14.615485191345214844 14.658480644226074219 14.640402793884277344 14.536641120910644531 14.365865707397460938 14.187096595764160156 14.063507080078125 14.055769920349121094 14.179714202880859375 14.3997039794921875 14.628539085388183594 14.779331207275390625 14.768360137939453125 14.625542640686035156 14.531958580017089844 14.629179954528808594 14.839568138122558594 14.949109077453613281 14.960489273071289063 14.9598541259765625 14.948901176452636719 14.9162750244140625
14.853234291076660156 14.854188919067382813 14.858500480651855469 14.902673721313476563 14.964239120483398438 15.024667739868164063 15.0719146728515625 15.092087745666503906 15.065234184265136719 14.969305992126464844 14.776020050048828125 14.480795860290527344 14.141071319580078125 13.834559440612792969 13.672037124633789063 13.695984840393066406 13.907403945922851563 14.201856613159179688 14.454559326171875 14.590465545654296875 14.628140449523925781 14.572254180908203125 14.415814399719238281 14.189400672912597656 13.975740432739257813 13.869580268859863281 13.919291496276855469 14.142367362976074219 14.455353736877441406 14.7041168212890625 14.782106399536132813 14.663034439086914063 14.500263214111328125 14.489767074584960938 14.676921844482421875 14.863901138305664063 14.952670097351074219 14.977733612060546875 14.983476638793945313 14.976799964904785156
14.760115623474121094 14.721814155578613281 14.73256683349609375 14.784718513488769531 14.851777076721191406 14.922377586364746094 14.990416526794433594 15.051400184631347656 15.096871376037597656 15.11093902587890625 15.0634613037109375 14.931681632995605469 14.708136558532714844 14.405707359313964844 14.102967262268066406 13.8571929931640625 13.703901290893554688 13.679114341735839844 13.774466514587402344 13.942737579345703125 14.17214202880859375 14.345070838928222656 14.409047126770019531 14.317548751831054688 14.145859718322753906 13.956639289855957031 13.8200836181640625 13.847353935241699219 14.129670143127441406 14.506967544555664063 14.736971855163574219 14.720492362976074219 14.524201393127441406 14.398058891296386719 14.47025299072265625 14.659424781799316406 14.832790374755859375 14.954218864440917969 15.008849143981933594 15.021155357360839844
14.708009719848632813 14.669206619262695313 14.674410820007324219 14.719775199890136719 14.784099578857421875 14.853411674499511719 14.921233177185058594 14.984476089477539063 15.040578842163085938 15.086949348449707031 15.11682891845703125 15.124574661254882813 15.09478759765625 15.003797531127929688 14.848917007446289063 14.645250320434570313 14.437295913696289063 14.224259376525878906 14.041970252990722656 13.89742279052734375 13.809785842895507813 13.784393310546875 13.829732894897460938 13.886794090270996094 13.894249916076660156 13.874218940734863281 13.837526321411132813 13.744876861572265625 13.823212623596191406 14.197473526000976563 14.585748672485351563 14.741323471069335938 14.61611175537109375 14.390216827392578125 14.293878555297851563 14.351014137268066406 14.504406929016113281 14.706459999084472656 14.886134147644042969 15.006077766418457031
14.7309417724609375 14.70658111572265625 14.723322868347167969 14.780774116516113281 14.8519287109375 14.924000740051269531 14.998023033142089844 15.071883201599121094 15.139903068542480469 15.194458961486816406 15.226321220397949219 15.235150337219238281 15.225978851318359375 15.203631401062011719 15.171846389770507813 15.122920989990234375 15.056252479553222656 14.965589523315429688 14.845255851745605469 14.701704025268554688 14.549529075622558594 14.388627052307128906 14.235063552856445313 14.111492156982421875 14.006245613098144531 13.911877632141113281 13.869673728942871094 13.79958343505859375 13.745775222778320313 13.967713356018066406 14.395916938781738281 14.688754081726074219 14.687396049499511719 14.47696685791015625 14.2818756103515625 14.21250152587890625 14.260485649108886719 14.418684959411621094 14.636526107788085938 14.855645179748535156
14.8047332763671875 14.80434417724609375 14.841161727905273438 14.916390419006347656 14.994501113891601563 15.057821273803710938 15.116390228271484375 15.184304237365722656 15.272677421569824219 15.37311553955078125 15.462011337280273438 15.522065162658691406 15.540311813354492188 15.513723373413085938 15.455920219421386719 15.385709762573242188 15.325311660766601563 15.279782295227050781 15.240634918212890625 15.195646286010742188 15.136450767517089844 15.059055328369140625 14.941003799438476563 14.796135902404785156 14.639364242553710938 14.444478988647460938 14.277280807495117188 14.139788627624511719 13.914801597595214844 13.889105796813964844 14.188836097717285156 14.551529884338378906 14.701214790344238281 14.605544090270996094 14.396602630615234375 14.223344802856445313 14.152008056640625 14.204669952392578125 14.368334770202636719 14.594201087951660156
14.910516738891601563 14.972848892211914063 15.046423912048339844 15.132228851318359375 15.189892768859863281 15.214071273803710938 15.224689483642578125 15.241491317749023438 15.2910919189453125 15.379063606262207031 15.48184967041015625 15.5787811279296875 15.654834747314453125 15.6888275146484375 15.6735382080078125 15.624202728271484375 15.55810546875 15.48976898193359375 15.430502891540527344 15.387348175048828125 15.35302734375 15.319483757019042969 15.260611534118652344 15.168259620666503906 15.038730621337890625 14.831172943115234375 14.61740875244140625 14.444303512573242188 14.151102066040039063 13.946001052856445313 14.08864593505859375 14.411924362182617188 14.646909713745117188 14.665974617004394531 14.518788337707519531 14.31204986572265625 14.156591415405273438 14.133028030395507813 14.217074394226074219 14.362389564514160156
15.380084991455078125 15.4420166015625 15.46221160888671875 15.451592445373535156 15.414297103881835938 15.367671966552734375 15.331652641296386719 15.317065238952636719 15.339351654052734375 15.409089088439941406 15.505673408508300781 15.594685554504394531 15.654806137084960938 15.688496589660644531 15.707017898559570313 15.708687782287597656 15.69048309326171875 15.661120414733886719 15.622056961059570313 15.578652381896972656 15.547099113464355469 15.510576248168945313 15.474944114685058594 15.453489303588867188 15.361191749572753906 15.123143196105957031 14.859989166259765625 14.655938148498535156 14.343954086303710938 14.0425567626953125 14.052867889404296875 14.299364089965820313 14.552733421325683594 14.655145645141601563 14.570894241333007813 14.365886688232421875 14.172084808349609375 14.124339103698730469 14.201436042785644531 14.302792549133300781
15.627230644226074219 15.62090301513671875 15.561337471008300781 15.475851058959960938 15.388951301574707031 15.3266754150390625 15.306917190551757813 15.327524185180664063 15.37591552734375 15.446902275085449219 15.529484748840332031 15.606085777282714844 15.662999153137207031 15.693416595458984375 15.707624435424804688 15.711409568786621094 15.697770118713378906 15.676831245422363281 15.656067848205566406 15.629506111145019531 15.608212471008300781 15.596368789672851563 15.582757949829101563 15.615472793579101563 15.604489326477050781 15.395122528076171875 15.086015701293945313 14.825679779052734375 14.500742912292480469 14.148504257202148438 14.043972015380859375 14.190860748291015625 14.417165756225585938 14.587850570678710938 14.573088645935058594 14.385560035705566406 14.1693878173828125 14.090073585510253906 14.191283226013183594 14.349930763244628906
15.682749748229980469 15.613039016723632813 15.515681266784667969 15.43532562255859375 15.391085624694824219 15.3842010498046875 15.41009521484375 15.455191612243652344 15.505366325378417969 15.554957389831542969 15.605130195617675781 15.64760589599609375 15.673464775085449219 15.69120025634765625 15.709015846252441406 15.7155914306640625 15.699284553527832031 15.663989067077636719 15.620080947875976563 15.57791900634765625 15.552459716796875 15.558089256286621094 15.577333450317382813 15.626680374145507813 15.651124954223632813 15.525267601013183594 15.225315093994140625 14.925707817077636719 14.573686599731445313 14.203606605529785156 14.036955833435058594 14.113605499267578125 14.314898490905761719 14.512022972106933594 14.554478645324707031 14.409082412719726563 14.184801101684570313 14.062016487121582031 14.164281845092773438 14.398915290832519531
15.518657684326171875 15.462651252746582031 15.424661636352539063 15.420423507690429688 15.447630882263183594 15.4874114990234375 15.52947998046875 15.565492630004882813 15.594556808471679688 15.613408088684082031 15.628846168518066406 15.64764404296875 15.665286064147949219 15.685689926147460938 15.711873054504394531 15.721759796142578125 15.691946029663085938 15.630558013916015625 15.56336212158203125 15.510020256042480469 15.482435226440429688 15.487293243408203125 15.520024299621582031 15.573649406433105469 15.641752243041992188 15.586316108703613281 15.325778961181640625 14.981876373291015625 14.618906021118164063 14.250437736511230469 14.048296928405761719 14.064096450805664063 14.227153778076171875 14.429476737976074219 14.511911392211914063 14.399175643920898438 14.167932510375976563 14.034429550170898438 14.174966812133789063 14.462594032287597656
15.43781280517578125 15.449038505554199219 15.475267410278320313 15.514552116394042969 15.555759429931640625 15.591330528259277344 15.617677688598632813 15.629473686218261719 15.640435218811035156 15.648152351379394531 15.657643318176269531 15.675057411193847656 15.697687149047851563 15.719664573669433594 15.736006736755371094 15.718921661376953125 15.659542083740234375 15.58905792236328125 15.529509544372558594 15.484271049499511719 15.456094741821289063 15.44686126708984375 15.460298538208007813 15.501364707946777344 15.572251319885253906 15.597929000854492188 15.388852119445800781 15.015575408935546875 14.621326446533203125 14.267971038818359375 14.041242599487304688 14.014429092407226563 14.160398483276367188 14.352159500122070313 14.429669380187988281 14.324214935302734375 14.094473838806152344 14.027358055114746094 14.274928092956542969 14.615355491638183594
15.551701545715332031 15.581189155578613281 15.613719940185546875 15.644514083862304688 15.673192024230957031 15.697817802429199219 15.71923828125 15.735506057739257813 15.744791984558105469 15.750753402709960938 15.750719070434570313 15.7473297119140625 15.73918914794921875 15.740818977355957031 15.736817359924316406 15.690726280212402344 15.626188278198242188 15.569459915161132813 15.51168060302734375 15.465535163879394531 15.444644927978515625 15.434655189514160156 15.429959297180175781 15.448223114013671875 15.50582122802734375 15.565202713012695313 15.471979141235351563 15.125985145568847656 14.706724166870117188 14.332375526428222656 14.085522651672363281 14.004818916320800781 14.106821060180664063 14.269962310791015625 14.332265853881835938 14.222925186157226563 14.037715911865234375 14.098909378051757813 14.452852249145507813 14.799997329711914063
15.726808547973632813 15.744507789611816406 15.769999504089355469 15.799505233764648438 15.831285476684570313 15.858511924743652344 15.868802070617675781 15.860914230346679688 15.840203285217285156 15.805663108825683594 15.771091461181640625 15.748970985412597656 15.739583015441894531 15.744713783264160156 15.711618423461914063 15.652829170227050781 15.602213859558105469 15.52862548828125 15.441913604736328125 15.397130966186523438 15.396420478820800781 15.407319068908691406 15.410039901733398438 15.4175262451171875 15.459659576416015625 15.525487899780273438 15.522185325622558594 15.315937042236328125 14.919733047485351563 14.512073516845703125 14.198441505432128906 14.074311256408691406 14.103512763977050781 14.18450164794921875 14.213984489440917969 14.094989776611328125 14.072112083435058594 14.356183052062988281 14.757264137268066406 15.049178123474121094
