MapLinkProApp/griddata/temperature/ASCII/cmems_mod_glo_phy-thetao_anfc_0,083deg_P1D-m_1702458667101_25,2.asc
ncols        121
nrows        120
xllcorner    -30.041666666667
yllcorner    40.041666655981
cellsize     0.083333333333
NODATA_value  9.9692099683868690468e+36
[rows 54 to 71 of 120, columns 40 to 79 of 121]
14.708531379699707031 14.808259963989257813 14.849527359008789063 14.754648208618164063 14.516055107116699219 14.384296417236328125 14.572476387023925781 14.927000999450683594 15.224939346313476563 15.378491401672363281 15.349813461303710938 15.256548881530761719 15.262929916381835938 15.271645545959472656 15.20611572265625 15.165978431701660156 15.067289352416992188 14.940340042114257813 14.868991851806640625 14.900957107543945313 15.046626091003417969 15.249070167541503906 15.392855644226074219 15.48386383056640625 15.640883445739746094 15.857752799987792969 15.9952850341796875 16.034055709838867188 16.020189285278320313 15.993523597717285156 15.99614715576171875 16.033563613891601563 16.078500747680664063 16.1009979248046875 16.0879669189453125 16.046604156494140625 15.996294021606445313 15.94803619384765625 15.914010047912597656 15.893568038940429688
14.782076835632324219 14.835465431213378906 14.898671150207519531 14.82489776611328125 14.577402114868164063 14.39923858642578125 14.507674217224121094 14.810077667236328125 15.097560882568359375 15.215312957763671875 15.147364616394042969 15.115480422973632813 15.234206199645996094 15.322155952453613281 15.343327522277832031 15.358229637145996094 15.247387886047363281 15.050971031188964844 14.883564949035644531 14.818294525146484375 14.893405914306640625 15.085490226745605469 15.268385887145996094 15.422368049621582031 15.646548271179199219 15.917661666870117188 16.064090728759765625 16.10517120361328125 16.1010589599609375 16.080354690551757813 16.080997467041015625 16.103460311889648438 16.131200790405273438 16.139892578125 16.127269744873046875 16.09827423095703125 16.064563751220703125 16.032510757446289063 16.007566452026367188 15.986905097961425781
14.848458290100097656 14.855906486511230469 14.953558921813964844 14.922743797302246094 14.664928436279296875 14.427515983581542969 14.442169189453125 14.671700477600097656 14.932098388671875 15.04003143310546875 14.996538162231445313 15.028284072875976563 15.200403213500976563 15.344958305358886719 15.431202888488769531 15.4665069580078125 15.353963851928710938 15.138672828674316406 14.939218521118164063 14.812205314636230469 14.812335014343261719 14.967051506042480469 15.186100959777832031 15.386091232299804688 15.63904571533203125 15.948522567749023438 16.122385025024414063 16.144449234008789063 16.132120132446289063 16.111127853393554688 16.095653533935546875 16.095523834228515625 16.099636077880859375 16.091564178466796875 16.067935943603515625 16.035650253295898438 16.005041122436523438 15.978800773620605469 15.952775001525878906 15.936418533325195313
14.920938491821289063 14.89324188232421875 14.9922943115234375 15.065454483032226563 14.856974601745605469 14.542561531066894531 14.414691925048828125 14.526553153991699219 14.734617233276367188 14.841036796569824219 14.826169967651367188 14.886414527893066406 15.075575828552246094 15.269635200500488281 15.423733711242675781 15.469484329223632813 15.326102256774902344 15.100180625915527344 14.9266510009765625 14.82038116455078125 14.785637855529785156 14.87738800048828125 15.069287300109863281 15.296640396118164063 15.593461990356445313 15.938431739807128906 16.146905899047851563 16.173625946044921875 16.14707183837890625 16.1121368408203125 16.081249237060546875 16.064218521118164063 16.048023223876953125 16.0268402099609375 15.990207672119140625 15.9501800537109375 15.917070388793945313 15.893460273742675781 15.880011558532714844 15.892383575439453125
14.909290313720703125 14.920230865478515625 15.01589202880859375 15.146724700927734375 15.067763328552246094 14.738710403442382813 14.472513198852539063 14.436814308166503906 14.568785667419433594 14.680699348449707031 14.687015533447265625 14.733800888061523438 14.905570030212402344 15.1443023681640625 15.3659820556640625 15.39211273193359375 15.167004585266113281 14.92015838623046875 14.817523002624511719 14.795031547546386719 14.774845123291015625 14.820558547973632813 14.993542671203613281 15.248964309692382813 15.575352668762207031 15.938323020935058594 16.172021865844726563 16.196140289306640625 16.148326873779296875 16.084659576416015625 16.030452728271484375 16.004673004150390625 15.986126899719238281 15.963599205017089844 15.921617507934570313 15.885877609252929688 15.863407135009765625 15.8590087890625 15.876901626586914063 15.904974937438964844
14.994608879089355469 15.060422897338867188 15.119933128356933594 15.180547714233398438 15.1998291015625 15.024758338928222656 14.714213371276855469 14.50392913818359375 14.485928535461425781 14.545025825500488281 14.559695243835449219 14.587975502014160156 14.742975234985351563 15.033766746520996094 15.288500785827636719 15.247538566589355469 14.959763526916503906 14.742547988891601563 14.716259002685546875 14.767172813415527344 14.779719352722167969 14.805257797241210938 14.959686279296875 15.236357688903808594 15.582730293273925781 15.942342758178710938 16.1812744140625 16.211116790771484375 16.150363922119140625 16.06452178955078125 15.996011734008789063 15.948260307312011719 15.923449516296386719 15.901568412780761719 15.878268241882324219 15.857190132141113281 15.852389335632324219 15.869709968566894531 15.896497726440429688 15.914208412170410156
15.15575408935546875 15.23294830322265625 15.254605293273925781 15.212176322937011719 15.176351547241210938 15.1525115966796875 15.025054931640625 14.786490440368652344 14.602209091186523438 14.534874916076660156 14.5040130615234375 14.499558448791503906 14.644457817077636719 14.953219413757324219 15.1374359130859375 14.986372947692871094 14.723471641540527344 14.616132736206054688 14.678377151489257813 14.786448478698730469 14.814367294311523438 14.820847511291503906 14.97705841064453125 15.280823707580566406 15.626324653625488281 15.973592758178710938 16.206409454345703125 16.228746414184570313 16.151304244995117188 16.057229995727539063 15.98598480224609375 15.927576065063476563 15.889058113098144531 15.874414443969726563 15.858943939208984375 15.865431785583496094 15.875584602355957031 15.889421463012695313 15.891767501831054688 15.862189292907714844
15.334238052368164063 15.373765945434570313 15.401122093200683594 15.349663734436035156 15.220749855041503906 15.114049911499023438 15.040491104125976563 14.915240287780761719 14.762066841125488281 14.636698722839355469 14.542750358581542969 14.497830390930175781 14.592638969421386719 14.802776336669921875 14.876178741455078125 14.727753639221191406 14.593751907348632813 14.612066268920898438 14.734450340270996094 14.855105400085449219 14.867010116577148438 14.862059593200683594 15.030487060546875 15.340312957763671875 15.671232223510742188 16.004602432250976563 16.2262115478515625 16.23972320556640625 16.145639419555664063 16.048482894897460938 15.986523628234863281 15.935072898864746094 15.893395423889160156 15.88071441650390625 15.871793746948242188 15.878972053527832031 15.883794784545898438 15.877901077270507813 15.854786872863769531 15.812944412231445313
15.404184341430664063 15.402116775512695313 15.405697822570800781 15.421010017395019531 15.400857925415039063 15.278812408447265625 15.080353736877441406 14.898543357849121094 14.780813217163085938 14.702256202697753906 14.611553192138671875 14.535647392272949219 14.564340591430664063 14.649152755737304688 14.637998580932617188 14.560635566711425781 14.573446273803710938 14.701618194580078125 14.864523887634277344 14.949904441833496094 14.925367355346679688 14.9217376708984375 15.100663185119628906 15.403076171875 15.710087776184082031 16.0339813232421875 16.246768951416015625 16.251796722412109375 16.148647308349609375 16.046308517456054688 15.988825798034667969 15.943775177001953125 15.909132957458496094 15.895592689514160156 15.882039070129394531 15.880855560302734375 15.87848663330078125 15.865998268127441406 15.846018791198730469 15.813719749450683594
15.460374832153320313 15.453680992126464844 15.415495872497558594 15.381174087524414063 15.407175064086914063 15.441213607788085938 15.344570159912109375 15.103304862976074219 14.8444061279296875 14.670440673828125 14.56569671630859375 14.509478569030761719 14.506960868835449219 14.510766029357910156 14.500586509704589844 14.561708450317382813 14.744311332702636719 14.945694923400878906 15.044089317321777344 15.038140296936035156 14.981114387512207031 14.997874259948730469 15.184633255004882813 15.46160888671875 15.750871658325195313 16.068651199340820313 16.273279190063476563 16.273921966552734375 16.166681289672851563 16.062307357788085938 16.004209518432617188 15.963955879211425781 15.931229591369628906 15.911089897155761719 15.889365196228027344 15.877484321594238281 15.870868682861328125 15.857333183288574219 15.836787223815917969 15.805936813354492188
15.518260955810546875 15.506504058837890625 15.449721336364746094 15.392553329467773438 15.394289970397949219 15.45217132568359375 15.458800315856933594 15.321092605590820313 15.067786216735839844 14.810227394104003906 14.620679855346679688 14.525115966796875 14.501240730285644531 14.515692710876464844 14.614030838012695313 14.827650070190429688 15.051847457885742188 15.155156135559082031 15.128362655639648438 15.059841156005859375 15.017841339111328125 15.071473121643066406 15.260291099548339844 15.514166831970214844 15.790346145629882813 16.100248336791992188 16.294759750366210938 16.288684844970703125 16.186191558837890625 16.08660125732421875 16.024084091186523438 15.987409591674804688 15.952965736389160156 15.927952766418457031 15.902189254760742188 15.881306648254394531 15.867478370666503906 15.852215766906738281 15.827192306518554688 15.805619239807128906
15.555074691772460938 15.529026985168457031 15.471132278442382813 15.446163177490234375 15.476159095764160156 15.527406692504882813 15.544617652893066406 15.483430862426757813 15.345682144165039063 15.169628143310546875 15.012095451354980469 14.920918464660644531 14.90555572509765625 14.97261810302734375 15.099142074584960938 15.202830314636230469 15.232149124145507813 15.192215919494628906 15.120676040649414063 15.084219932556152344 15.105913162231445313 15.20072174072265625 15.371379852294921875 15.585435867309570313 15.838102340698242188 16.131900787353515625 16.31150054931640625 16.296550750732421875 16.19814300537109375 16.10462188720703125 16.040103912353515625 16.002202987670898438 15.970897674560546875 15.942515373229980469 15.918881416320800781 15.890437126159667969 15.869698524475097656 15.851995468139648438 15.828280448913574219 15.814115524291992188
15.54339599609375 15.504588127136230469 15.470602989196777344 15.476154327392578125 15.511324882507324219 15.539854049682617188 15.54119873046875 15.513002395629882813 15.463151931762695313 15.40431976318359375 15.3512725830078125 15.313639640808105469 15.294186592102050781 15.284954071044921875 15.254900932312011719 15.207521438598632813 15.191774368286132813 15.202208518981933594 15.213891983032226563 15.251987457275390625 15.318026542663574219 15.409255027770996094 15.526647567749023438 15.671862602233886719 15.883859634399414063 16.151952743530273438 16.323347091674804688 16.304906845092773438 16.20333099365234375 16.114805221557617188 16.053770065307617188 16.014314651489257813 15.985980987548828125 15.958588600158691406 15.9379119873046875 15.915509223937988281 15.890498161315917969 15.866942405700683594 15.843919754028320313 15.828550338745117188
15.587434768676757813 15.511770248413085938 15.463543891906738281 15.452851295471191406 15.452885627746582031 15.43517303466796875 15.395135879516601563 15.346182823181152344 15.302015304565429688 15.269246101379394531 15.248897552490234375 15.231101036071777344 15.206820487976074219 15.190374374389648438 15.183060646057128906 15.190214157104492188 15.251910209655761719 15.343880653381347656 15.403565406799316406 15.453392982482910156 15.51705169677734375 15.583475112915039063 15.647226333618164063 15.727772712707519531 15.897652626037597656 16.14025115966796875 16.325799942016601563 16.322454452514648438 16.215932846069335938 16.11722564697265625 16.05755615234375 16.02557373046875 15.994809150695800781 15.9671173095703125 15.942563056945800781 15.924527168273925781 15.905013084411621094 15.879027366638183594 15.850199699401855469 15.829028129577636719
15.781977653503417969 15.715588569641113281 15.6141815185546875 15.520142555236816406 15.448122978210449219 15.389481544494628906 15.331912994384765625 15.270620346069335938 15.213165283203125 15.162945747375488281 15.129177093505859375 15.117567062377929688 15.116611480712890625 15.142499923706054688 15.204792022705078125 15.298791885375976563 15.434119224548339844 15.56497955322265625 15.630063056945800781 15.658581733703613281 15.693375587463378906 15.725113868713378906 15.736100196838378906 15.773390769958496094 15.887936592102050781 16.090732574462890625 16.303920745849609375 16.34311676025390625 16.241418838500976563 16.116746902465820313 16.040727615356445313 16.016202926635742188 15.997323036193847656 15.969721794128417969 15.938803672790527344 15.912568092346191406 15.889060020446777344 15.860164642333984375 15.838168144226074219 15.844636917114257813
15.773901939392089844 15.804638862609863281 15.81859588623046875 15.810332298278808594 15.771825790405273438 15.709820747375488281 15.638971328735351563 15.5602264404296875 15.490839004516601563 15.433160781860351563 15.382283210754394531 15.351538658142089844 15.351601600646972656 15.395572662353515625 15.478257179260253906 15.586048126220703125 15.720950126647949219 15.842951774597167969 15.890599250793457031 15.879380226135253906 15.870967864990234375 15.872293472290039063 15.845458030700683594 15.828215599060058594 15.875321388244628906 16.012067794799804688 16.229736328125 16.348758697509765625 16.279760360717773438 16.131887435913085938 16.024553298950195313 15.998277664184570313 15.988142967224121094 15.965166091918945313 15.925749778747558594 15.884438514709472656 15.858149528503417969 15.850887298583984375 15.870115280151367188 15.905827522277832031
16.036346435546875 16.000675201416015625 15.997086524963378906 16.01250457763671875 16.027462005615234375 16.027101516723632813 16.00864410400390625 15.966078758239746094 15.91097259521484375 15.8533477783203125 15.79051971435546875 15.73780059814453125 15.706786155700683594 15.707650184631347656 15.746185302734375 15.821910858154296875 15.935492515563964844 16.054746627807617188 16.1121826171875 16.086557388305664063 16.040004730224609375 16.01033782958984375 15.959679603576660156 15.913525581359863281 15.923344612121582031 15.985523223876953125 16.155757904052734375 16.328615188598632813 16.301860809326171875 16.144662857055664063 16.018035888671875 15.985421180725097656 15.977326393127441406 15.953844070434570313 15.9125213623046875 15.872362136840820313 15.865154266357421875 15.891331672668457031 15.934839248657226563 15.966330528259277344
16.822551727294921875 16.784881591796875 16.758312225341796875 16.740942001342773438 16.722326278686523438 16.696451187133789063 16.655092239379882813 16.59923553466796875 16.530803680419921875 16.447986602783203125 16.35306549072265625 16.252017974853515625 16.1715240478515625 16.130390167236328125 16.148515701293945313 16.2190093994140625 16.307285308837890625 16.403095245361328125 16.466197967529296875 16.437046051025390625 16.354887008666992188 16.27909088134765625 16.19774627685546875 16.130620956420898438 16.106418609619140625 16.090776443481445313 16.156457901000976563 16.306430816650390625 16.315052032470703125 16.15195465087890625 16.009435653686523438 15.973114013671875 15.965056419372558594 15.939915657043457031 15.909556388854980469 15.894131660461425781 15.916721343994140625 15.949759483337402344 15.976309776306152344 15.999669075012207031
