MapLinkProApp/griddata/temperature/ASCII/cmems_mod_glo_phy-thetao_anfc_0,083deg_P1D-m_1702458667101_2225,1.asc
ncols        121
nrows        120
xllcorner    -30.041666666667
yllcorner    40.041666655981
cellsize     0.083333333333
NODATA_value  9.9692099683868690468e+36
[rows 54 to 71 of 120, columns 40 to 79 of 121]
3.2195744514465332031 3.1993188858032226563 3.2028102874755859375 3.1731429100036621094 3.1135051250457763672 3.0481576919555664063 2.9997043609619140625 2.9762830734252929688 2.9544172286987304688 2.93923187255859375 2.9420995712280273438 2.9491374492645263672 2.9744572639465332031 3.0317819118499755859 3.0772798061370849609 3.0827050209045410156 3.08428955078125 3.102939605712890625 3.1337106227874755859 3.1374187469482421875 3.1519711017608642578 3.213359832763671875 3.2540888786315917969 3.2592692375183105469 3.2475485801696777344 3.2832932472229003906 3.3202352523803710938 3.2778570652008056641 3.2513692378997802734 3.2391119003295898438 3.2468068599700927734 3.264606475830078125 3.2736837863922119141 3.2637393474578857422 3.2525966167449951172 3.2348678112030029297 3.2270984649658203125 3.2252790927886962891 3.2357609272003173828 3.2463824748992919922
3.2728648185729980469 3.2710289955139160156 3.2573604583740234375 3.1997394561767578125 3.1208415031433105469 3.0432970523834228516 2.988376617431640625 2.9628403186798095703 2.9602837562561035156 2.9738447666168212891 2.9769599437713623047 2.9681594371795654297 3.0000650882720947266 3.0639975070953369141 3.0973644256591796875 3.1069126129150390625 3.1087813377380371094 3.1064722537994384766 3.0939495563507080078 3.1048586368560791016 3.1357147693634033203 3.2087857723236083984 3.2319273948669433594 3.2265295982360839844 3.1929736137390136719 3.2295763492584228516 3.2862401008605957031 3.2772128582000732422 3.257293701171875 3.2385437488555908203 3.2190690040588378906 3.246524810791015625 3.2900838851928710938 3.2769134044647216797 3.2792563438415527344 3.2378342151641845703 3.2334902286529541016 3.2397592067718505859 3.2572004795074462891 3.2609457969665527344
3.3080954551696777344 3.2952291965484619141 3.25982666015625 3.1944680213928222656 3.1235692501068115234 3.073467254638671875 3.0436251163482666016 3.0186772346496582031 3.0180213451385498047 3.0190763473510742188 2.9977519512176513672 2.9736189842224121094 2.98389434814453125 3.0311772823333740234 3.0764508247375488281 3.1038486957550048828 3.0898659229278564453 3.05584716796875 3.054779052734375 3.0897057056427001953 3.1342251300811767578 3.1788158416748046875 3.2147395610809326172 3.2125489711761474609 3.1988768577575683594 3.2157189846038818359 3.2465500831604003906 3.2879729270935058594 3.2768015861511230469 3.2572319507598876953 3.2501044273376464844 3.2556085586547851563 3.2822184562683105469 3.2987642288208007813 3.3052432537078857422 3.2740142345428466797 3.2749917507171630859 3.2702341079711914063 3.2449672222137451172 3.2435770034790039063
3.2984368801116943359 3.2632944583892822266 3.2137846946716308594 3.1453094482421875 3.0764799118041992188 3.0390362739562988281 3.0210881233215332031 3.0103595256805419922 3.0147750377655029297 3.0113720893859863281 2.9978830814361572266 2.9907858371734619141 2.9947614669799804688 3.0154988765716552734 3.0482079982757568359 3.0774109363555908203 3.0710406303405761719 3.0391511917114257813 3.0561392307281494141 3.0973522663116455078 3.1165916919708251953 3.1440927982330322266 3.1893668174743652344 3.2046515941619873047 3.2534644603729248047 3.2581925392150878906 3.2670462131500244141 3.2933192253112792969 3.2856676578521728516 3.2808361053466796875 3.2662079334259033203 3.2876017093658447266 3.2662787437438964844 3.2721972465515136719 3.3302953243255615234 3.3224446773529052734 3.27513885498046875 3.2236177921295166016 3.1817841529846191406 3.2210674285888671875
3.2143905162811279297 3.1639039516448974609 3.0908102989196777344 3.0260226726531982422 2.9750218391418457031 2.9608483314514160156 2.9552352428436279297 2.9577758312225341797 2.9810552597045898438 3.0198259353637695313 3.0484242439270019531 3.0603787899017333984 3.0699603557586669922 3.0800168514251708984 3.0887820720672607422 3.1005756855010986328 3.0988092422485351563 3.0772247314453125 3.1017577648162841797 3.1238007545471191406 3.1316273212432861328 3.1542985439300537109 3.2019164562225341797 3.2266607284545898438 3.2608065605163574219 3.2518112659454345703 3.2899692058563232422 3.31484222412109375 3.3221290111541748047 3.3085315227508544922 3.3057320117950439453 3.3250930309295654297 3.2988343238830566406 3.3057343959808349609 3.3384826183319091797 3.3140115737915039063 3.2455768585205078125 3.1595494747161865234 3.1417326927185058594 3.1882116794586181641
3.0968124866485595703 3.0401079654693603516 2.975933074951171875 2.9225356578826904297 2.8911199569702148438 2.8895711898803710938 2.9014642238616943359 2.9282507896423339844 2.9830930233001708984 3.0467913150787353516 3.0837748050689697266 3.09735107421875 3.1054947376251220703 3.1117749214172363281 3.1123108863830566406 3.1085660457611083984 3.10178375244140625 3.0957653522491455078 3.1252355575561523438 3.1457872390747070313 3.1654400825500488281 3.1785447597503662109 3.1924927234649658203 3.2068831920623779297 3.2247807979583740234 3.2428395748138427734 3.2786345481872558594 3.2928354740142822266 3.3230347633361816406 3.3593387603759765625 3.3491144180297851563 3.3524231910705566406 3.3124155998229980469 3.3117647171020507813 3.3233854770660400391 3.2977049350738525391 3.2511734962463378906 3.1671500205993652344 3.1270859241485595703 3.1484503746032714844
2.9944505691528320313 2.9476413726806640625 2.9205863475799560547 2.8962547779083251953 2.8770797252655029297 2.877277374267578125 2.9003005027770996094 2.9403798580169677734 3.0014994144439697266 3.0739824771881103516 3.1131510734558105469 3.1159615516662597656 3.1120769977569580078 3.1016514301300048828 3.0727713108062744141 3.0423679351806640625 3.0500326156616210938 3.0891942977905273438 3.1241481304168701172 3.1654686927795410156 3.2109677791595458984 3.2061238288879394531 3.1774060726165771484 3.1892631053924560547 3.21659088134765625 3.2439370155334472656 3.2830340862274169922 3.3121004104614257813 3.3418776988983154297 3.3699023723602294922 3.3945920467376708984 3.3961846828460693359 3.3669941425323486328 3.3341441154479980469 3.3319284915924072266 3.2939715385437011719 3.2521042823791503906 3.1926376819610595703 3.1771104335784912109 3.1972794532775878906
2.9595713615417480469 2.9198584556579589844 2.9108216762542724609 2.9045777320861816406 2.9019420146942138672 2.9251666069030761719 2.9603402614593505859 2.9965329170227050781 3.0499591827392578125 3.1235203742980957031 3.16222381591796875 3.1438267230987548828 3.1083590984344482422 3.0664641857147216797 3.0171315670013427734 2.9954943656921386719 3.0296461582183837891 3.0915226936340332031 3.1202721595764160156 3.1451969146728515625 3.1937203407287597656 3.1979281902313232422 3.1884458065032958984 3.2023479938507080078 3.2233715057373046875 3.2386963367462158203 3.2571732997894287109 3.309238433837890625 3.3575778007507324219 3.3914668560028076172 3.4179012775421142578 3.424221038818359375 3.4083180427551269531 3.3730657100677490234 3.3426403999328613281 3.3205382823944091797 3.2854528427124023438 3.2617528438568115234 3.2619299888610839844 3.2985582351684570313
3.0126576423645019531 2.9860424995422363281 2.9680571556091308594 2.96411895751953125 2.9843256473541259766 3.0261898040771484375 3.0605335235595703125 3.0918946266174316406 3.1304738521575927734 3.1815133094787597656 3.2081787586212158203 3.1937108039855957031 3.1518013477325439453 3.0874929428100585938 3.0373940467834472656 3.0413994789123535156 3.0861773490905761719 3.1394548416137695313 3.1664869785308837891 3.1582283973693847656 3.1542513370513916016 3.1690583229064941406 3.18640899658203125 3.2027082443237304688 3.2263841629028320313 3.2263388633728027344 3.2223913669586181641 3.2857615947723388672 3.3490455150604248047 3.4111390113830566406 3.4392139911651611328 3.4684846401214599609 3.4561357498168945313 3.4433171749114990234 3.4341549873352050781 3.3913898468017578125 3.3580651283264160156 3.3261210918426513672 3.3210282325744628906 3.3356928825378417969
3.1286897659301757813 3.1147408485412597656 3.1004571914672851563 3.1179780960083007813 3.1285662651062011719 3.1516938209533691406 3.1733212471008300781 3.1900992393493652344 3.1993703842163085938 3.2327661514282226563 3.2654173374176025391 3.2476377487182617188 3.1770458221435546875 3.0960307121276855469 3.0873067378997802734 9.9692099683868690468e+36 3.1351079940795898438 3.1296906471252441406 3.145885467529296875 3.1863636970520019531 3.1749181747436523438 3.1633386611938476563 3.1589055061340332031 3.1721520423889160156 3.1996273994445800781 3.2230989933013916016 3.2284152507781982422 3.2814772129058837891 9.9692099683868690468e+36 3.4097926616668701172 3.4343123435974121094 3.4327614307403564453 3.4478750228881835938 3.4614603519439697266 3.4762227535247802734 3.4555623531341552734 3.4472825527191162109 3.4480087757110595703 3.4285511970520019531 3.4245047569274902344
3.2226984500885009766 3.1765491962432861328 3.1731889247894287109 3.1906180381774902344 3.2028381824493408203 3.2140862941741943359 3.2276587486267089844 3.2358314990997314453 3.2414386272430419922 3.2657413482666015625 3.3049004077911376953 3.3229680061340332031 3.2648694515228271484 3.1758921146392822266 3.1474249362945556641 9.9692099683868690468e+36 9.9692099683868690468e+36 3.1403853893280029297 3.156513214111328125 3.1916413307189941406 3.1820578575134277344 3.1912055015563964844 3.1667189598083496094 3.1769607067108154297 3.2108135223388671875 3.2235202789306640625 3.2289211750030517578 3.2707474231719970703 9.9692099683868690468e+36 3.377048492431640625 3.3826804161071777344 3.3601655960083007813 3.3626117706298828125 3.3694319725036621094 3.3854417800903320313 3.4039487838745117188 3.4401724338531494141 3.4705359935760498047 3.4769475460052490234 3.4713764190673828125
3.2615849971771240234 3.2267556190490722656 3.2133753299713134766 3.2118742465972900391 3.2094435691833496094 3.1996591091156005859 3.1984980106353759766 3.2250497341156005859 3.2672245502471923828 3.3050744533538818359 3.3244030475616455078 3.3372874259948730469 3.3133916854858398438 3.2485671043395996094 3.2199726104736328125 3.2221312522888183594 9.9692099683868690468e+36 9.9692099683868690468e+36 9.9692099683868690468e+36 3.2600133419036865234 9.9692099683868690468e+36 3.1397631168365478516 3.1363363265991210938 3.1675622463226318359 3.1931645870208740234 3.2203011512756347656 3.2552623748779296875 3.2616388797760009766 3.3043279647827148438 3.3355491161346435547 3.3264529705047607422 3.3532686233520507813 3.3448135852813720703 3.3736293315887451172 3.39073944091796875 3.4272756576538085938 3.4682323932647705078 3.5031440258026123047 3.5397136211395263672 3.5192775726318359375
3.3038167953491210938 3.2543857097625732422 3.2466030120849609375 3.2310125827789306641 3.2052555084228515625 3.1963558197021484375 3.2061402797698974609 3.2459592819213867188 3.3041958808898925781 3.3443398475646972656 3.3532259464263916016 3.3461339473724365234 3.3265404701232910156 3.2900700569152832031 3.2521386146545410156 3.2184979915618896484 3.2160630226135253906 9.9692099683868690468e+36 3.1852953433990478516 3.168071746826171875 3.1447620391845703125 3.1504721641540527344 3.1633336544036865234 3.1814482212066650391 3.1627283096313476563 3.1909160614013671875 3.2399535179138183594 3.2827479839324951172 3.3183729648590087891 3.3235127925872802734 3.340770721435546875 3.3640434741973876953 3.3477780818939208984 3.3729355335235595703 3.3838987350463867188 3.413272857666015625 3.4602880477905273438 3.4919638633728027344 3.5350828170776367188 3.5433435440063476563
3.2725839614868164063 3.2391421794891357422 3.2367427349090576172 3.1971518993377685547 3.18639373779296875 3.1917722225189208984 3.2076640129089355469 3.2491362094879150391 3.2999386787414550781 3.342609405517578125 3.3588106632232666016 3.3494627475738525391 3.3372240066528320313 3.3157293796539306641 3.2604200839996337891 3.2035012245178222656 3.1913805007934570313 3.2137043476104736328 3.2466540336608886719 3.2416851520538330078 3.1841347217559814453 3.1647877693176269531 3.1662511825561523438 3.1682536602020263672 3.16555023193359375 3.1922650337219238281 3.2047863006591796875 3.2418932914733886719 3.2842900753021240234 3.3136081695556640625 3.3276486396789550781 3.3440098762512207031 3.3072037696838378906 3.3056643009185791016 3.3400900363922119141 3.3597631454467773438 3.3785917758941650391 3.3992946147918701172 3.4666910171508789063 3.4736626148223876953
3.2164332866668701172 3.2188093662261962891 3.2080173492431640625 3.1978831291198730469 3.2016322612762451172 3.2107081413269042969 3.2156231403350830078 3.229522705078125 3.2852671146392822266 3.3417887687683105469 3.3566358089447021484 3.3581306934356689453 3.3550028800964355469 3.3194742202758789063 3.235210418701171875 3.1523654460906982422 3.1382653713226318359 3.1705653667449951172 3.2143163681030273438 3.2427155971527099609 3.2059276103973388672 3.1711328029632568359 3.1786983013153076172 3.1711821556091308594 3.1485397815704345703 3.1752340793609619141 3.2247755527496337891 3.2563681602478027344 3.2830033302307128906 3.3132867813110351563 3.3257796764373779297 3.3413662910461425781 3.3277163505554199219 3.3270061016082763672 3.3290231227874755859 3.3446629047393798828 3.3679115772247314453 3.399036407470703125 3.440700531005859375 3.4696896076202392578
3.2243301868438720703 3.2244424819946289063 3.2310795783996582031 3.2392365932464599609 3.2192232608795166016 3.2011308670043945313 3.2226865291595458984 3.256641387939453125 3.3167893886566162109 3.3681204319000244141 3.3751108646392822266 3.3739118576049804688 3.3653299808502197266 3.3268764019012451172 3.2477331161499023438 3.1643795967102050781 3.1370813846588134766 3.1639809608459472656 3.2148764133453369141 3.2609522342681884766 3.2577142715454101563 3.2249224185943603516 3.2214205265045166016 3.2105543613433837891 3.1848654747009277344 3.1799051761627197266 3.1911664009094238281 3.2041707038879394531 3.2193059921264648438 3.2518510818481445313 3.3119244575500488281 3.3679723739624023438 3.3783590793609619141 3.3771817684173583984 3.3583135604858398438 3.3559134006500244141 3.3664879798889160156 3.3981959819793701172 3.4300732612609863281 3.4828314781188964844
3.2499816417694091797 3.2388982772827148438 3.2270567417144775391 3.2377414703369140625 3.2311854362487792969 3.1917176246643066406 3.2088470458984375 3.2543125152587890625 3.2974960803985595703 3.3341526985168457031 3.3673663139343261719 3.3789916038513183594 3.3583974838256835938 3.3215022087097167969 3.2627756595611572266 3.2068009376525878906 3.2017061710357666016 3.2230677604675292969 3.2482788562774658203 3.2831046581268310547 3.2855675220489501953 3.2599484920501708984 3.2506766319274902344 3.2343592643737792969 3.1915905475616455078 3.1744773387908935547 3.2086575031280517578 3.2128853797912597656 3.2084634304046630859 3.23272705078125 3.2701263427734375 3.3562073707580566406 3.3938801288604736328 3.3657910823822021484 3.3314354419708251953 3.3231251239776611328 3.3257830142974853516 3.3584749698638916016 3.4119658470153808594 3.4565823078155517578
3.2691597938537597656 3.2669208049774169922 3.2510344982147216797 3.2285020351409912109 3.2293443679809570313 3.2326331138610839844 3.2313792705535888672 3.2430901527404785156 3.2636563777923583984 3.2820563316345214844 3.3220837116241455078 3.350982666015625 3.3561148643493652344 3.3400352001190185547 3.304615020751953125 3.2706818580627441406 3.263401031494140625 3.2780337333679199219 3.293956756591796875 3.3049726486206054688 3.2912449836730957031 3.2548649311065673828 3.2363545894622802734 3.2344136238098144531 3.2390947341918945313 3.2416481971740722656 3.2351095676422119141 3.2140622138977050781 3.2096259593963623047 3.2288103103637695313 3.282169342041015625 3.3429808616638183594 3.3753528594970703125 3.3524804115295410156 3.3153362274169921875 3.3043534755706787109 3.3128859996795654297 3.3337934017181396484 3.3874366283416748047 3.4306540489196777344
