MapLinkProApp/griddata/temperature/ASCII/cmems_mod_glo_phy-thetao_anfc_0,083deg_P1D-m_1702458667101_13,5.asc
ncols        121
nrows        120
xllcorner    -30.041666666667
yllcorner    40.041666655981
cellsize     0.083333333333
NODATA_value  9.9692099683868690468e+36
[rows 90 to 107 of 120, columns 80 to 119 of 121]
16.113363265991210938 16.237169265747070313 16.261056900024414063 16.280414581298828125 16.32318115234375 16.313707351684570313 16.330827713012695313 16.338148117065429688 16.310201644897460938 16.197299957275390625 16.007555007934570313 15.876237869262695313 15.844715118408203125 15.815663337707519531 15.767697334289550781 15.718608856201171875 15.718946456909179688 15.774171829223632813 15.840088844299316406 15.929721832275390625 16.064975738525390625 16.24664306640625 16.469089508056640625 16.70987701416015625 16.887269973754882813 17.083234786987304688 17.310474395751953125 17.288217544555664063 17.163541793823242188 17.143924713134765625 17.190219879150390625 17.242366790771484375 17.28258514404296875 17.288236618041992188 17.280000686645507813 17.27100372314453125 17.268953323364257813 17.267276763916015625 17.23639678955078125 17.171777725219726563
16.016178131103515625 16.090559005737304688 16.139375686645507813 16.140504837036132813 16.173250198364257813 16.1741485595703125 16.174787521362304688 16.128667831420898438 16.049737930297851563 15.934433937072753906 15.818467140197753906 15.752903938293457031 15.738874435424804688 15.727862358093261719 15.742907524108886719 15.80782318115234375 15.904770851135253906 15.997160911560058594 16.080419540405273438 16.200353622436523438 16.307489395141601563 16.47571563720703125 16.744115829467773438 16.976589202880859375 17.103399276733398438 17.12815093994140625 17.224077224731445313 17.32328033447265625 17.275936126708984375 17.237508773803710938 17.249387741088867188 17.286424636840820313 17.323276519775390625 17.336933135986328125 17.328462600708007813 17.30452728271484375 17.284235000610351563 17.300767898559570313 17.320589065551757813 17.308607101440429688
16.018871307373046875 15.980105400085449219 16.051313400268554688 16.025671005249023438 16.001333236694335938 15.967014312744140625 15.940743446350097656 15.884949684143066406 15.834509849548339844 15.777161598205566406 15.742002487182617188 15.739436149597167969 15.773825645446777344 15.851352691650390625 15.98614501953125 16.177377700805664063 16.35334014892578125 16.470598220825195313 16.541744232177734375 16.614116668701171875 16.673543930053710938 16.868398666381835938 17.103658676147460938 17.233377456665039063 17.295709609985351563 17.2899932861328125 17.25251007080078125 17.296152114868164063 17.332918167114257813 17.339960098266601563 17.340444564819335938 17.338598251342773438 17.347078323364257813 17.362560272216796875 17.373765945434570313 17.377115249633789063 17.33881378173828125 17.3307342529296875 17.3663482666015625 17.376741409301757813
16.232187271118164063 16.022966384887695313 15.995080947875976563 15.967601776123046875 15.939145088195800781 15.905507087707519531 15.856683731079101563 15.823987007141113281 15.810159683227539063 15.831347465515136719 15.895411491394042969 16.028577804565429688 16.209161758422851563 16.418359756469726563 16.641344070434570313 16.847429275512695313 16.958332061767578125 16.977931976318359375 17.000192642211914063 17.049591064453125 17.119310379028320313 17.26519775390625 17.305063247680664063 17.306644439697265625 17.290399551391601563 17.271844863891601563 17.257223129272460938 17.254596710205078125 17.2670745849609375 17.2796173095703125 17.283742904663085938 17.281520843505859375 17.298675537109375 17.323993682861328125 17.35883331298828125 17.393297195434570313 17.385622024536132813 17.360319137573242188 17.399129867553710938 17.409029006958007813
16.43442535400390625 16.206935882568359375 16.133642196655273438 16.081806182861328125 15.958150863647460938 15.8753662109375 15.85936737060546875 15.868727684020996094 15.936690330505371094 16.110691070556640625 16.401357650756835938 16.7247772216796875 16.943881988525390625 17.035640716552734375 17.10882568359375 17.157873153686523438 17.18042755126953125 17.1868896484375 17.194124221801757813 17.208169937133789063 17.216640472412109375 17.204988479614257813 17.18347930908203125 17.160465240478515625 17.139223098754882813 17.134700775146484375 17.126039505004882813 17.110216140747070313 17.086429595947265625 17.073987960815429688 17.072673797607421875 17.105373382568359375 17.178606033325195313 17.257793426513671875 17.3264007568359375 17.394500732421875 17.423023223876953125 17.392705917358398438 17.423101425170898438 17.430233001708984375
16.57598114013671875 16.323541641235351563 16.211650848388671875 16.218194961547851563 16.133331298828125 15.993575096130371094 15.907050132751464844 15.937566757202148438 16.07802581787109375 16.373493194580078125 16.780559539794921875 17.047840118408203125 17.098985671997070313 17.116092681884765625 17.139974594116210938 17.1527557373046875 17.13213348388671875 17.096338272094726563 17.077833175659179688 17.077276229858398438 17.087116241455078125 17.089509963989257813 17.086248397827148438 17.081569671630859375 17.107091903686523438 17.180128097534179688 17.202480316162109375 17.167203903198242188 17.084442138671875 16.980264663696289063 16.929393768310546875 16.973146438598632813 17.0980224609375 17.221544265747070313 17.3194122314453125 17.4126434326171875 17.454816818237304688 17.432641983032226563 17.436985015869140625 17.45188140869140625
16.733415603637695313 16.469720840454101563 16.286773681640625 16.28133392333984375 16.296438217163085938 16.218463897705078125 16.103588104248046875 16.045680999755859375 16.12273406982421875 16.372327804565429688 16.703496932983398438 16.956239700317382813 17.055284500122070313 17.07634735107421875 17.084707260131835938 17.077579498291015625 17.044198989868164063 17.003633499145507813 16.978857040405273438 16.979278564453125 17.02146148681640625 17.060718536376953125 17.081445693969726563 17.100839614868164063 17.206241607666015625 17.36821746826171875 17.424993515014648438 17.375331878662109375 17.273342132568359375 17.118150711059570313 16.956024169921875 16.928724288940429688 17.046482086181640625 17.204378128051757813 17.32227325439453125 17.429119110107421875 17.480066299438476563 17.465206146240234375 17.452428817749023438 17.461742401123046875
16.846204757690429688 16.629800796508789063 16.379220962524414063 16.306276321411132813 16.366064071655273438 16.3888092041015625 16.3476104736328125 16.286741256713867188 16.227495193481445313 16.243360519409179688 16.378629684448242188 16.612207412719726563 16.837781906127929688 16.957624435424804688 16.992902755737304688 17.009092330932617188 16.994333267211914063 16.96488189697265625 16.9299468994140625 16.896442413330078125 16.928926467895507813 17.004772186279296875 17.054271697998046875 17.110254287719726563 17.341104507446289063 17.54630279541015625 17.552661895751953125 17.448427200317382813 17.330669403076171875 17.225065231323242188 17.03929901123046875 16.945035934448242188 17.036428451538085938 17.208311080932617188 17.337646484375 17.446649551391601563 17.50665283203125 17.498453140258789063 17.477872848510742188 17.4856719970703125
16.874164581298828125 16.743677139282226563 16.47919464111328125 16.327215194702148438 16.341558456420898438 16.39028167724609375 16.4107818603515625 16.423330307006835938 16.413816452026367188 16.381490707397460938 16.355646133422851563 16.364313125610351563 16.442758560180664063 16.61327362060546875 16.778684616088867188 16.878602981567382813 16.896455764770507813 16.899005889892578125 16.892971038818359375 16.847278594970703125 16.828504562377929688 16.900144577026367188 16.981206893920898438 17.122201919555664063 17.48006439208984375 17.654439926147460938 17.559427261352539063 17.3659210205078125 17.228090286254882813 17.168081283569335938 17.06130218505859375 16.981737136840820313 17.075592041015625 17.256717681884765625 17.405517578125 17.509342193603515625 17.556669235229492188 17.540130615234375 17.504673004150390625 17.537309646606445313
16.863256454467773438 16.829229354858398438 16.633031845092773438 16.405733108520507813 16.32178497314453125 16.319599151611328125 16.312913894653320313 16.313123703002929688 16.339694976806640625 16.382831573486328125 16.416717529296875 16.439764022827148438 16.463575363159179688 16.50458526611328125 16.569643020629882813 16.661922454833984375 16.72866058349609375 16.773914337158203125 16.8038177490234375 16.783435821533203125 16.761720657348632813 16.826141357421875 16.948566436767578125 17.215602874755859375 17.618093490600585938 17.708589553833007813 17.540979385375976563 17.327566146850585938 17.17578125 17.0932464599609375 17.036594390869140625 17.021970748901367188 17.168420791625976563 17.354770660400390625 17.497638702392578125 17.595800399780273438 17.63408660888671875 17.603971481323242188 17.520166397094726563 17.527585983276367188
16.837213516235351563 16.868242263793945313 16.807416915893554688 16.626516342163085938 16.447971343994140625 16.348834991455078125 16.2986297607421875 16.283390045166015625 16.282024383544921875 16.265949249267578125 16.259593963623046875 16.29792022705078125 16.376268386840820313 16.46033477783203125 16.529466629028320313 16.590757369995117188 16.629047393798828125 16.646854400634765625 16.668548583984375 16.6681671142578125 16.696565628051757813 16.81296539306640625 17.013582229614257813 17.42610931396484375 17.780687332153320313 17.760663986206054688 17.584438323974609375 17.388120651245117188 17.224164962768554688 17.131292343139648438 17.106187820434570313 17.167562484741210938 17.333974838256835938 17.498414993286132813 17.61663818359375 17.695505142211914063 17.739988327026367188 17.718902587890625 17.623991012573242188 17.545434951782226563
16.812437057495117188 16.84441375732421875 16.867090225219726563 16.795429229736328125 16.653848648071289063 16.514005661010742188 16.409885406494140625 16.386199951171875 16.390758514404296875 16.363821029663085938 16.294038772583007813 16.215806961059570313 16.195817947387695313 16.254932403564453125 16.343891143798828125 16.4225311279296875 16.46259307861328125 16.494695663452148438 16.545688629150390625 16.589456558227539063 16.683530807495117188 16.871511459350585938 17.184209823608398438 17.664022445678710938 17.896270751953125 17.817531585693359375 17.699375152587890625 17.563840866088867188 17.411520004272460938 17.342954635620117188 17.364461898803710938 17.46685028076171875 17.614208221435546875 17.734350204467773438 17.812093734741210938 17.8524322509765625 17.882883071899414063 17.878955841064453125 17.82027435302734375 17.724332809448242188
16.812856674194335938 16.834400177001953125 16.867166519165039063 16.857786178588867188 16.785888671875 16.66849517822265625 16.558645248413085938 16.505964279174804688 16.497180938720703125 16.481943130493164063 16.409200668334960938 16.28516387939453125 16.17678070068359375 16.152662277221679688 16.206693649291992188 16.287473678588867188 16.37349700927734375 16.477354049682617188 16.566371917724609375 16.62445831298828125 16.729640960693359375 16.938446044921875 17.329799652099609375 17.790441513061523438 17.918323516845703125 17.865818023681640625 17.816884994506835938 17.756710052490234375 17.684175491333007813 17.673587799072265625 17.733339309692382813 17.826267242431640625 17.912736892700195313 17.9560699462890625 17.966197967529296875 17.967306137084960938 17.969852447509765625 17.9693603515625 17.945268630981445313 17.873407363891601563
16.783926010131835938 16.800119400024414063 16.833417892456054688 16.863006591796875 16.849603652954101563 16.782835006713867188 16.70257568359375 16.651586532592773438 16.6245574951171875 16.579885482788085938 16.474954605102539063 16.311344146728515625 16.171304702758789063 16.130199432373046875 16.18511199951171875 16.304592132568359375 16.457067489624023438 16.59893035888671875 16.6768798828125 16.699535369873046875 16.776277542114257813 16.997289657592773438 17.412855148315429688 17.82321929931640625 17.91561126708984375 17.862470626831054688 17.8539886474609375 17.862506866455078125 17.858453750610351563 17.872755050659179688 17.913511276245117188 17.943637847900390625 17.956827163696289063 17.9636993408203125 17.973470687866210938 17.983951568603515625 17.989988327026367188 17.988069534301757813 17.975002288818359375 17.9198760986328125
16.847997665405273438 16.858926773071289063 16.869131088256835938 16.88158416748046875 16.878459930419921875 16.8500823974609375 16.813978195190429688 16.789821624755859375 16.75531768798828125 16.663934707641601563 16.471343994140625 16.248552322387695313 16.118680953979492188 16.11864471435546875 16.222646713256835938 16.397735595703125 16.576520919799804688 16.695079803466796875 16.737209320068359375 16.737176895141601563 16.795879364013671875 17.013698577880859375 17.412805557250976563 17.78635406494140625 17.9001617431640625 17.847606658935546875 17.83264923095703125 17.855623245239257813 17.87520599365234375 17.885641098022460938 17.897298812866210938 17.903362274169921875 17.908201217651367188 17.918416976928710938 17.936277389526367188 17.962099075317382813 17.99173736572265625 18.003589630126953125 17.995372772216796875 17.9635009765625
16.812986373901367188 16.87551116943359375 16.905355453491210938 16.917974472045898438 16.922224044799804688 16.91803741455078125 16.8998260498046875 16.845470428466796875 16.720285415649414063 16.519556045532226563 16.2923736572265625 16.156110763549804688 16.146188735961914063 16.191141128540039063 16.279964447021484375 16.4339599609375 16.585784912109375 16.675031661987304688 16.712015151977539063 16.733510971069335938 16.803075790405273438 16.99420166015625 17.324016571044921875 17.682977676391601563 17.853158950805664063 17.870235443115234375 17.832759857177734375 17.818286895751953125 17.831171035766601563 17.843431472778320313 17.846986770629882813 17.847318649291992188 17.845739364624023438 17.849279403686523438 17.866718292236328125 17.905269622802734375 17.962261199951171875 17.99921417236328125 18.019674301147460938 18.006687164306640625
16.695722579956054688 16.660844802856445313 16.670322418212890625 16.683183670043945313 16.67474365234375 16.639104843139648438 16.579648971557617188 16.50157928466796875 16.400941848754882813 16.285976409912109375 16.2194976806640625 16.264089584350585938 16.35418701171875 16.395483016967773438 16.415737152099609375 16.489320755004882813 16.58022308349609375 16.639719009399414063 16.675907135009765625 16.715206146240234375 16.794010162353515625 16.95426177978515625 17.174900054931640625 17.438076019287109375 17.674562454223632813 17.825857162475585938 17.870302200317382813 17.851596832275390625 17.836971282958984375 17.837259292602539063 17.83106231689453125 17.821641921997070313 17.8055572509765625 17.795503616333007813 17.8034210205078125 17.84529876708984375 17.924625396728515625 17.973138809204101563 18.019145965576171875 18.030101776123046875
17.288518905639648438 17.145521163940429688 17.025516510009765625 16.962665557861328125 16.954786300659179688 16.966625213623046875 16.967039108276367188 16.943464279174804688 16.89510345458984375 16.832273483276367188 16.78327178955078125 16.78337860107421875 16.800844192504882813 16.748979568481445313 16.64366912841796875 16.595607757568359375 16.614061355590820313 16.65084075927734375 16.693304061889648438 16.754610061645507813 16.863353729248046875 17.018648147583007813 17.175153732299804688 17.315858840942382813 17.42124176025390625 17.514490127563476563 17.659732818603515625 17.76699066162109375 17.82555389404296875 17.842172622680664063 17.845485687255859375 17.8415069580078125 17.823945999145507813 17.794305801391601563 17.76963043212890625 17.801858901977539063 17.89456939697265625 17.958223342895507813 18.003736495971679688 18.036968231201171875
