MapLinkProApp/griddata/temperature/ASCII/cmems_mod_glo_phy-thetao_anfc_0,083deg_P1D-m_1702458667101_643,6.asc
ncols        121
nrows        120
xllcorner    -30.041666666667
yllcorner    40.041666655981
cellsize     0.083333333333
NODATA_value  9.9692099683868690468e+36
[rows 54 to 71 of 120, columns 40 to 79 of 121]
8.5457162857055664063 8.3838014602661132813 8.2553043365478515625 8.2123279571533203125 8.2443761825561523438 8.3240537643432617188 8.3828058242797851563 8.3868389129638671875 8.3635816574096679688 8.3172969818115234375 8.2812633514404296875 8.2874507904052734375 8.3133745193481445313 8.37005615234375 8.4519290924072265625 8.5233602523803710938 8.6349201202392578125 8.795116424560546875 8.9719724655151367188 9.2378835678100585938 9.5770130157470703125 9.914310455322265625 10.185151100158691406 10.368450164794921875 10.502788543701171875 10.599789619445800781 10.671360015869140625 10.862530708312988281 11.085314750671386719 11.224462509155273438 11.273911476135253906 11.289917945861816406 11.298670768737792969 11.257962226867675781 11.117839813232421875 10.921878814697265625 10.726563453674316406 10.579240798950195313 10.495299339294433594 10.482717514038085938
8.6764764785766601563 8.56226348876953125 8.4067869186401367188 8.2886943817138671875 8.2499628067016601563 8.2640390396118164063 8.2774209976196289063 8.2628698348999023438 8.2338809967041015625 8.2037220001220703125 8.198650360107421875 8.2326612472534179688 8.2829952239990234375 8.3275928497314453125 8.368072509765625 8.4362230300903320313 8.5540170669555664063 8.7166490554809570313 8.8982219696044921875 9.1323385238647460938 9.43979644775390625 9.7904405593872070313 10.125109672546386719 10.376198768615722656 10.547396659851074219 10.660967826843261719 10.7596893310546875 10.991673469543457031 11.256606101989746094 11.380970001220703125 11.400599479675292969 11.389071464538574219 11.388829231262207031 11.385679244995117188 11.364183425903320313 11.291623115539550781 11.201836585998535156 11.131378173828125 11.075725555419921875 11.058650016784667969
8.7312164306640625 8.6941690444946289063 8.5399904251098632813 8.3679361343383789063 8.2803983688354492188 8.2604837417602539063 8.2534236907958984375 8.2206430435180664063 8.1668548583984375 8.146053314208984375 8.1684675216674804688 8.190776824951171875 8.2046346664428710938 8.228855133056640625 8.2710971832275390625 8.3495397567749023438 8.4799566268920898438 8.6543264389038085938 8.8648996353149414063 9.1035518646240234375 9.3774290084838867188 9.7040147781372070313 10.058813095092773438 10.356806755065917969 10.555935859680175781 10.6708831787109375 10.78034210205078125 11.058693885803222656 11.332350730895996094 11.443461418151855469 11.437893867492675781 11.406284332275390625 11.39568328857421875 11.408319473266601563 11.418874740600585938 11.396962165832519531 11.358912467956542969 11.305582046508789063 11.2742156982421875 11.268579483032226563
8.8189487457275390625 8.8062715530395507813 8.6770305633544921875 8.5285482406616210938 8.4349603652954101563 8.3752450942993164063 8.323505401611328125 8.2470569610595703125 8.164653778076171875 8.1317701339721679688 8.1383409500122070313 8.1468143463134765625 8.156925201416015625 8.1803064346313476563 8.2323894500732421875 8.322597503662109375 8.4448871612548828125 8.6082096099853515625 8.8212947845458984375 9.0852079391479492188 9.3609800338745117188 9.6552534103393554688 9.9836721420288085938 10.297841072082519531 10.530272483825683594 10.691811561584472656 10.83129119873046875 11.158636093139648438 11.433115005493164063 11.473726272583007813 11.456365585327148438 11.419424057006835938 11.404727935791015625 11.409724235534667969 11.419554710388183594 11.417955398559570313 11.402929306030273438 11.398479461669921875 11.359645843505859375 11.254635810852050781
8.9366588592529296875 8.8829851150512695313 8.7664289474487304688 8.6719121932983398438 8.589504241943359375 8.5053157806396484375 8.4337606430053710938 8.3368663787841796875 8.23862457275390625 8.1865415573120117188 8.1625766754150390625 8.1469068527221679688 8.1482191085815429688 8.1803426742553710938 8.2484712600708007813 8.3344020843505859375 8.44350433349609375 8.5990200042724609375 8.7924699783325195313 9.0602807998657226563 9.3553829193115234375 9.6400661468505859375 9.9330377578735351563 10.239747047424316406 10.501047134399414063 10.699898719787597656 10.8908538818359375 11.242115974426269531 11.497385978698730469 11.474241256713867188 11.465116500854492188 11.445189476013183594 11.430296897888183594 11.418348312377929688 11.409576416015625 11.425486564636230469 11.46038818359375 11.425833702087402344 11.292931556701660156 11.124928474426269531
9.0027942657470703125 8.942974090576171875 8.8817739486694335938 8.8618574142456054688 8.8134832382202148438 8.7257623672485351563 8.6217746734619140625 8.5006608963012695313 8.3968572616577148438 8.33837127685546875 8.3007841110229492188 8.26802825927734375 8.2437524795532226563 8.2429895401000976563 8.2709560394287109375 8.3262386322021484375 8.44365692138671875 8.6070642471313476563 8.7871303558349609375 9.042415618896484375 9.3453321456909179688 9.634067535400390625 9.9093418121337890625 10.199167251586914063 10.480782508850097656 10.694416999816894531 10.933513641357421875 11.306121826171875 11.538177490234375 11.48583221435546875 11.485187530517578125 11.469666481018066406 11.450407028198242188 11.425783157348632813 11.417417526245117188 11.458532333374023438 11.481259346008300781 11.378540992736816406 11.195713996887207031 11.083477020263671875
9.1994800567626953125 9.19399261474609375 9.1543130874633789063 9.1343936920166015625 9.0802745819091796875 8.9661712646484375 8.8224697113037109375 8.66896820068359375 8.5634632110595703125 8.5045232772827148438 8.4547634124755859375 8.4155206680297851563 8.3808460235595703125 8.3500833511352539063 8.34604644775390625 8.402965545654296875 8.55010986328125 8.7225732803344726563 8.8744411468505859375 9.0999774932861328125 9.3878498077392578125 9.6589174270629882813 9.9038448333740234375 10.187161445617675781 10.476472854614257813 10.706473350524902344 10.972120285034179688 11.367200851440429688 11.562476158142089844 11.482428550720214844 11.508563041687011719 11.491251945495605469 11.456363677978515625 11.420125007629394531 11.445946693420410156 11.477553367614746094 11.434625625610351563 11.265932083129882813 11.137643814086914063 11.169733047485351563
9.4818964004516601563 9.5029249191284179688 9.5012226104736328125 9.4674882888793945313 9.392608642578125 9.2503814697265625 9.0471811294555664063 8.8368091583251953125 8.7144918441772460938 8.67026519775390625 8.628509521484375 8.5741605758666992188 8.5197496414184570313 8.479366302490234375 8.4878101348876953125 8.5875806808471679688 8.7693967819213867188 8.92942047119140625 9.0428190231323242188 9.2287921905517578125 9.4746570587158203125 9.7170419692993164063 9.9449777603149414063 10.231161117553710938 10.509510040283203125 10.724122047424316406 10.994467735290527344 11.377022743225097656 11.573849678039550781 11.472426414489746094 11.4946136474609375 11.488086700439453125 11.456471443176269531 11.437232017517089844 11.457164764404296875 11.440898895263671875 11.319012641906738281 11.14687347412109375 11.197803497314453125 11.270776748657226563
9.6947784423828125 9.763500213623046875 9.8026943206787109375 9.7923259735107421875 9.7427806854248046875 9.6333894729614257813 9.4486179351806640625 9.1968698501586914063 8.9696054458618164063 8.8374586105346679688 8.7794294357299804688 8.755405426025390625 8.7303829193115234375 8.6945323944091796875 8.7231884002685546875 8.8725709915161132813 9.0729541778564453125 9.2115850448608398438 9.2698011398315429688 9.3740787506103515625 9.5600032806396484375 9.7942609786987304688 10.039229393005371094 10.312233924865722656 10.573125839233398438 10.752168655395507813 11.011284828186035156 11.365008354187011719 11.581307411193847656 11.476094245910644531 11.483710289001464844 11.489229202270507813 11.462392807006835938 11.451058387756347656 11.434731483459472656 11.360735893249511719 11.234536170959472656 11.155867576599121094 11.321926116943359375 11.398233413696289063
9.7577180862426757813 9.8630056381225585938 9.9463405609130859375 9.9748506546020507813 9.9740266799926757813 9.9328203201293945313 9.8409795761108398438 9.6780633926391601563 9.4495801925659179688 9.2172269821166992188 9.0389165878295898438 8.9451236724853515625 8.9304399490356445313 8.9450693130493164063 9.0487470626831054688 9.2648115158081054688 9.4430513381958007813 9.5103244781494140625 9.4922084808349609375 9.5006608963012695313 9.6234693527221679688 9.8635721206665039063 10.139556884765625 10.416207313537597656 10.645771980285644531 10.781887054443359375 11.024998664855957031 11.348711013793945313 11.571558952331542969 11.47808837890625 11.43926239013671875 11.450044631958007813 11.423700332641601563 11.402916908264160156 11.333360671997070313 11.241834640502929688 11.187334060668945313 11.327080726623535156 11.414094924926757813 11.407101631164550781
9.9013586044311523438 10.02706146240234375 10.092295646667480469 10.095597267150878906 10.060696601867675781 10.020193099975585938 9.95555877685546875 9.846599578857421875 9.6922254562377929688 9.535129547119140625 9.3979034423828125 9.2978000640869140625 9.26927947998046875 9.3049793243408203125 9.4360818862915039063 9.60207366943359375 9.652156829833984375 9.6067152023315429688 9.5404834747314453125 9.5360355377197265625 9.6660480499267578125 9.9380903244018554688 10.23142242431640625 10.500049591064453125 10.684528350830078125 10.797040939331054688 11.022701263427734375 11.331860542297363281 11.556532859802246094 11.493165969848632813 11.404484748840332031 11.405913352966308594 11.343157768249511719 11.3429107666015625 11.276906013488769531 11.232263565063476563 11.297964096069335938 11.424471855163574219 11.382082939147949219 11.297001838684082031
9.9913501739501953125 10.06485748291015625 10.123126983642578125 10.148456573486328125 10.134202957153320313 10.068363189697265625 9.9484243392944335938 9.8267688751220703125 9.72455596923828125 9.6386995315551757813 9.57337188720703125 9.564670562744140625 9.5940694808959960938 9.6429929733276367188 9.7152242660522460938 9.7443971633911132813 9.71863555908203125 9.6929645538330078125 9.6692495346069335938 9.710262298583984375 9.87944793701171875 10.136317253112792969 10.383503913879394531 10.591794967651367188 10.7061309814453125 10.792189598083496094 11.005028724670410156 11.292537689208984375 11.556913375854492188 11.542841911315917969 11.400444984436035156 11.3757781982421875 11.351675987243652344 11.336314201354980469 11.281541824340820313 11.274204254150390625 11.361504554748535156 11.4531402587890625 11.354848861694335938 11.220703125
9.99662017822265625 10.063364028930664063 10.13323211669921875 10.193165779113769531 10.147691726684570313 10.03226470947265625 9.87935638427734375 9.7662868499755859375 9.7130584716796875 9.65412139892578125 9.6168966293334960938 9.6330804824829101563 9.6602010726928710938 9.6972723007202148438 9.75482940673828125 9.7941427230834960938 9.8229703903198242188 9.8785142898559570313 9.9469118118286132813 10.043355941772460938 10.204895973205566406 10.397951126098632813 10.566639900207519531 10.669599533081054688 10.702337265014648438 10.768975257873535156 10.972406387329101563 11.244859695434570313 11.540558815002441406 11.691357612609863281 11.465970039367675781 11.397330284118652344 11.396204948425292969 11.307597160339355469 11.260371208190917969 11.215179443359375 11.262225151062011719 11.345705986022949219 11.311409950256347656 11.237483978271484375
10.016630172729492188 10.093580245971679688 10.150702476501464844 10.179510116577148438 10.091686248779296875 9.9515628814697265625 9.8194904327392578125 9.73972320556640625 9.7122697830200195313 9.6873559951782226563 9.6624603271484375 9.6548519134521484375 9.6759672164916992188 9.7321462631225585938 9.8125791549682617188 9.8998041152954101563 10.002842903137207031 10.122699737548828125 10.223761558532714844 10.323141098022460938 10.452401161193847656 10.569730758666992188 10.658420562744140625 10.688439369201660156 10.672463417053222656 10.721745491027832031 10.910291671752929688 11.175532341003417969 11.458546638488769531 11.729689598083496094 11.582935333251953125 11.423572540283203125 11.416613578796386719 11.378760337829589844 11.351908683776855469 11.275012969970703125 11.242035865783691406 11.221525192260742188 11.220774650573730469 11.167212486267089844
9.9840831756591796875 10.066529273986816406 10.146427154541015625 10.174099922180175781 10.1452789306640625 10.063998222351074219 9.9565973281860351563 9.8796834945678710938 9.8228216171264648438 9.7869472503662109375 9.77519989013671875 9.7787446975708007813 9.8041963577270507813 9.8867387771606445313 10.007399559020996094 10.13260650634765625 10.270636558532714844 10.397176742553710938 10.479854583740234375 10.542942047119140625 10.603270530700683594 10.6527557373046875 10.686728477478027344 10.654163360595703125 10.619693756103515625 10.651971817016601563 10.820057868957519531 11.057806968688964844 11.298577308654785156 11.614569664001464844 11.712714195251464844 11.541001319885253906 11.430401802062988281 11.394103050231933594 11.351428031921386719 11.284226417541503906 11.212200164794921875 11.148838996887207031 11.117169380187988281 11.115603446960449219
10.197760581970214844 10.238120079040527344 10.268887519836425781 10.293844223022460938 10.288628578186035156 10.273795127868652344 10.251837730407714844 10.208509445190429688 10.159458160400390625 10.106317520141601563 10.062703132629394531 10.037952423095703125 10.073345184326171875 10.185285568237304688 10.318492889404296875 10.448991775512695313 10.566710472106933594 10.6361236572265625 10.658560752868652344 10.670207023620605469 10.683129310607910156 10.686116218566894531 10.686458587646484375 10.633107185363769531 10.577283859252929688 10.582667350769042969 10.725215911865234375 10.954070091247558594 11.168704032897949219 11.415246009826660156 11.723348617553710938 11.668401718139648438 11.473737716674804688 11.330882072448730469 11.262545585632324219 11.206196784973144531 11.149174690246582031 11.098271369934082031 11.047564506530761719 11.072192192077636719
10.4402923583984375 10.487263679504394531 10.531615257263183594 10.555750846862792969 10.562801361083984375 10.562103271484375 10.558027267456054688 10.544788360595703125 10.535992622375488281 10.497574806213378906 10.442606925964355469 10.414113044738769531 10.438840866088867188 10.518881797790527344 10.613433837890625 10.690388679504394531 10.72509002685546875 10.721383094787597656 10.70548248291015625 10.696969985961914063 10.704676628112792969 10.68003082275390625 10.627835273742675781 10.568001747131347656 10.52791595458984375 10.534205436706542969 10.674945831298828125 10.896349906921386719 11.119144439697265625 11.376391410827636719 11.662585258483886719 11.715932846069335938 11.493610382080078125 11.340231895446777344 11.250263214111328125 11.174715995788574219 11.110432624816894531 11.032197952270507813 10.975409507751464844 10.944976806640625
10.392679214477539063 10.450337409973144531 10.504916191101074219 10.550902366638183594 10.586579322814941406 10.616115570068359375 10.637393951416015625 10.649781227111816406 10.673401832580566406 10.6682891845703125 10.66213226318359375 10.658792495727539063 10.666223526000976563 10.705766677856445313 10.738729476928710938 10.744997978210449219 10.73522186279296875 10.709787368774414063 10.675828933715820313 10.66806793212890625 10.673806190490722656 10.610381126403808594 10.518709182739257813 10.47319793701171875 10.467380523681640625 10.498511314392089844 10.624449729919433594 10.841426849365234375 11.052181243896484375 11.268441200256347656 11.569838523864746094 11.610442161560058594 11.460979461669921875 11.347791671752929688 11.175145149230957031 11.084427833557128906 10.995929718017578125 10.941788673400878906 10.931936264038085938 10.915811538696289063
