MapLinkProApp/griddata/temperature/ASCII/cmems_mod_glo_phy-thetao_anfc_0,083deg_P1D-m_1702458667101_266,0.asc
ncols        121
nrows        120
xllcorner    -30.041666666667
yllcorner    40.041666655981
cellsize     0.083333333333
NODATA_value  9.9692099683868690468e+36
[rows 90 to 107 of 120, columns 0 to 39 of 121]
13.670231819152832031 13.649876594543457031 13.621104240417480469 13.573548316955566406 13.516405105590820313 13.449308395385742188 13.373670578002929688 13.301675796508789063 13.288478851318359375 13.377040863037109375 13.592447280883789063 13.844082832336425781 14.055421829223632813 14.117391586303710938 13.975127220153808594 13.764432907104492188 13.582131385803222656 13.50838470458984375 13.534338951110839844 13.574234962463378906 13.661340713500976563 13.697232246398925781 13.731682777404785156 13.864550590515136719 13.953755378723144531 14.037068367004394531 14.144621849060058594 14.264524459838867188 14.219687461853027344 14.014287948608398438 13.760156631469726563 13.521397590637207031 13.408824920654296875 13.405591964721679688 13.617798805236816406 13.986712455749511719 14.125891685485839844 14.125132560729980469 14.207139968872070313 14.40061187744140625
13.671334266662597656 13.615476608276367188 13.553234100341796875 13.498844146728515625 13.44152069091796875 13.39919281005859375 13.394723892211914063 13.454058647155761719 13.593180656433105469 13.782330513000488281 14.002364158630371094 14.140381813049316406 14.167414665222167969 14.038952827453613281 13.83010101318359375 13.616300582885742188 13.447109222412109375 13.560683250427246094 13.588024139404296875 13.660860061645507813 13.715800285339355469 13.703968048095703125 13.736811637878417969 13.773412704467773438 13.857391357421875 13.882608413696289063 13.975347518920898438 14.01334381103515625 13.933084487915039063 13.713138580322265625 13.559113502502441406 13.477959632873535156 13.527337074279785156 13.610309600830078125 13.83447265625 14.10883331298828125 14.188197135925292969 14.308309555053710938 14.514962196350097656 14.735377311706542969
14.032649040222167969 13.96492767333984375 13.893527984619140625 13.846835136413574219 13.812738418579101563 13.830799102783203125 13.890004158020019531 14.001225471496582031 14.115284919738769531 14.212281227111816406 14.261315345764160156 14.211004257202148438 14.0613555908203125 13.848507881164550781 13.642564773559570313 13.499711990356445313 13.517286300659179688 13.622210502624511719 13.683748245239257813 13.756511688232421875 13.753403663635253906 13.720263481140136719 13.712953567504882813 13.679764747619628906 13.680294990539550781 13.700022697448730469 13.666604042053222656 13.667537689208984375 13.583819389343261719 13.461700439453125 13.457776069641113281 13.548861503601074219 13.735250473022460938 13.91683197021484375 14.064239501953125 14.191315650939941406 14.380002021789550781 14.639998435974121094 14.879846572875976563 15.069722175598144531
14.310640335083007813 14.333347320556640625 14.336284637451171875 14.335263252258300781 14.339018821716308594 14.343187332153320313 14.368276596069335938 14.397477149963378906 14.374526023864746094 14.308734893798828125 14.180425643920898438 14.005069732666015625 13.821225166320800781 13.685106277465820313 13.630174636840820313 13.602361679077148438 13.683160781860351563 13.78324127197265625 13.843070030212402344 13.820043563842773438 13.823060989379882813 13.883528709411621094 13.823804855346679688 13.682118415832519531 13.623023033142089844 13.60483551025390625 13.512188911437988281 13.457798957824707031 13.442808151245117188 13.475291252136230469 13.623904228210449219 13.845164299011230469 14.024910926818847656 14.120720863342285156 14.179281234741210938 14.416547775268554688 14.723878860473632813 14.89824676513671875 14.991972923278808594 15.171966552734375
14.145196914672851563 14.21962738037109375 14.274196624755859375 14.324094772338867188 14.345263481140136719 14.357621192932128906 14.340922355651855469 14.302242279052734375 14.214176177978515625 14.094172477722167969 13.944289207458496094 13.811580657958984375 13.740157127380371094 13.719082832336425781 13.699915885925292969 13.70349884033203125 13.876742362976074219 13.93990325927734375 13.8606414794921875 13.818327903747558594 13.929015159606933594 14.056066513061523438 14.074484825134277344 13.936022758483886719 13.819147109985351563 13.767171859741210938 13.708263397216796875 13.625026702880859375 13.670260429382324219 13.786734580993652344 13.917611122131347656 14.028473854064941406 14.084972381591796875 14.145363807678222656 14.400322914123535156 14.694705963134765625 14.800481796264648438 14.800207138061523438 14.893273353576660156 15.070565223693847656
13.926636695861816406 13.972225189208984375 14.029521942138671875 14.071881294250488281 14.097842216491699219 14.103534698486328125 14.084208488464355469 14.044939994812011719 13.991578102111816406 13.915383338928222656 13.852903366088867188 13.842569351196289063 13.783217430114746094 13.70580291748046875 13.651029586791992188 13.810996055603027344 13.967662811279296875 13.913283348083496094 13.78376007080078125 13.778397560119628906 13.926061630249023438 14.109620094299316406 14.260111808776855469 14.254720687866210938 14.175236701965332031 14.098199844360351563 14.050459861755371094 13.985996246337890625 13.986571311950683594 14.015727043151855469 14.02428436279296875 14.022676467895507813 14.097326278686523438 14.314824104309082031 14.536965370178222656 14.654820442199707031 14.685311317443847656 14.652693748474121094 14.650392532348632813 14.769110679626464844
13.752636909484863281 13.811716079711914063 13.854745864868164063 13.890610694885253906 13.927091598510742188 13.94872283935546875 13.959120750427246094 13.949687957763671875 13.937145233154296875 13.904700279235839844 13.868311882019042969 13.78558349609375 13.637384414672851563 13.443851470947265625 13.493577003479003906 13.810860633850097656 13.921370506286621094 13.77704620361328125 13.67205810546875 13.730333328247070313 13.846920967102050781 14.027425765991210938 14.22721099853515625 14.375736236572265625 14.453310966491699219 14.438391685485839844 14.357203483581542969 14.258288383483886719 14.168347358703613281 14.073737144470214844 13.992165565490722656 13.9841156005859375 14.153967857360839844 14.331467628479003906 14.39609527587890625 14.448343276977539063 14.524776458740234375 14.537600517272949219 14.493284225463867188 14.456921577453613281
13.497899055480957031 13.631850242614746094 13.736219406127929688 13.749668121337890625 13.69840240478515625 13.667757987976074219 13.682368278503417969 13.690596580505371094 13.69305419921875 13.672644615173339844 13.601881027221679688 13.510111808776855469 13.412487030029296875 13.384613990783691406 13.528691291809082031 13.79167938232421875 13.824328422546386719 13.655608177185058594 13.623748779296875 13.784815788269042969 13.924465179443359375 14.06395721435546875 14.157702445983886719 14.23256683349609375 14.353516578674316406 14.484566688537597656 14.545392990112304688 14.454043388366699219 14.311841964721679688 14.10992431640625 13.95618438720703125 13.960268020629882813 14.1082000732421875 14.199311256408691406 14.206004142761230469 14.211157798767089844 14.306123733520507813 14.436586380004882813 14.551131248474121094 14.541321754455566406
13.411967277526855469 13.546866416931152344 13.904759407043457031 14.108603477478027344 14.012619972229003906 13.833239555358886719 13.711113929748535156 13.62252044677734375 13.580882072448730469 13.563928604125976563 13.627701759338378906 13.719435691833496094 13.718560218811035156 13.693692207336425781 13.736079216003417969 13.877152442932128906 13.793155670166015625 13.572544097900390625 13.59278106689453125 13.844484329223632813 14.004441261291503906 14.123870849609375 14.173280715942382813 14.147498130798339844 14.191594123840332031 14.314995765686035156 14.440791130065917969 14.508222579956054688 14.440031051635742188 14.263842582702636719 14.035467147827148438 13.90908050537109375 13.968564987182617188 14.068614959716796875 14.114876747131347656 14.105072975158691406 14.141300201416015625 14.203418731689453125 14.365827560424804688 14.56378936767578125
13.869164466857910156 13.955021858215332031 14.396439552307128906 14.647375106811523438 14.501623153686523438 14.171169281005859375 13.925283432006835938 13.806697845458984375 13.817968368530273438 13.892518997192382813 14.002702713012695313 14.013256072998046875 13.930250167846679688 13.874812126159667969 13.935479164123535156 13.981475830078125 13.830273628234863281 13.597669601440429688 13.589882850646972656 13.757140159606933594 13.89618682861328125 14.023924827575683594 14.159135818481445313 14.1915130615234375 14.213064193725585938 14.224659919738769531 14.274928092956542969 14.355984687805175781 14.418866157531738281 14.410540580749511719 14.301058769226074219 14.119584083557128906 14.002385139465332031 13.947398185729980469 13.976903915405273438 14.045993804931640625 14.076546669006347656 14.074625015258789063 14.173122406005859375 14.366115570068359375
14.6928253173828125 14.737834930419921875 14.847258567810058594 14.699749946594238281 14.425202369689941406 14.271065711975097656 14.219479560852050781 14.192140579223632813 14.131976127624511719 14.096505165100097656 14.003078460693359375 13.925692558288574219 13.82501983642578125 13.84366607666015625 13.906158447265625 13.9297332763671875 13.803515434265136719 13.703259468078613281 13.699388504028320313 13.767941474914550781 13.801578521728515625 13.868161201477050781 14.001466751098632813 14.122874259948730469 14.216021537780761719 14.307957649230957031 14.322727203369140625 14.334969520568847656 14.361989021301269531 14.430346488952636719 14.420965194702148438 14.338911056518554688 14.213627815246582031 14.09497833251953125 14.049844741821289063 14.076073646545410156 14.124070167541503906 14.174464225769042969 14.240384101867675781 14.431918144226074219
14.782377243041992188 14.787662506103515625 14.680558204650878906 14.425289154052734375 14.320615768432617188 14.398390769958496094 14.418001174926757813 14.360490798950195313 14.285619735717773438 14.189961433410644531 14.104280471801757813 14.045623779296875 14.009321212768554688 14.004766464233398438 14.009237289428710938 13.936861991882324219 13.862590789794921875 13.794140815734863281 13.785593032836914063 13.823058128356933594 13.81147003173828125 13.876171112060546875 13.937291145324707031 13.984538078308105469 14.060063362121582031 14.135526657104492188 14.220460891723632813 14.2900848388671875 14.348307609558105469 14.409582138061523438 14.456961631774902344 14.423354148864746094 14.375666618347167969 14.296553611755371094 14.262683868408203125 14.275973320007324219 14.320496559143066406 14.408162117004394531 14.501856803894042969 14.65615081787109375
14.46688079833984375 14.441143989562988281 14.453342437744140625 14.300406455993652344 14.225342750549316406 14.351349830627441406 14.428807258605957031 14.422142982482910156 14.442378044128417969 14.425733566284179688 14.429438591003417969 14.386348724365234375 14.383892059326171875 14.315105438232421875 14.278462409973144531 14.180943489074707031 14.1331024169921875 14.109781265258789063 14.137055397033691406 14.146145820617675781 14.172596931457519531 14.130035400390625 14.127148628234863281 14.11878204345703125 14.085652351379394531 14.037984848022460938 14.065303802490234375 14.118852615356445313 14.201028823852539063 14.294679641723632813 14.416902542114257813 14.470073699951171875 14.467469215393066406 14.459136009216308594 14.50748443603515625 14.553307533264160156 14.637772560119628906 14.738054275512695313 14.808841705322265625 14.900570869445800781
14.293959617614746094 14.291616439819335938 14.364651679992675781 14.341663360595703125 14.293987274169921875 14.384917259216308594 14.438585281372070313 14.414393424987792969 14.463108062744140625 14.498484611511230469 14.485935211181640625 14.467412948608398438 14.433583259582519531 14.334984779357910156 14.241880416870117188 14.161717414855957031 14.146732330322265625 14.136064529418945313 14.183184623718261719 14.230647087097167969 14.306095123291015625 14.35699462890625 14.401767730712890625 14.401909828186035156 14.421534538269042969 14.366753578186035156 14.284143447875976563 14.229084014892578125 14.247605323791503906 14.30895233154296875 14.427206993103027344 14.521943092346191406 14.609856605529785156 14.681509017944335938 14.773282051086425781 14.820649147033691406 14.850307464599609375 14.905317306518554688 14.949028968811035156 15.050969123840332031
14.192989349365234375 14.112133979797363281 14.09221649169921875 14.058587074279785156 14.00939178466796875 14.021814346313476563 14.045415878295898438 14.085662841796875 14.18280029296875 14.204240798950195313 14.214756965637207031 14.158301353454589844 14.028158187866210938 13.879391670227050781 13.697162628173828125 13.614673614501953125 13.635095596313476563 13.69632720947265625 13.819375038146972656 13.962389945983886719 14.045919418334960938 14.123615264892578125 14.255970954895019531 14.40279388427734375 14.522531509399414063 14.555055618286132813 14.487409591674804688 14.447544097900390625 14.49590301513671875 14.540849685668945313 14.547883033752441406 14.661087989807128906 14.764690399169921875 14.809086799621582031 14.838406562805175781 14.807139396667480469 14.8173065185546875 14.918370246887207031 15.01348114013671875 15.171861648559570313
13.992140769958496094 13.954503059387207031 13.849940299987792969 13.706724166870117188 13.626796722412109375 13.614260673522949219 13.631275177001953125 13.6727294921875 13.717848777770996094 13.7511138916015625 13.713967323303222656 13.599957466125488281 13.467820167541503906 13.273206710815429688 13.198164939880371094 13.2116241455078125 13.337008476257324219 13.484490394592285156 13.686250686645507813 13.876816749572753906 13.952283859252929688 14.029241561889648438 14.140038490295410156 14.172583580017089844 14.217206954956054688 14.3873138427734375 14.468199729919433594 14.525023460388183594 14.5208587646484375 14.532013893127441406 14.592898368835449219 14.784277915954589844 14.817308425903320313 14.714635848999023438 14.573050498962402344 14.555403709411621094 14.6497650146484375 14.81998443603515625 14.964010238647460938 15.056043624877929688
13.701244354248046875 13.730298995971679688 13.67357635498046875 13.577775955200195313 13.462559700012207031 13.383206367492675781 13.386728286743164063 13.422707557678222656 13.416300773620605469 13.340209007263183594 13.299421310424804688 13.174668312072753906 13.030877113342285156 12.940950393676757813 12.937284469604492188 13.074079513549804688 13.202451705932617188 13.394829750061035156 13.677199363708496094 13.938593864440917969 14.080410957336425781 14.107666015625 14.122954368591308594 13.987636566162109375 13.868172645568847656 13.902117729187011719 14.189779281616210938 14.476712226867675781 14.433589935302734375 14.414248466491699219 14.607082366943359375 14.789226531982421875 14.650769233703613281 14.370200157165527344 14.247476577758789063 14.307190895080566406 14.447518348693847656 14.61592864990234375 14.798155784606933594 14.945218086242675781
13.462045669555664063 13.535470962524414063 13.546483993530273438 13.530671119689941406 13.482113838195800781 13.406201362609863281 13.351782798767089844 13.38843536376953125 13.370024681091308594 13.284752845764160156 13.17182159423828125 13.056646347045898438 12.928110122680664063 12.901264190673828125 12.98493194580078125 13.151811599731445313 13.229822158813476563 13.398619651794433594 13.735930442810058594 14.003252029418945313 14.046884536743164063 13.961792945861816406 13.9195404052734375 13.933875083923339844 13.812211990356445313 13.765374183654785156 14.021544456481933594 14.328703880310058594 14.398477554321289063 14.428000450134277344 14.610878944396972656 14.732687950134277344 14.478456497192382813 14.208863258361816406 14.225002288818359375 14.382631301879882813 14.537759780883789063 14.650003433227539063 14.711992263793945313 14.794810295104980469
