MapLinkProApp/griddata/temperature/ASCII/cmems_mod_glo_phy-thetao_anfc_0,083deg_P1D-m_1702458667101_3597,0.asc
ncols        121
nrows        120
xllcorner    -30.041666666667
yllcorner    40.041666655981
cellsize     0.083333333333
NODATA_value  9.9692099683868690468e+36
[rows 0 to 16 of 120, columns 74 to 110 of 121]
2.2981660366058349609 2.3163254261016845703 2.3238770961761474609 2.3229115009307861328 2.3175570964813232422 2.3289079666137695313 2.3329498767852783203 2.3374030590057373047 2.3388223648071289063 2.3468449115753173828 2.3446509838104248047 2.3397190570831298828 2.3399188518524169922 2.3428936004638671875 2.3525714874267578125 9.9692099683868690468e+36 9.9692099683868690468e+36 9.9692099683868690468e+36 2.4302504062652587891 2.4257922172546386719 2.4761273860931396484 9.9692099683868690468e+36 9.9692099683868690468e+36 9.9692099683868690468e+36 9.9692099683868690468e+36 2.3887741565704345703 2.3749127388000488281 2.3472132682800292969 2.3467710018157958984 2.3192315101623535156 2.3465235233306884766 9.9692099683868690468e+36 9.9692099683868690468e+36 2.3219232559204101563 2.2911388874053955078 2.2468562126159667969 2.2365839481353759766
2.3260989189147949219 2.333469390869140625 2.3350880146026611328 2.3370797634124755859 2.3468017578125 2.3510520458221435547 2.3488588333129882813 2.3340594768524169922 2.3314990997314453125 2.3361971378326416016 2.3250215053558349609 2.3208127021789550781 2.3230750560760498047 2.3333437442779541016 2.3467757701873779297 2.3550283908843994141 2.3729267120361328125 2.3983163833618164063 2.4219059944152832031 2.4482645988464355469 2.4752180576324462891 2.49243927001953125 2.4785847663879394531 2.4740517139434814453 2.4165174961090087891 2.3697559833526611328 2.3477246761322021484 2.3341743946075439453 2.3246314525604248047 2.3098208904266357422 2.3076672554016113281 2.3165748119354248047 2.3009610176086425781 2.2849421501159667969 2.2548928260803222656 2.2397472858428955078 2.2604744434356689453
2.3374781608581542969 2.3348615169525146484 2.3483459949493408203 2.3684306144714355469 2.3742861747741699219 2.3624007701873779297 2.3556952476501464844 2.3406679630279541016 2.3428974151611328125 2.3624532222747802734 2.3700482845306396484 2.3803741931915283203 2.3659853935241699219 2.3520848751068115234 2.3548614978790283203 2.3632020950317382813 2.3744158744812011719 2.395565032958984375 2.4260697364807128906 2.4538934230804443359 2.4656538963317871094 2.4602000713348388672 2.4474797248840332031 2.4205713272094726563 2.3811354637145996094 2.3619480133056640625 2.3467457294464111328 2.3293464183807373047 2.3210923671722412109 2.3081827163696289063 2.2995226383209228516 2.3071527481079101563 2.2928183078765869141 2.2681972980499267578 2.2373411655426025391 2.2339575290679931641 2.2385544776916503906
2.3244585990905761719 2.3341002464294433594 2.3643209934234619141 2.3937287330627441406 2.424365997314453125 2.4269621372222900391 2.3911383152008056641 2.3614175319671630859 2.3475086688995361328 2.3611140251159667969 2.3636851310729980469 2.39328765869140625 2.3846745491027832031 2.3465337753295898438 2.3351433277130126953 2.3383665084838867188 2.3508114814758300781 2.3704769611358642578 2.3957936763763427734 2.4195735454559326172 2.4323565959930419922 2.4348912239074707031 2.4273424148559570313 2.4047484397888183594 2.3825697898864746094 2.369327545166015625 2.3628742694854736328 2.3433382511138916016 2.3103160858154296875 2.2915778160095214844 2.2810976505279541016 2.2830393314361572266 2.2655599117279052734 2.2446446418762207031 2.2290673255920410156 2.2212786674499511719 2.2295391559600830078
2.3262088298797607422 2.3351914882659912109 2.3413662910461425781 2.3564722537994384766 2.3994855880737304688 2.4328722953796386719 2.4256055355072021484 2.3867743015289306641 2.3646872043609619141 2.3526015281677246094 2.3397986888885498047 2.3772890567779541016 2.3594939708709716797 2.319881439208984375 2.3199610710144042969 2.3327348232269287109 2.3480937480926513672 2.3573136329650878906 2.3703486919403076172 2.3865857124328613281 2.3964092731475830078 2.3972978591918945313 2.384929656982421875 2.3661565780639648438 2.3560571670532226563 2.3480193614959716797 2.3408107757568359375 2.3150398731231689453 2.2804436683654785156 2.2588620185852050781 2.2630553245544433594 2.2534241676330566406 2.2393815517425537109 2.2346956729888916016 2.2323544025421142578 2.2235651016235351563 2.2261216640472412109
2.3728764057159423828 2.3593847751617431641 2.3471043109893798828 2.37911224365234375 2.4108800888061523438 2.4222476482391357422 2.4260880947113037109 2.3986489772796630859 2.3825385570526123047 2.3558549880981445313 2.3460056781768798828 2.3594260215759277344 2.35279083251953125 2.3071565628051757813 9.9692099683868690468e+36 2.3246171474456787109 2.3322644233703613281 2.336483001708984375 2.3442511558532714844 2.3541116714477539063 2.3568015098571777344 2.3490784168243408203 2.3349599838256835938 2.325778961181640625 2.3138239383697509766 2.2917501926422119141 2.2826335430145263672 2.2707171440124511719 2.2475543022155761719 2.2426650524139404297 2.2362141609191894531 2.2287523746490478516 2.2214231491088867188 2.2225525379180908203 2.2146024703979492188 2.2102098464965820313 2.2164249420166015625
2.3904802799224853516 2.3677463531494140625 2.3567762374877929688 2.3891179561614990234 2.401203155517578125 2.4134681224822998047 2.4064378738403320313 2.3804726600646972656 2.3593304157257080078 2.3354671001434326172 2.3443858623504638672 2.3517515659332275391 2.3235058784484863281 2.2896904945373535156 2.2904398441314697266 2.3029742240905761719 2.3079049587249755859 2.3095691204071044922 2.3194255828857421875 2.3229413032531738281 2.32021331787109375 2.3149805068969726563 2.307582855224609375 2.3018414974212646484 2.283397674560546875 2.2570850849151611328 2.2541561126708984375 2.2274599075317382813 2.1957423686981201172 2.2274880409240722656 2.2254559993743896484 2.2088513374328613281 2.1994748115539550781 2.2128345966339111328 2.2144675254821777344 2.2040553092956542969 2.2094886302947998047
2.4075520038604736328 2.3727459907531738281 2.3806476593017578125 2.4035933017730712891 2.3903496265411376953 2.3922777175903320313 2.3925061225891113281 2.3901469707489013672 2.3785009384155273438 2.3391144275665283203 2.3476922512054443359 2.3278841972351074219 2.2820644378662109375 2.2839000225067138672 2.2995638847351074219 2.3033723831176757813 2.2942759990692138672 2.2917618751525878906 2.2922320365905761719 2.2920703887939453125 2.2927238941192626953 2.2930774688720703125 2.2899050712585449219 2.2797238826751708984 2.2591605186462402344 2.2453298568725585938 9.9692099683868690468e+36 2.2117569446563720703 2.1903333663940429688 2.2164239883422851563 2.2285363674163818359 2.2035620212554931641 2.2075488567352294922 2.2075331211090087891 2.2203652858734130859 2.1997182369232177734 2.2182166576385498047
2.3945283889770507813 2.3629009723663330078 2.3794245719909667969 2.4079983234405517578 2.3944714069366455078 2.4014947414398193359 2.3798689842224121094 2.3965044021606445313 2.3761682510375976563 2.3255620002746582031 2.3484835624694824219 2.3183269500732421875 2.2673747539520263672 2.2749688625335693359 2.2929646968841552734 2.3085625171661376953 2.3127627372741699219 2.3116784095764160156 2.3034741878509521484 2.2936208248138427734 2.2818014621734619141 2.2728130817413330078 2.2672743797302246094 2.2584927082061767578 2.2410264015197753906 2.2173128128051757813 2.2007796764373779297 2.1934967041015625 2.2073338031768798828 2.2214081287384033203 2.2185637950897216797 2.2105846405029296875 2.2150225639343261719 2.2209165096282958984 2.216724395751953125 2.2230808734893798828 2.2414979934692382813
2.3853209018707275391 2.3856785297393798828 2.4059703350067138672 2.4353830814361572266 2.4271280765533447266 2.4089932441711425781 2.3688817024230957031 2.3875935077667236328 2.3529336452484130859 2.3112769126892089844 2.3486368656158447266 2.3251972198486328125 2.2720971107482910156 2.2592716217041015625 2.2741994857788085938 2.2884228229522705078 2.2995405197143554688 2.3089973926544189453 2.3102359771728515625 2.3028917312622070313 2.2886762619018554688 2.2727406024932861328 2.2629179954528808594 2.2579023838043212891 2.2457597255706787109 2.2252204418182373047 2.2129409313201904297 2.2182145118713378906 2.2393586635589599609 2.256145477294921875 2.2491505146026611328 2.2417824268341064453 2.2404353618621826172 2.2441315650939941406 2.2475743293762207031 2.2525198459625244141 2.2594845294952392578
2.4032988548278808594 2.403942108154296875 2.4074091911315917969 2.4243052005767822266 2.395244598388671875 2.3602581024169921875 2.3707020282745361328 2.3761005401611328125 2.3173327445983886719 2.287326812744140625 2.3252761363983154297 2.2989394664764404297 2.2690441608428955078 2.2539110183715820313 2.2540807723999023438 2.2652442455291748047 2.2695896625518798828 2.2744226455688476563 2.2793009281158447266 2.2727444171905517578 2.2623670101165771484 2.2540063858032226563 2.2493526935577392578 2.2495970726013183594 2.2467710971832275391 2.2363190650939941406 2.2282297611236572266 2.2304146289825439453 2.24092864990234375 2.2481284141540527344 2.2467229366302490234 2.2534906864166259766 2.2582943439483642578 2.2486872673034667969 2.244152069091796875 2.2467219829559326172 2.2533895969390869141
2.4030101299285888672 2.3970563411712646484 2.401638031005859375 2.4091019630432128906 2.3695461750030517578 2.3605933189392089844 2.3873128890991210938 2.3713600635528564453 2.3059172630310058594 2.2790300846099853516 2.2931818962097167969 2.2683665752410888672 2.2557952404022216797 2.2501983642578125 2.2532148361206054688 2.2647299766540527344 2.2623260021209716797 2.2649614810943603516 2.2721402645111083984 2.2604880332946777344 2.2507338523864746094 2.2467463016510009766 2.2421994209289550781 2.2400648593902587891 2.2398397922515869141 2.2376697063446044922 2.2362062931060791016 2.2369999885559082031 2.2364969253540039063 2.2364428043365478516 2.2447500228881835938 2.2757432460784912109 2.2643473148345947266 2.2582614421844482422 2.2409093379974365234 2.2404580116271972656 2.2456254959106445313
2.4027564525604248047 2.3929972648620605469 2.3995022773742675781 2.4047744274139404297 2.3694188594818115234 2.3468728065490722656 9.9692099683868690468e+36 9.9692099683868690468e+36 2.3105521202087402344 2.2839026451110839844 2.2921030521392822266 2.2843396663665771484 2.2796697616577148438 2.2692952156066894531 2.2653317451477050781 2.2611804008483886719 2.2628276348114013672 2.2685389518737792969 2.2674570083618164063 2.2539546489715576172 2.2446341514587402344 2.2381455898284912109 2.2346913814544677734 2.2347323894500732422 2.2388057708740234375 2.2394011020660400391 2.2384521961212158203 2.2407305240631103516 2.2367885112762451172 2.2372682094573974609 2.2613317966461181641 9.9692099683868690468e+36 2.2748405933380126953 2.2520241737365722656 2.2385742664337158203 2.2487764358520507813 2.2486865520477294922
2.4045963287353515625 2.4117121696472167969 2.4181752204895019531 2.4042437076568603516 2.3468239307403564453 2.3233363628387451172 2.3608429431915283203 2.327045440673828125 2.2831380367279052734 2.2707548141479492188 2.2752742767333984375 2.2699058055877685547 2.2729330062866210938 2.2681324481964111328 2.2595279216766357422 2.2586319446563720703 2.2634344100952148438 2.2706711292266845703 2.2581312656402587891 2.2472333908081054688 2.2388870716094970703 2.2323780059814453125 2.2320897579193115234 2.2429597377777099609 2.2495224475860595703 2.2463898658752441406 2.2436800003051757813 2.2457799911499023438 2.2489719390869140625 2.2492291927337646484 2.2444665431976318359 2.2407898902893066406 2.2416834831237792969 2.2444095611572265625 2.2477903366088867188 2.2527594566345214844 2.2528438568115234375
2.4030821323394775391 2.3718435764312744141 2.3416945934295654297 2.3417401313781738281 2.3239727020263671875 2.3015315532684326172 2.2911128997802734375 2.2823882102966308594 2.2721698284149169922 2.26659393310546875 2.2563741207122802734 2.2538514137268066406 2.2569549083709716797 2.2545254230499267578 2.2513887882232666016 2.2589066028594970703 2.2601978778839111328 2.2537083625793457031 2.253326416015625 2.25705718994140625 2.2599666118621826172 2.2598891258239746094 2.2585201263427734375 2.2599012851715087891 2.2591767311096191406 2.2521083354949951172 2.2494485378265380859 2.2561466693878173828 2.2593102455139160156 2.2534060478210449219 2.2508678436279296875 2.2509796619415283203 2.2408051490783691406 2.2422015666961669922 2.2470324039459228516 2.2595880031585693359 2.2645337581634521484
2.3875148296356201172 2.3404471874237060547 2.3191568851470947266 2.3291008472442626953 2.304569244384765625 2.2704682350158691406 2.2524244785308837891 2.2463855743408203125 2.2455198764801025391 2.2424504756927490234 2.2439653873443603516 2.2575094699859619141 2.2598769664764404297 2.2590551376342773438 2.26242828369140625 2.2640004158020019531 2.2652027606964111328 2.2647383213043212891 2.2664356231689453125 2.2798032760620117188 2.2907147407531738281 2.2915737628936767578 2.2869789600372314453 2.2880830764770507813 2.2930340766906738281 2.2825944423675537109 2.263118743896484375 2.2570385932922363281 2.2612261772155761719 2.2646982669830322266 2.2703661918640136719 2.2704749107360839844 2.2589197158813476563 2.2558522224426269531 2.2663068771362304688 2.2829191684722900391 2.2897040843963623047
9.9692099683868690468e+36 2.3147685527801513672 2.2620191574096679688 2.2498385906219482422 2.2587747573852539063 2.2564024925231933594 2.2640638351440429688 2.2628986835479736328 2.2531538009643554688 2.2387266159057617188 2.2490613460540771484 2.2668323516845703125 2.2661583423614501953 2.2646543979644775391 2.2648777961730957031 2.26155853271484375 2.2668917179107666016 2.2710506916046142578 2.2769923210144042969 2.2786760330200195313 2.2895226478576660156 2.2939076423645019531 2.2904098033905029297 2.2855365276336669922 2.2906193733215332031 2.3018782138824462891 2.2841012477874755859 2.2718410491943359375 2.2783107757568359375 2.2835047245025634766 2.2830491065979003906 2.2755703926086425781 2.2727487087249755859 2.2705585956573486328 2.2805430889129638672 2.2871327400207519531 2.29443359375
