MapLinkProApp/griddata/temperature/ASCII/cmems_mod_glo_phy-thetao_anfc_0,083deg_P1D-m_1702458667101_2865,7.asc
ncols        121
nrows        120
xllcorner    -30.041666666667
yllcorner    40.041666655981
cellsize     0.083333333333
NODATA_value  9.9692099683868690468e+36
[rows 0 to 16 of 120, columns 78 to 116 of 121]
2.8641123771667480469 2.8829181194305419922 2.8931100368499755859 2.9043238162994384766 2.8945155143737792969 2.8787035942077636719 2.8584811687469482422 2.8485929965972900391 2.8509519100189208984 2.8636074066162109375 2.8859431743621826172 2.9074769020080566406 2.9304444789886474609 2.9593918323516845703 2.9883322715759277344 3.0088479518890380859 3.0125589370727539063 3.0046963691711425781 3.0154590606689453125 3.0192263126373291016 3.0143461227416992188 3.0088441371917724609 2.9901394844055175781 2.9458322525024414063 2.8857021331787109375 2.8377590179443359375 2.7885279655456542969 2.72835540771484375 2.6722962856292724609 2.6328575611114501953 2.6152236461639404297 2.613849639892578125 2.6229717731475830078 2.6323254108428955078 2.6422681808471679688 2.6348423957824707031 2.6126413345336914063 2.5936930179595947266 2.5853407382965087891
2.8889586925506591797 2.9032094478607177734 2.9107613563537597656 2.9084606170654296875 2.8934297561645507813 2.8813412189483642578 2.8652939796447753906 2.8620402812957763672 2.8653426170349121094 2.8743884563446044922 2.8833069801330566406 2.891590118408203125 2.9197194576263427734 2.9618229866027832031 2.9953424930572509766 3.0184121131896972656 3.0338680744171142578 3.0395705699920654297 3.0459690093994140625 3.0401999950408935547 3.0254375934600830078 3.0089597702026367188 2.9726924896240234375 2.9204196929931640625 2.8689489364624023438 2.82794952392578125 2.7786307334899902344 2.7375788688659667969 2.6952288150787353516 2.6663434505462646484 2.6482479572296142578 2.6536993980407714844 2.6660373210906982422 2.6761262416839599609 2.6786496639251708984 2.684642791748046875 2.6819396018981933594 2.6665768623352050781 2.6468152999877929688
2.9261500835418701172 2.9355533123016357422 2.9324247837066650391 2.9179818630218505859 2.9008941650390625 2.8895838260650634766 2.8788650035858154297 2.8726902008056640625 2.8659844398498535156 2.8805501461029052734 2.8868057727813720703 2.8875722885131835938 2.9074504375457763672 2.9399809837341308594 2.9742476940155029297 3.0089375972747802734 3.0338628292083740234 3.0407826900482177734 3.034717559814453125 3.0249042510986328125 3.0113611221313476563 2.9899117946624755859 2.9469785690307617188 2.8940491676330566406 2.8409373760223388672 2.8065454959869384766 2.7681787014007568359 2.7221510410308837891 2.697681427001953125 2.6981966495513916016 2.6904804706573486328 2.6956477165222167969 2.7046058177947998047 2.7034008502960205078 2.7086720466613769531 2.7258250713348388672 2.7372753620147705078 2.737094879150390625 2.721881866455078125
2.9531280994415283203 2.9620356559753417969 2.9441335201263427734 2.9201719760894775391 2.8899533748626708984 2.8708255290985107422 2.8614060878753662109 2.8604423999786376953 2.8509421348571777344 2.8562693595886230469 2.858463287353515625 2.8652663230895996094 2.8886837959289550781 2.9161078929901123047 2.9421787261962890625 2.9690041542053222656 2.9901604652404785156 2.9996421337127685547 2.996761322021484375 2.9812357425689697266 2.9554588794708251953 2.9157059192657470703 2.8698976039886474609 2.8242809772491455078 2.7774846553802490234 2.7413611412048339844 2.7080643177032470703 2.6946227550506591797 2.6982421875 2.7000179290771484375 2.6896038055419921875 2.6883478164672851563 2.6989378929138183594 2.7123072147369384766 2.7350373268127441406 2.7564191818237304688 2.7714226245880126953 2.7826929092407226563 2.7845628261566162109
2.9445965290069580078 2.9577028751373291016 2.9407935142517089844 2.91263580322265625 2.8750774860382080078 2.8467278480529785156 2.8396587371826171875 2.8505046367645263672 2.83824920654296875 2.8264756202697753906 2.8214263916015625 2.8309099674224853516 2.8557064533233642578 2.8795154094696044922 2.9003272056579589844 2.9165585041046142578 2.9274382591247558594 2.9335048198699951172 2.9256103038787841797 2.9028937816619873047 2.8708415031433105469 2.8395090103149414063 2.8188836574554443359 2.7870738506317138672 2.7483673095703125 2.7068727016448974609 2.6884205341339111328 2.6859514713287353516 2.6816861629486083984 2.67006683349609375 2.6547865867614746094 2.6502659320831298828 2.6692795753479003906 2.7038462162017822266 2.7408604621887207031 2.7700958251953125 2.7939078807830810547 2.819370269775390625 2.8419804573059082031
2.9270238876342773438 2.9374878406524658203 2.9175832271575927734 2.8830885887145996094 2.8396751880645751953 2.8133742809295654297 2.8144807815551757813 2.8203380107879638672 2.8154203891754150391 2.7913510799407958984 2.7786893844604492188 2.7934594154357910156 2.8204553127288818359 2.8377490043640136719 2.8492553234100341797 2.8577249050140380859 2.8655817508697509766 2.8684704303741455078 2.8562598228454589844 2.8336176872253417969 2.8055751323699951172 2.7828395366668701172 2.7662160396575927734 2.740062713623046875 2.7008368968963623047 2.6673219203948974609 2.6621878147125244141 2.6664075851440429688 2.6608862876892089844 2.6479220390319824219 2.6326198577880859375 2.6304602622985839844 2.6592154502868652344 2.7025249004364013672 2.7454810142517089844 2.7815356254577636719 2.8069999217987060547 2.8305819034576416016 2.8546566963195800781
2.9255506992340087891 2.9300920963287353516 2.9004771709442138672 2.8555316925048828125 2.8129646778106689453 2.7983121871948242188 2.7996644973754882813 2.8013148307800292969 2.7877702713012695313 2.7617144584655761719 2.7515716552734375 2.7692186832427978516 2.7941961288452148438 2.8060314655303955078 2.8118271827697753906 2.8126788139343261719 2.8126006126403808594 2.8054039478302001953 2.7842023372650146484 2.7578527927398681641 2.7265050411224365234 2.6930751800537109375 2.6680111885070800781 2.6439416408538818359 2.6118922233581542969 2.5909953117370605469 2.5938749313354492188 2.6014666557312011719 2.6106586456298828125 2.6036510467529296875 2.6015703678131103516 2.6152131557464599609 2.6471424102783203125 2.69597625732421875 2.7467193603515625 2.7844331264495849609 2.8164060115814208984 2.8436272144317626953 2.8690555095672607422
2.9331429004669189453 2.9228217601776123047 2.8928890228271484375 2.8533818721771240234 2.8260200023651123047 2.7941572666168212891 2.7813510894775390625 2.775402069091796875 2.7573571205139160156 2.7374355792999267578 2.7289438247680664063 2.7444593906402587891 2.7648308277130126953 2.7737457752227783203 2.7729432582855224609 2.7712736129760742188 2.7637169361114501953 2.7446055412292480469 2.7216138839721679688 2.6964521408081054688 2.6598961353302001953 2.6232178211212158203 2.5991199016571044922 2.5788137912750244141 2.5562305450439453125 2.5438065528869628906 2.5478446483612060547 2.5608997344970703125 2.5819096565246582031 2.5832145214080810547 2.5910935401916503906 2.6128396987915039063 2.6530106067657470703 2.7067277431488037109 2.7580022811889648438 2.7961010932922363281 2.8285264968872070313 2.8574993610382080078 2.8780829906463623047
2.9436426162719726563 2.9335439205169677734 2.9005799293518066406 2.860683441162109375 2.8309130668640136719 2.7957558631896972656 2.7672448158264160156 2.7533631324768066406 2.7419147491455078125 2.7363569736480712891 2.7153685092926025391 2.715679168701171875 2.7265419960021972656 2.7307481765747070313 2.7265367507934570313 2.7190172672271728516 2.7025010585784912109 2.6807870864868164063 2.6558911800384521484 2.6228871345520019531 2.5863695144653320313 2.5574681758880615234 2.5390415191650390625 2.5284020900726318359 2.5265665054321289063 2.5371053218841552734 2.5618884563446044922 2.5865225791931152344 2.61217498779296875 2.6246778964996337891 2.6209897994995117188 2.6294753551483154297 2.6631953716278076172 2.7075917720794677734 2.7511122226715087891 2.7873897552490234375 2.8184082508087158203 2.8515934944152832031 2.8754925727844238281
2.9546835422515869141 2.948017120361328125 2.9030821323394775391 2.8549082279205322266 2.8085169792175292969 2.7683277130126953125 2.7291986942291259766 2.7331454753875732422 2.7392191886901855469 2.7441384792327880859 2.7288057804107666016 2.7073247432708740234 2.6961734294891357422 2.6941926479339599609 2.6859686374664306641 2.6745398044586181641 2.6591436862945556641 2.6428394317626953125 2.6204178333282470703 2.5899913311004638672 2.5656447410583496094 2.5548648834228515625 2.5485363006591796875 2.5455114841461181641 2.5537049770355224609 2.572658538818359375 2.5900070667266845703 2.601680755615234375 2.6171898841857910156 2.6419813632965087891 2.650875091552734375 2.6502702236175537109 2.6655733585357666016 2.6977517604827880859 2.7359311580657958984 2.7653727531433105469 2.7957584857940673828 2.8273568153381347656 2.8556210994720458984
2.9620566368103027344 2.9336538314819335938 2.8734209537506103516 2.8244037628173828125 2.7773458957672119141 2.7346577644348144531 2.7020223140716552734 2.7076861858367919922 2.7331814765930175781 2.73395538330078125 2.7270617485046386719 2.7185332775115966797 2.7090435028076171875 2.6972720623016357422 2.6783437728881835938 2.6569409370422363281 2.6389484405517578125 2.6236131191253662109 2.6051681041717529297 2.5784997940063476563 2.5562851428985595703 2.5513849258422851563 2.5551509857177734375 2.559902191162109375 2.5679612159729003906 2.5849409103393554688 2.6120784282684326172 2.6331522464752197266 2.6376683712005615234 2.640918731689453125 2.6540584564208984375 2.6525034904479980469 2.6613612174987792969 2.6913824081420898438 2.725643157958984375 2.7568910121917724609 2.7876589298248291016 2.8176543712615966797 2.8355426788330078125
2.9426889419555664063 2.8927826881408691406 2.8293263912200927734 2.8007314205169677734 2.7644197940826416016 2.7479243278503417969 2.7332580089569091797 2.7265477180480957031 2.7382514476776123047 2.7322421073913574219 2.7216711044311523438 2.7079553604125976563 2.6979241371154785156 2.693439483642578125 2.6788082122802734375 2.6580450534820556641 2.6351535320281982422 2.6142554283142089844 2.5976369380950927734 2.5781106948852539063 2.5579319000244140625 2.5505888462066650391 2.5574717521667480469 2.5672826766967773438 2.5788888931274414063 2.5979721546173095703 2.6206791400909423828 2.6482090950012207031 2.6621148586273193359 2.6627683639526367188 2.6583509445190429688 2.6470522880554199219 2.6544134616851806641 2.6872904300689697266 2.7235565185546875 2.7601337432861328125 2.7839825153350830078 2.8035984039306640625 2.8135724067687988281
2.8906841278076171875 2.8169879913330078125 2.7744638919830322266 2.7631924152374267578 2.7365627288818359375 2.7344143390655517578 2.7268629074096679688 2.7248835563659667969 2.7356824874877929688 2.7333285808563232422 2.7290990352630615234 2.7151389122009277344 2.7048869132995605469 2.7025477886199951172 2.6851761341094970703 2.6524658203125 2.6329674720764160156 2.6230511665344238281 2.6092407703399658203 2.5855283737182617188 2.5671987533569335938 2.5658237934112548828 2.5723595619201660156 2.5776250362396240234 2.5883829593658447266 2.6094825267791748047 2.6254458427429199219 2.636852264404296875 2.6521980762481689453 2.6607477664947509766 2.6530225276947021484 2.6375298500061035156 2.6572980880737304688 2.6920115947723388672 2.7377068996429443359 2.7802777290344238281 2.7990701198577880859 2.8009219169616699219 2.795955657958984375
2.8257625102996826172 2.7621917724609375 2.7370641231536865234 2.7359919548034667969 2.7264573574066162109 2.7163827419281005859 2.7039470672607421875 2.7017197608947753906 2.7145528793334960938 2.7107508182525634766 2.7097859382629394531 2.6983382701873779297 2.6761069297790527344 2.6756167411804199219 2.6691904067993164063 2.6697344779968261719 2.6744127273559570313 2.6806027889251708984 2.6773126125335693359 2.6513330936431884766 2.6220695972442626953 2.6108548641204833984 2.6107518672943115234 2.6136305332183837891 2.6230144500732421875 2.6356897354125976563 2.6467463970184326172 2.6499860286712646484 2.6498203277587890625 2.6465485095977783203 2.6403701305389404297 2.6438047885894775391 2.6697793006896972656 2.7092266082763671875 2.7432303428649902344 2.7856287956237792969 2.8188495635986328125 2.8196849822998046875 2.8011040687561035156
2.7623577117919921875 2.7300384044647216797 2.7107083797454833984 2.7049884796142578125 2.6864278316497802734 2.6858420372009277344 2.6862294673919677734 2.6826848983764648438 2.6846103668212890625 2.6869032382965087891 2.6940295696258544922 2.689167022705078125 2.6866371631622314453 2.6858463287353515625 2.6915593147277832031 2.6994812488555908203 2.6986076831817626953 2.7015354633331298828 2.7011454105377197266 2.6802608966827392578 2.660053253173828125 2.650173187255859375 2.6438968181610107422 2.6452219486236572266 2.6537370681762695313 2.6556332111358642578 2.6518290042877197266 2.6518223285675048828 2.6492674350738525391 2.6457691192626953125 2.6402976512908935547 2.6523544788360595703 2.6802096366882324219 2.7087926864624023438 2.7399723529815673828 2.7880122661590576172 2.8296425342559814453 2.8343884944915771484 2.8165602684020996094
2.7169508934020996094 2.7031872272491455078 2.6839580535888671875 2.6699862480163574219 2.6543881893157958984 2.6577847003936767578 2.6628689765930175781 2.6669046878814697266 2.6802604198455810547 2.6900675296783447266 2.6955585479736328125 2.6994404792785644531 2.7010579109191894531 2.7030935287475585938 2.7069211006164550781 2.7133285999298095703 2.7139554023742675781 2.7129466533660888672 2.7111637592315673828 2.7059209346771240234 2.6959238052368164063 2.6815848350524902344 2.6665143966674804688 2.6635913848876953125 2.6753633022308349609 2.6845004558563232422 2.6811099052429199219 2.6766119003295898438 2.6772050857543945313 2.6751861572265625 2.6752066612243652344 2.690776824951171875 2.7101573944091796875 2.7339072227478027344 2.7745046615600585938 2.8191514015197753906 2.8449394702911376953 2.8406112194061279297 2.8112187385559082031
2.6985921859741210938 2.6878583431243896484 2.6841731071472167969 2.6729955673217773438 2.6546139717102050781 2.6493675708770751953 2.6699399948120117188 2.6891663074493408203 2.7065601348876953125 2.7145297527313232422 2.7172520160675048828 2.7185118198394775391 2.7189409732818603516 2.7154901027679443359 2.7255706787109375 2.7337183952331542969 2.7316601276397705078 2.7248148918151855469 2.7165102958679199219 2.7108347415924072266 2.7090027332305908203 2.7044959068298339844 2.6961233615875244141 2.6985721588134765625 2.7046415805816650391 2.7057917118072509766 2.7058315277099609375 2.7055366039276123047 2.7083814144134521484 2.7042622566223144531 2.7100436687469482422 2.7215237617492675781 2.7397918701171875 2.7749533653259277344 2.8162980079650878906 2.8453962802886962891 2.8444240093231201172 2.8217725753784179688 2.7861301898956298828
