MapLinkProApp/griddata/temperature/ASCII/cmems_mod_glo_phy-thetao_anfc_0,083deg_P1D-m_1702458667101_763,3.asc
ncols        121
nrows        120
xllcorner    -30.041666666667
yllcorner    40.041666655981
cellsize     0.083333333333
NODATA_value  9.9692099683868690468e+36
[rows 54 to 71 of 120, columns 0 to 39 of 121]
7.6644725799560546875 7.9915289878845214844 8.4124402999877929688 8.7972879409790039063 9.1096591949462890625 9.3780870437622070313 9.6065578460693359375 9.8027944564819335938 9.9628391265869140625 10.140895843505859375 10.307430267333984375 10.421748161315917969 10.468398094177246094 10.429203987121582031 10.362720489501953125 10.303232192993164063 10.213313102722167969 10.096982955932617188 9.9633626937866210938 9.845638275146484375 9.7638139724731445313 9.718353271484375 9.6476068496704101563 9.5432758331298828125 9.38306427001953125 9.23018646240234375 9.1014919281005859375 8.868228912353515625 8.5730867385864257813 8.2299985885620117188 7.9211978912353515625 7.7017693519592285156 7.5224375724792480469 7.4236378669738769531 7.3731608390808105469 7.3858637809753417969 7.4048032760620117188 7.4277930259704589844 7.4692273139953613281 7.4739942550659179688
7.633892059326171875 7.8572530746459960938 8.2608652114868164063 8.6946210861206054688 9.0615034103393554688 9.3836984634399414063 9.6609487533569335938 9.8676357269287109375 10.007220268249511719 10.187147140502929688 10.373147010803222656 10.501774787902832031 10.5624847412109375 10.562283515930175781 10.505778312683105469 10.413886070251464844 10.283061027526855469 10.167781829833984375 10.062312126159667969 9.9649896621704101563 9.9220895767211914063 9.8723478317260742188 9.8463411331176757813 9.64528656005859375 9.4456834793090820313 9.2583293914794921875 8.9970674514770507813 8.6664361953735351563 8.3388624191284179688 8.0454664230346679688 7.8150467872619628906 7.6049590110778808594 7.4474425315856933594 7.3919858932495117188 7.4294195175170898438 7.4598956108093261719 7.4914488792419433594 7.5040493011474609375 7.5013537406921386719 7.5008883476257324219
7.6106920242309570313 7.7815332412719726563 8.1625699996948242188 8.6019725799560546875 8.9858551025390625 9.3462228775024414063 9.6663227081298828125 9.9007520675659179688 10.034320831298828125 10.177952766418457031 10.361265182495117188 10.525547027587890625 10.603517532348632813 10.621291160583496094 10.5657501220703125 10.459624290466308594 10.369105339050292969 10.290522575378417969 10.162195205688476563 10.076715469360351563 10.013216972351074219 9.9245367050170898438 9.7679166793823242188 9.5497827529907226563 9.3216962814331054688 9.08945465087890625 8.7433595657348632813 8.4018545150756835938 8.1194105148315429688 7.8862972259521484375 7.668392181396484375 7.5009407997131347656 7.4376997947692871094 7.4690885543823242188 7.5350003242492675781 7.5794887542724609375 7.5922946929931640625 7.5632910728454589844 7.5220971107482910156 7.5052728652954101563
7.545833587646484375 7.6784844398498535156 8.0384340286254882813 8.488674163818359375 8.8896112442016601563 9.2630357742309570313 9.6279668807983398438 9.9096708297729492188 10.056933403015136719 10.144436836242675781 10.272314071655273438 10.394165992736816406 10.494076728820800781 10.512669563293457031 10.469999313354492188 10.423173904418945313 10.408415794372558594 10.363375663757324219 10.194021224975585938 10.112478256225585938 9.9997663497924804688 9.7553558349609375 9.4642076492309570313 9.202251434326171875 8.9360570907592773438 8.6441860198974609375 8.2949848175048828125 8.012603759765625 7.8344645500183105469 7.6926836967468261719 7.5628819465637207031 7.5085377693176269531 7.54193878173828125 7.6071085929870605469 7.6969428062438964844 7.7227602005004882813 7.6885437965393066406 7.6127161979675292969 7.5487751960754394531 7.5285425186157226563
7.4697117805480957031 7.5938277244567871094 7.9331312179565429688 8.377834320068359375 8.8013448715209960938 9.1813259124755859375 9.5419607162475585938 9.8518629074096679688 10.047762870788574219 10.124245643615722656 10.192293167114257813 10.274366378784179688 10.348352432250976563 10.372816085815429688 10.347116470336914063 10.338229179382324219 10.368268013000488281 10.329492568969726563 10.146929740905761719 10.032019615173339844 9.8163805007934570313 9.44237518310546875 9.1494016647338867188 8.8495235443115234375 8.5390071868896484375 8.2132673263549804688 7.9140820503234863281 7.7253041267395019531 7.6249408721923828125 7.5587682723999023438 7.5159173011779785156 7.5437479019165039063 7.5904889106750488281 7.6834239959716796875 7.7550454139709472656 7.7356247901916503906 7.6792993545532226563 7.6113691329956054688 7.5573701858520507813 7.54169464111328125
7.3868570327758789063 7.5204195976257324219 7.8382520675659179688 8.2493877410888671875 8.6802225112915039063 9.0843133926391601563 9.4499979019165039063 9.742496490478515625 9.9458599090576171875 10.043287277221679688 10.086019515991210938 10.11124420166015625 10.150518417358398438 10.178235054016113281 10.155451774597167969 10.169125556945800781 10.198482513427734375 10.134644508361816406 9.9318590164184570313 9.7324981689453125 9.4386129379272460938 9.0615520477294921875 8.7759218215942382813 8.4738359451293945313 8.1506395339965820313 7.8622422218322753906 7.6592106819152832031 7.5346364974975585938 7.4851121902465820313 7.4847240447998046875 7.5305047035217285156 7.6172170639038085938 7.6657271385192871094 7.7559733390808105469 7.8062958717346191406 7.7823133468627929688 7.7023406028747558594 7.6209053993225097656 7.5752878189086914063 7.5622754096984863281
7.3079929351806640625 7.4718828201293945313 7.7476067543029785156 8.0767335891723632813 8.467533111572265625 8.8815793991088867188 9.2821016311645507813 9.6056976318359375 9.8199453353881835938 9.942718505859375 9.9894971847534179688 10.003290176391601563 9.971996307373046875 9.9503240585327148438 9.940959930419921875 9.9346342086791992188 9.9852933883666992188 9.9344434738159179688 9.7422885894775390625 9.4585371017456054688 9.05805206298828125 8.5947437286376953125 8.3022146224975585938 8.0596818923950195313 7.8455195426940917969 7.6710338592529296875 7.5503191947937011719 7.4601068496704101563 7.4132261276245117188 7.4341454505920410156 7.5381746292114257813 7.6558461189270019531 7.74395751953125 7.8275909423828125 7.9004201889038085938 7.8834109306335449219 7.81414031982421875 7.7432036399841308594 7.6754636764526367188 7.645343780517578125
7.2920503616333007813 7.4755992889404296875 7.7002902030944824219 7.9640660285949707031 8.312084197998046875 8.6887979507446289063 9.0868654251098632813 9.4548635482788085938 9.6957950592041015625 9.8419542312622070313 9.9014482498168945313 9.9247951507568359375 9.9006319046020507813 9.8332462310791015625 9.776912689208984375 9.7391824722290039063 9.7720699310302734375 9.741779327392578125 9.5404100418090820313 9.2134237289428710938 8.7931842803955078125 8.309482574462890625 8.0281267166137695313 7.8360438346862792969 7.692836761474609375 7.6096558570861816406 7.5647287368774414063 7.4955148696899414063 7.4486184120178222656 7.4671335220336914063 7.6022777557373046875 7.7020859718322753906 7.7940535545349121094 7.8505320549011230469 7.8957118988037109375 7.8944382667541503906 7.8618559837341308594 7.8168697357177734375 7.8090510368347167969 7.8169760704040527344
7.337497711181640625 7.4923586845397949219 7.6295747756958007813 7.8364157676696777344 8.1590852737426757813 8.5265865325927734375 8.88419342041015625 9.2439708709716796875 9.5519247055053710938 9.7155923843383789063 9.7718133926391601563 9.7816572189331054688 9.7515516281127929688 9.7194719314575195313 9.64275360107421875 9.56363677978515625 9.5427255630493164063 9.534030914306640625 9.3840761184692382813 9.0679006576538085938 8.657558441162109375 8.2018156051635742188 7.8731937408447265625 7.6777887344360351563 7.5647263526916503906 7.5256257057189941406 7.5125880241394042969 7.5222320556640625 7.5391435623168945313 7.5631647109985351563 7.6411895751953125 7.7007021903991699219 7.7970447540283203125 7.8519930839538574219 7.8792910575866699219 7.8743000030517578125 7.8706383705139160156 7.8482341766357421875 7.8767137527465820313 7.9430932998657226563
7.4124503135681152344 7.5249738693237304688 7.5918178558349609375 7.7244248390197753906 7.9792609214782714844 8.3181943893432617188 8.6511240005493164063 8.99120330810546875 9.35157012939453125 9.6008958816528320313 9.7062807083129882813 9.6995067596435546875 9.6067714691162109375 9.5163259506225585938 9.4409265518188476563 9.3596582412719726563 9.3180294036865234375 9.3277807235717773438 9.2572450637817382813 8.9904451370239257813 8.631198883056640625 8.1948518753051757813 7.8402147293090820313 7.6307268142700195313 7.522258758544921875 7.4539499282836914063 7.4181685447692871094 7.4637541770935058594 7.5598955154418945313 7.6560497283935546875 7.7067437171936035156 7.7176632881164550781 7.7216134071350097656 7.721240997314453125 7.7745261192321777344 7.7626180648803710938 7.7720932960510253906 7.8028697967529296875 7.8605656623840332031 7.9615812301635742188
7.4962644577026367188 7.5899834632873535156 7.6170701980590820313 7.6789712905883789063 7.8808565139770507813 8.197521209716796875 8.5017709732055664063 8.7900075912475585938 9.1721296310424804688 9.478244781494140625 9.659149169921875 9.680881500244140625 9.60323333740234375 9.4359674453735351563 9.3063106536865234375 9.2023305892944335938 9.1320772171020507813 9.1060342788696289063 9.0641279220581054688 8.8837366104125976563 8.5983591079711914063 8.2294750213623046875 7.9060573577880859375 7.6789288520812988281 7.5264406204223632813 7.4638018608093261719 7.4638400077819824219 7.4915218353271484375 7.5183191299438476563 7.6460847854614257813 7.7523560523986816406 7.7637872695922851563 7.7095980644226074219 7.6392188072204589844 7.631580352783203125 7.6243906021118164063 7.6364607810974121094 7.7012572288513183594 7.8112268447875976563 7.9650454521179199219
7.6771140098571777344 7.7938060760498046875 7.771358489990234375 7.6969237327575683594 7.7959246635437011719 8.1040925979614257813 8.3992338180541992188 8.6172952651977539063 8.928554534912109375 9.2592306137084960938 9.506053924560546875 9.5948877334594726563 9.5637683868408203125 9.4320011138916015625 9.2605943679809570313 9.1470937728881835938 9.0414037704467773438 8.9721527099609375 8.927196502685546875 8.7958841323852539063 8.5725450515747070313 8.280120849609375 7.9892597198486328125 7.7717499732971191406 7.6236338615417480469 7.5702157020568847656 7.6275553703308105469 7.7017908096313476563 7.6838030815124511719 7.7156896591186523438 7.7803325653076171875 7.7989511489868164063 7.7639422416687011719 7.6982188224792480469 7.647304534912109375 7.6268191337585449219 7.6728930473327636719 7.7968564033508300781 7.96936798095703125 8.1617021560668945313
7.9308056831359863281 8.0458440780639648438 7.9640097618103027344 7.7572102546691894531 7.7449979782104492188 8.0478391647338867188 8.3694400787353515625 8.5489253997802734375 8.7560214996337890625 9.0286350250244140625 9.2646837234497070313 9.4292306900024414063 9.4776773452758789063 9.3972196578979492188 9.235584259033203125 9.1197843551635742188 9.0365362167358398438 8.981357574462890625 8.8809175491333007813 8.7380971908569335938 8.5423145294189453125 8.340061187744140625 8.0898828506469726563 7.8679156303405761719 7.7987952232360839844 7.8427934646606445313 7.8747239112854003906 7.9771065711975097656 8.01812744140625 8.0110044479370117188 8.0381975173950195313 8.0284261703491210938 7.94443511962890625 7.8976526260375976563 7.8586578369140625 7.8049335479736328125 7.8346695899963378906 7.9983148574829101563 8.1816358566284179688 8.3234453201293945313
7.9982409477233886719 8.0615434646606445313 7.9608092308044433594 7.7431130409240722656 7.693401336669921875 7.9990110397338867188 8.3596086502075195313 8.5362606048583984375 8.685077667236328125 8.9293298721313476563 9.0998373031616210938 9.2354803085327148438 9.33672332763671875 9.348316192626953125 9.2290430068969726563 9.1076374053955078125 9.0448703765869140625 8.9840726852416992188 8.8654127120971679688 8.7147951126098632813 8.5515298843383789063 8.3472127914428710938 8.1464738845825195313 8.1011571884155273438 8.1684284210205078125 8.15702056884765625 8.1469202041625976563 8.1564741134643554688 8.2365818023681640625 8.266613006591796875 8.255344390869140625 8.277423858642578125 8.1977605819702148438 8.0837202072143554688 8.0733127593994140625 8.0325374603271484375 7.9978895187377929688 8.1138458251953125 8.2790384292602539063 8.3925771713256835938
7.7256994247436523438 7.7163090705871582031 7.6499171257019042969 7.548046112060546875 7.5820784568786621094 7.9183259010314941406 8.3305559158325195313 8.5425891876220703125 8.654285430908203125 8.8113880157470703125 8.9515218734741210938 9.0075044631958007813 9.0640392303466796875 9.1346731185913085938 9.1341705322265625 9.0416097640991210938 8.976192474365234375 8.9180908203125 8.7872772216796875 8.6568765640258789063 8.5398101806640625 8.4246454238891601563 8.4424028396606445313 8.5192661285400390625 8.4658451080322265625 8.3599300384521484375 8.3124980926513671875 8.2993907928466796875 8.3288354873657226563 8.3607759475708007813 8.3833951950073242188 8.3815717697143554688 8.3659839630126953125 8.3202533721923828125 8.3187570571899414063 8.3257350921630859375 8.3021364212036132813 8.3267278671264648438 8.4011974334716796875 8.4603090286254882813
7.3449859619140625 7.3238892555236816406 7.2666773796081542969 7.2675738334655761719 7.4392642974853515625 7.8454294204711914063 8.2781133651733398438 8.5095109939575195313 8.614803314208984375 8.6960477828979492188 8.8500614166259765625 8.9247884750366210938 8.9277830123901367188 8.9441328048706054688 9.0013713836669921875 9.0124368667602539063 8.95298004150390625 8.8596067428588867188 8.752197265625 8.650402069091796875 8.5902528762817382813 8.5985851287841796875 8.6347332000732421875 8.640079498291015625 8.5971355438232421875 8.5320959091186523438 8.4509029388427734375 8.3716535568237304688 8.3369464874267578125 8.3437032699584960938 8.369792938232421875 8.3957271575927734375 8.3780364990234375 8.3896932601928710938 8.454975128173828125 8.5465936660766601563 8.623626708984375 8.6586656570434570313 8.6860799789428710938 8.6851663589477539063
7.2774462699890136719 7.2231574058532714844 7.1444611549377441406 7.1509938240051269531 7.3543791770935058594 7.7511363029479980469 8.1592254638671875 8.421779632568359375 8.5798797607421875 8.6437654495239257813 8.718658447265625 8.852142333984375 8.9159450531005859375 8.9426469802856445313 8.9883680343627929688 8.9851884841918945313 8.9585485458374023438 8.9177007675170898438 8.8400936126708984375 8.7422332763671875 8.6751279830932617188 8.6785860061645507813 8.6593370437622070313 8.67418670654296875 8.6439037322998046875 8.6017770767211914063 8.5314388275146484375 8.37621307373046875 8.302639007568359375 8.3170185089111328125 8.3658895492553710938 8.41484832763671875 8.4061956405639648438 8.3943166732788085938 8.463024139404296875 8.595355987548828125 8.740482330322265625 8.8379468917846679688 8.9017953872680664063 8.9293212890625
7.2647280693054199219 7.2872476577758789063 7.2730741500854492188 7.2594199180603027344 7.3226175308227539063 7.5341014862060546875 7.823150634765625 8.1029605865478515625 8.3490324020385742188 8.5425977706909179688 8.6832256317138671875 8.812305450439453125 8.9259233474731445313 8.9695262908935546875 8.9976291656494140625 9.0679903030395507813 9.088916778564453125 9.0609035491943359375 8.9854860305786132813 8.8960199356079101563 8.8553781509399414063 8.7897768020629882813 8.7450275421142578125 8.723957061767578125 8.6632661819458007813 8.63286590576171875 8.4847822189331054688 8.28857421875 8.1952953338623046875 8.2171983718872070313 8.2788667678833007813 8.3444967269897460938 8.4012508392333984375 8.4233350753784179688 8.4637041091918945313 8.5674867630004882813 8.7056751251220703125 8.8341856002807617188 8.9438047409057617188 9.0189237594604492188
