MapLinkProApp/griddata/temperature/ASCII/cmems_mod_glo_phy-thetao_anfc_0,083deg_P1D-m_1702458667101_40,3.asc
ncols        121
nrows        120
xllcorner    -30.041666666667
yllcorner    40.041666655981
cellsize     0.083333333333
NODATA_value  9.9692099683868690468e+36
[rows 90 to 107 of 120, columns 40 to 79 of 121]
18.148204803466796875 18.24262237548828125 18.261707305908203125 18.191036224365234375 18.048192977905273438 17.975254058837890625 17.783437728881835938 17.307699203491210938 16.860277175903320313 16.652742385864257813 16.6145172119140625 16.61960601806640625 16.620981216430664063 16.609117507934570313 16.591333389282226563 16.57745361328125 16.569843292236328125 16.56352996826171875 16.557264328002929688 16.547143936157226563 16.517362594604492188 16.46479034423828125 16.422084808349609375 16.418798446655273438 16.43487548828125 16.43881988525390625 16.46805572509765625 16.592836380004882813 16.816286087036132813 17.035474777221679688 17.107929229736328125 16.984889984130859375 16.77205657958984375 16.61571502685546875 16.47396087646484375 16.30942535400390625 16.274908065795898438 16.34526824951171875 16.294935226440429688 16.092390060424804688
18.38645172119140625 18.334545135498046875 18.303712844848632813 18.327043533325195313 18.276988983154296875 18.1568756103515625 18.081598281860351563 17.89835357666015625 17.533992767333984375 17.106397628784179688 16.823705673217773438 16.684862136840820313 16.634267807006835938 16.623949050903320313 16.635837554931640625 16.6515045166015625 16.659730911254882813 16.6544189453125 16.640871047973632813 16.615198135375976563 16.564550399780273438 16.500654220581054688 16.448690414428710938 16.447355270385742188 16.514318466186523438 16.590517044067382813 16.5975494384765625 16.558765411376953125 16.5960540771484375 16.78615570068359375 17.0449066162109375 17.160919189453125 17.018899917602539063 16.762296676635742188 16.544843673706054688 16.37024688720703125 16.321828842163085938 16.372663497924804688 16.2877197265625 16.0429840087890625
18.230596542358398438 18.156618118286132813 18.137319564819335938 18.210086822509765625 18.271808624267578125 18.2475433349609375 18.191730499267578125 18.130781173706054688 18.04846954345703125 17.860841751098632813 17.654428482055664063 17.516942977905273438 17.428684234619140625 17.3607330322265625 17.3140106201171875 17.285833358764648438 17.27231597900390625 17.247457504272460938 17.180622100830078125 17.09481048583984375 16.9945220947265625 16.871091842651367188 16.783082962036132813 16.76454925537109375 16.788623809814453125 16.837804794311523438 16.85308837890625 16.784603118896484375 16.709360122680664063 16.740800857543945313 16.91526031494140625 17.126195907592773438 17.158681869506835938 16.962738037109375 16.703907012939453125 16.495412826538085938 16.391725540161132813 16.414981842041015625 16.399606704711914063 16.167905807495117188
18.224857330322265625 18.145109176635742188 18.122053146362304688 18.169019699096679688 18.231657028198242188 18.254201889038085938 18.2396392822265625 18.236944198608398438 18.235820770263671875 18.196086883544921875 18.16883087158203125 18.168041229248046875 18.167261123657226563 18.156202316284179688 18.142629623413085938 18.128265380859375 18.111118316650390625 18.083887100219726563 18.029096603393554688 17.96222686767578125 17.904438018798828125 17.824529647827148438 17.72137451171875 17.647554397583007813 17.596920013427734375 17.5318450927734375 17.440042495727539063 17.279031753540039063 17.06282806396484375 16.912506103515625 16.92243194580078125 17.072032928466796875 17.200923919677734375 17.1546478271484375 16.9650421142578125 16.74524688720703125 16.568059921264648438 16.483753204345703125 16.497117996215820313 16.421098709106445313
18.275476455688476563 18.192415237426757813 18.185861587524414063 18.226543426513671875 18.246343612670898438 18.254819869995117188 18.25728607177734375 18.271024703979492188 18.286970138549804688 18.308511734008789063 18.330562591552734375 18.343202590942382813 18.344011306762695313 18.33820343017578125 18.322420120239257813 18.292255401611328125 18.250164031982421875 18.202545166015625 18.156110763549804688 18.119169235229492188 18.085287094116210938 18.04624176025390625 18.011610031127929688 17.993413925170898438 17.959812164306640625 17.888011932373046875 17.791351318359375 17.635946273803710938 17.386415481567382813 17.135255813598632813 17.024251937866210938 17.083440780639648438 17.207078933715820313 17.255151748657226563 17.1871337890625 17.0477142333984375 16.875963211059570313 16.700824737548828125 16.602926254272460938 16.569065093994140625
18.327722549438476563 18.278087615966796875 18.271114349365234375 18.298931121826171875 18.294891357421875 18.298147201538085938 18.305524826049804688 18.3251953125 18.34908294677734375 18.374608993530273438 18.392848968505859375 18.394565582275390625 18.378070831298828125 18.351015090942382813 18.315948486328125 18.266368865966796875 18.202596664428710938 18.132892608642578125 18.062807083129882813 18.002124786376953125 17.955747604370117188 17.925954818725585938 17.904148101806640625 17.881038665771484375 17.842657089233398438 17.798082351684570313 17.760244369506835938 17.674249649047851563 17.476648330688476563 17.237623214721679688 17.101764678955078125 17.1207275390625 17.22226715087890625 17.30109405517578125 17.310832977294921875 17.250476837158203125 17.13202667236328125 16.950651168823242188 16.771663665771484375 16.694255828857421875
18.464481353759765625 18.423036575317382813 18.378314971923828125 18.378892898559570313 18.372589111328125 18.369638442993164063 18.38397979736328125 18.408931732177734375 18.440914154052734375 18.480224609375 18.503484725952148438 18.495870590209960938 18.482929229736328125 18.464595794677734375 18.435001373291015625 18.379995346069335938 18.301830291748046875 18.21691131591796875 18.128149032592773438 18.036041259765625 17.94937896728515625 17.874629974365234375 17.80755615234375 17.745697021484375 17.696075439453125 17.66776275634765625 17.644016265869140625 17.573225021362304688 17.41930389404296875 17.240671157836914063 17.145341873168945313 17.1659698486328125 17.254411697387695313 17.344821929931640625 17.39324951171875 17.381570816040039063 17.312046051025390625 17.162794113159179688 16.949346542358398438 16.826299667358398438
18.528844833374023438 18.541116714477539063 18.522602081298828125 18.489343643188476563 18.485780715942382813 18.4933319091796875 18.511768341064453125 18.547016143798828125 18.610101699829101563 18.68616485595703125 18.712682723999023438 18.68334197998046875 18.663730621337890625 18.659694671630859375 18.608188629150390625 18.4844818115234375 18.344629287719726563 18.249073028564453125 18.17675018310546875 18.10941314697265625 18.043949127197265625 17.97457122802734375 17.903398513793945313 17.818775177001953125 17.71613311767578125 17.60555267333984375 17.492862701416015625 17.374277114868164063 17.26007080078125 17.182229995727539063 17.168592453002929688 17.22126007080078125 17.318548202514648438 17.413732528686523438 17.462873458862304688 17.435550689697265625 17.344438552856445313 17.215112686157226563 17.020616531372070313 16.88590240478515625
18.416452407836914063 18.54033660888671875 18.58924102783203125 18.592580795288085938 18.599155426025390625 18.629854202270507813 18.673826217651367188 18.738241195678710938 18.834627151489257813 18.921215057373046875 18.917264938354492188 18.844638824462890625 18.784452438354492188 18.735044479370117188 18.599481582641601563 18.377422332763671875 18.196199417114257813 18.109315872192382813 18.064393997192382813 18.017269134521484375 17.973907470703125 17.9452056884765625 17.922330856323242188 17.891872406005859375 17.8187103271484375 17.690738677978515625 17.525388717651367188 17.356977462768554688 17.236795425415039063 17.192501068115234375 17.219232559204101563 17.30185699462890625 17.412540435791015625 17.484281539916992188 17.459371566772460938 17.342889785766601563 17.196378707885742188 17.091726303100585938 16.973924636840820313 16.86185455322265625
18.134775161743164063 18.317049026489257813 18.53107452392578125 18.654790878295898438 18.740621566772460938 18.82910919189453125 18.908227920532226563 18.98175048828125 19.05197906494140625 19.084028244018554688 19.050603866577148438 18.956411361694335938 18.85938262939453125 18.72699737548828125 18.500219345092773438 18.2645721435546875 18.116405487060546875 18.051809310913085938 18.0167236328125 17.963836669921875 17.90140533447265625 17.870685577392578125 17.87241363525390625 17.880273818969726563 17.871961593627929688 17.799100875854492188 17.64302825927734375 17.453710556030273438 17.31558990478515625 17.281229019165039063 17.340482711791992188 17.447528839111328125 17.50566864013671875 17.436567306518554688 17.28061676025390625 17.114543914794921875 16.983715057373046875 16.9283905029296875 16.898529052734375 16.836404800415039063
18.04244232177734375 18.090938568115234375 18.297780990600585938 18.582889556884765625 18.824422836303710938 18.982725143432617188 19.049037933349609375 19.056095123291015625 19.045808792114257813 19.040966033935546875 19.014522552490234375 18.945194244384765625 18.849863052368164063 18.684986114501953125 18.419366836547851563 18.202220916748046875 18.081705093383789063 18.032016754150390625 18.007577896118164063 17.963134765625 17.908975601196289063 17.8777618408203125 17.879404067993164063 17.88756561279296875 17.862224578857421875 17.770463943481445313 17.625688552856445313 17.481380462646484375 17.413717269897460938 17.461614608764648438 17.557247161865234375 17.5520782470703125 17.386728286743164063 17.171903610229492188 17.011905670166015625 16.916021347045898438 16.858905792236328125 16.824789047241210938 16.812286376953125 16.794103622436523438
18.03517913818359375 18.101245880126953125 18.228845596313476563 18.489423751831054688 18.792432785034179688 18.963186264038085938 18.980195999145507813 18.938463211059570313 18.926321029663085938 18.916515350341796875 18.89656829833984375 18.845235824584960938 18.771726608276367188 18.568195343017578125 18.283527374267578125 18.111776351928710938 18.0392303466796875 18.008283615112304688 17.991275787353515625 17.965929031372070313 17.936428070068359375 17.923776626586914063 17.918621063232421875 17.884244918823242188 17.793853759765625 17.674028396606445313 17.575666427612304688 17.552289962768554688 17.6169586181640625 17.665838241577148438 17.544626235961914063 17.290945053100585938 17.07112884521484375 16.939203262329101563 16.86846923828125 16.82189178466796875 16.794519424438476563 16.793092727661132813 16.790462493896484375 16.783702850341796875
18.486278533935546875 18.428716659545898438 18.435712814331054688 18.605752944946289063 18.833770751953125 18.926568984985351563 18.904117584228515625 18.87615966796875 18.863630294799804688 18.843231201171875 18.787738800048828125 18.7224884033203125 18.600690841674804688 18.342668533325195313 18.161104202270507813 18.073093414306640625 18.033899307250976563 18.016925811767578125 18.003549575805664063 17.984615325927734375 17.97565460205078125 17.964990615844726563 17.926586151123046875 17.850927352905273438 17.758150100708007813 17.695093154907226563 17.681720733642578125 17.677106857299804688 17.576475143432617188 17.352407455444335938 17.115461349487304688 16.960519790649414063 16.88005828857421875 16.822370529174804688 16.769411087036132813 16.74311065673828125 16.748271942138671875 16.75191497802734375 16.747472763061523438 16.754049301147460938
18.829721450805664063 18.802736282348632813 18.7910614013671875 18.866779327392578125 18.938299179077148438 18.94062042236328125 18.901132583618164063 18.8673248291015625 18.852413177490234375 18.800174713134765625 18.697559356689453125 18.583395004272460938 18.381994247436523438 18.219482421875 18.131231307983398438 18.05359649658203125 18.017757415771484375 18.01515960693359375 18.013858795166015625 18.011709213256835938 18.007457733154296875 17.97914886474609375 17.91780853271484375 17.83648681640625 17.767818450927734375 17.713321685791015625 17.597261428833007813 17.365369796752929688 17.109600067138671875 16.949956893920898438 16.884815216064453125 16.833086013793945313 16.778264999389648438 16.732809066772460938 16.698347091674804688 16.685747146606445313 16.6933135986328125 16.706371307373046875 16.717641830444335938 16.7274017333984375
18.86090087890625 18.857219696044921875 18.883869171142578125 18.938962936401367188 18.962316513061523438 18.953722000122070313 18.904298782348632813 18.85378265380859375 18.826787948608398438 18.762424468994140625 18.63755035400390625 18.485864639282226563 18.294193267822265625 18.199438095092773438 18.118879318237304688 18.03932952880859375 18.013683319091796875 18.023057937622070313 18.031885147094726563 18.03884124755859375 18.02919769287109375 17.990827560424804688 17.926759719848632813 17.845956802368164063 17.747266769409179688 17.566650390625 17.2521820068359375 16.949537277221679688 16.833019256591796875 16.798288345336914063 16.731435775756835938 16.687129974365234375 16.689052581787109375 16.683788299560546875 16.671976089477539063 16.667766571044921875 16.669734954833984375 16.689807891845703125 16.730192184448242188 16.778142929077148438
18.878726959228515625 18.89513397216796875 18.930429458618164063 18.95720672607421875 18.971591949462890625 18.945314407348632813 18.86847686767578125 18.81267547607421875 18.78507232666015625 18.719083786010742188 18.583705902099609375 18.40428924560546875 18.256788253784179688 18.195888519287109375 18.103433609008789063 18.014553070068359375 18.003597259521484375 18.025949478149414063 18.045562744140625 18.054693222045898438 18.040510177612304688 17.993375778198242188 17.918468475341796875 17.804609298706054688 17.60657501220703125 17.2658538818359375 16.885778427124023438 16.688257217407226563 16.666433334350585938 16.6663665771484375 16.64841461181640625 16.662088394165039063 16.683717727661132813 16.682476043701171875 16.657657623291015625 16.6045379638671875 16.546842575073242188 16.496410369873046875 16.487337112426757813 16.558849334716796875
18.8796234130859375 18.909191131591796875 18.9293060302734375 18.938831329345703125 18.938007354736328125 18.878658294677734375 18.80248260498046875 18.767335891723632813 18.734338760375976563 18.649423599243164063 18.509023666381835938 18.338134765625 18.237249374389648438 18.191553115844726563 18.079351425170898438 17.978603363037109375 17.9860076904296875 18.026647567749023438 18.057308197021484375 18.068563461303710938 18.05440521240234375 18.000394821166992188 17.897180557250976563 17.71600341796875 17.406255722045898438 16.983005523681640625 16.691152572631835938 16.693937301635742188 16.8495941162109375 16.992885589599609375 17.090114593505859375 17.170078277587890625 17.230188369750976563 17.257444381713867188 17.251546859741210938 17.191133499145507813 17.048992156982421875 16.856266021728515625 16.663461685180664063 16.509660720825195313
18.850660324096679688 18.871379852294921875 18.879291534423828125 18.883947372436523438 18.878625869750976563 18.81941986083984375 18.760778427124023438 18.730487823486328125 18.668865203857421875 18.550287246704101563 18.400447845458984375 18.268259048461914063 18.226350784301757813 18.171258926391601563 18.023532867431640625 17.921356201171875 17.956361770629882813 18.0169525146484375 18.061054229736328125 18.074726104736328125 18.058340072631835938 18.006319046020507813 17.881221771240234375 17.677938461303710938 17.342161178588867188 16.956752777099609375 16.778888702392578125 16.873331069946289063 17.081390380859375 17.213487625122070313 17.243871688842773438 17.25655364990234375 17.293277740478515625 17.341222763061523438 17.386379241943359375 17.427703857421875 17.454631805419921875 17.449903488159179688 17.402818679809570313 17.283002853393554688
