MapLinkProApp/griddata/temperature/ASCII/cmems_mod_glo_phy-thetao_anfc_0,083deg_P1D-m_1702458667101_902,3.asc
ncols        121
nrows        120
xllcorner    -30.041666666667
yllcorner    40.041666655981
cellsize     0.083333333333
NODATA_value  9.9692099683868690468e+36
[rows 54 to 71 of 120, columns 40 to 79 of 121]
6.5282559394836425781 6.3921380043029785156 6.2484216690063476563 6.1752848625183105469 6.1957497596740722656 6.264827728271484375 6.340061187744140625 6.385875701904296875 6.4184055328369140625 6.4386205673217773438 6.3736886978149414063 6.2242231369018554688 6.0821933746337890625 6.0429086685180664063 6.1854505538940429688 6.4289021492004394531 6.6451239585876464844 6.9126267433166503906 7.2291321754455566406 7.5869936943054199219 7.9904508590698242188 8.327056884765625 8.5758686065673828125 8.7585916519165039063 8.8997087478637695313 9.0368061065673828125 9.1771345138549804688 9.337169647216796875 9.4426107406616210938 9.4597120285034179688 9.4257974624633789063 9.3485212326049804688 9.179290771484375 8.9269018173217773438 8.669597625732421875 8.3990955352783203125 8.1772737503051757813 8.0715961456298828125 8.03641510009765625 8.0861463546752929688
6.5514192581176757813 6.4936852455139160156 6.372589111328125 6.2263622283935546875 6.1327257156372070313 6.0792837142944335938 6.0411381721496582031 6.0352597236633300781 6.1144032478332519531 6.2313590049743652344 6.2263665199279785156 6.1260619163513183594 6.0235595703125 5.9471440315246582031 6.0524811744689941406 6.295833587646484375 6.4756417274475097656 6.6970953941345214844 6.9986925125122070313 7.4046759605407714844 7.8445982933044433594 8.2468576431274414063 8.484821319580078125 8.612834930419921875 8.729137420654296875 8.8860931396484375 9.0716991424560546875 9.2869272232055664063 9.4780740737915039063 9.609043121337890625 9.7345752716064453125 9.8258571624755859375 9.8013124465942382813 9.66351318359375 9.479465484619140625 9.277187347412109375 9.1225347518920898438 9.0145549774169921875 9.0064754486083984375 9.0786647796630859375
6.4313845634460449219 6.4353756904602050781 6.3377408981323242188 6.195652008056640625 6.0779290199279785156 5.9926395416259765625 5.9659299850463867188 6.0197687149047851563 6.1163239479064941406 6.1768031120300292969 6.1630139350891113281 6.124904632568359375 6.0505847930908203125 5.9710245132446289063 6.0448613166809082031 6.2243418693542480469 6.388874053955078125 6.5746822357177734375 6.82928466796875 7.177425384521484375 7.6045231819152832031 8.07037353515625 8.3970422744750976563 8.5122156143188476563 8.5902795791625976563 8.7433567047119140625 9.0033903121948242188 9.2645101547241210938 9.45672607421875 9.6139535903930664063 9.6922245025634765625 9.7738656997680664063 9.940074920654296875 9.972320556640625 9.8657350540161132813 9.723346710205078125 9.628002166748046875 9.5831298828125 9.5587968826293945313 9.41355133056640625
6.3214092254638671875 6.2553448677062988281 6.136707305908203125 6.0966596603393554688 6.1089267730712890625 6.1190032958984375 6.1202096939086914063 6.1233592033386230469 6.1263780593872070313 6.1100535392761230469 6.0684027671813964844 6.0074701309204101563 5.9406938552856445313 5.9221038818359375 5.9998993873596191406 6.1660938262939453125 6.3780989646911621094 6.5707445144653320313 6.7762517929077148438 7.0364003181457519531 7.37972259521484375 7.8406271934509277344 8.2906045913696289063 8.4103937149047851563 8.437587738037109375 8.6363315582275390625 8.9687318801879882813 9.3040800094604492188 9.4713296890258789063 9.5990056991577148438 9.6813459396362304688 9.7170190811157226563 9.8306989669799804688 10.019144058227539063 10.087352752685546875 10.039261817932128906 9.9617681503295898438 9.8496837615966796875 9.6197748184204101563 9.4143829345703125
6.2078890800476074219 6.1519837379455566406 6.17125701904296875 6.2503991127014160156 6.294727325439453125 6.2879405021667480469 6.2364358901977539063 6.1710505485534667969 6.1251964569091796875 6.0756578445434570313 5.9898457527160644531 5.8617711067199707031 5.7440195083618164063 5.74365997314453125 5.8897643089294433594 6.1053905487060546875 6.3227214813232421875 6.5206522941589355469 6.7372732162475585938 7.0037865638732910156 7.3224334716796875 7.7444310188293457031 8.2270879745483398438 8.402965545654296875 8.3989763259887695313 8.6179561614990234375 8.9817419052124023438 9.3459444046020507813 9.5414209365844726563 9.6424245834350585938 9.6802434921264648438 9.6764116287231445313 9.736904144287109375 9.9272632598876953125 10.126194953918457031 10.2252655029296875 10.132994651794433594 9.8588495254516601563 9.6031522750854492188 9.5251026153564453125
6.31884002685546875 6.3117175102233886719 6.3876972198486328125 6.46108245849609375 6.4823141098022460938 6.4475054740905761719 6.3771023750305175781 6.3113584518432617188 6.2479538917541503906 6.1582999229431152344 6.0518321990966796875 5.9318327903747558594 5.8183159828186035156 5.8196549415588378906 5.9404039382934570313 6.0791568756103515625 6.2341933250427246094 6.4189810752868652344 6.69647979736328125 7.0354399681091308594 7.4171581268310546875 7.8509078025817871094 8.2778377532958984375 8.409053802490234375 8.4012241363525390625 8.5993051528930664063 8.9897003173828125 9.3857583999633789063 9.6088190078735351563 9.7005586624145507813 9.7363605499267578125 9.6542530059814453125 9.6930246353149414063 9.8668775558471679688 10.1153411865234375 10.25502777099609375 10.137824058532714844 9.8341093063354492188 9.6525907516479492188 9.5951709747314453125
6.5383276939392089844 6.5504465103149414063 6.6073622703552246094 6.6656332015991210938 6.6783232688903808594 6.646129608154296875 6.5859255790710449219 6.5039739608764648438 6.3980536460876464844 6.2685337066650390625 6.1537547111511230469 6.046566009521484375 5.9639630317687988281 5.9805612564086914063 6.0566878318786621094 6.1382617950439453125 6.2885890007019042969 6.5619192123413085938 6.9608917236328125 7.3545308113098144531 7.7119131088256835938 8.0552091598510742188 8.3230142593383789063 8.3375997543334960938 8.342639923095703125 8.5525045394897460938 8.9572000503540039063 9.3872957229614257813 9.6486415863037109375 9.7755422592163085938 9.8305339813232421875 9.7129840850830078125 9.7156133651733398438 9.8467082977294921875 10.101114273071289063 10.217271804809570313 10.046733856201171875 9.7520780563354492188 9.6140012741088867188 9.5820493698120117188
6.6317067146301269531 6.662242889404296875 6.6966109275817871094 6.7170667648315429688 6.7193813323974609375 6.6811890602111816406 6.616912841796875 6.5337457656860351563 6.4219470024108886719 6.2971792221069335938 6.1838641166687011719 6.0838532447814941406 6.0204253196716308594 6.0361356735229492188 6.1405162811279296875 6.2948751449584960938 6.44734954833984375 6.6450638771057128906 7.009128570556640625 7.4690103530883789063 7.8221430778503417969 8.0850572586059570313 8.1856088638305664063 8.1834516525268554688 8.3114366531372070313 8.5867757797241210938 9.009326934814453125 9.4132871627807617188 9.6333484649658203125 9.7410488128662109375 9.8628225326538085938 9.8321580886840820313 9.8070812225341796875 9.8874044418334960938 10.069101333618164063 10.113003730773925781 9.9174680709838867188 9.68430328369140625 9.5414581298828125 9.5095052719116210938
6.7433843612670898438 6.7727923393249511719 6.7858748435974121094 6.7742872238159179688 6.753574371337890625 6.7147130966186523438 6.6632137298583984375 6.5945487022399902344 6.4871134757995605469 6.3806362152099609375 6.2858519554138183594 6.1896061897277832031 6.1188039779663085938 6.148708343505859375 6.3046627044677734375 6.4403157234191894531 6.4814929962158203125 6.5440464019775390625 6.76062774658203125 7.24993896484375 7.7079844474792480469 7.9446468353271484375 7.9959087371826171875 8.1410274505615234375 8.3759775161743164063 8.691776275634765625 9.0934429168701171875 9.4269771575927734375 9.6101694107055664063 9.6758890151977539063 9.843235015869140625 9.904407501220703125 9.8679647445678710938 9.9030408859252929688 9.9924945831298828125 9.9776668548583984375 9.8227691650390625 9.6426782608032226563 9.5081892013549804688 9.4219579696655273438
6.81548309326171875 6.845485687255859375 6.8561034202575683594 6.8344664573669433594 6.8173470497131347656 6.7917399406433105469 6.7290320396423339844 6.6416177749633789063 6.5360484123229980469 6.4461889266967773438 6.4133253097534179688 6.3812007904052734375 6.3089447021484375 6.2989115715026855469 6.4170627593994140625 6.5512666702270507813 6.6300864219665527344 6.7275719642639160156 6.8624820709228515625 7.0768918991088867188 7.4271440505981445313 7.7075772285461425781 7.90282440185546875 8.160572052001953125 8.4473733901977539063 8.7776336669921875 9.1375608444213867188 9.3816900253295898438 9.5639677047729492188 9.5921945571899414063 9.73799896240234375 9.8965349197387695313 9.915348052978515625 9.9322614669799804688 9.9028911590576171875 9.8508968353271484375 9.7184114456176757813 9.5735225677490234375 9.4393901824951171875 9.2856235504150390625
6.8156137466430664063 6.8352179527282714844 6.8319988250732421875 6.8165793418884277344 6.8051285743713378906 6.8029036521911621094 6.774166107177734375 6.696624755859375 6.5949215888977050781 6.4934000968933105469 6.4511766433715820313 6.4694333076477050781 6.4571871757507324219 6.4575400352478027344 6.5641832351684570313 6.6761069297790527344 6.7263956069946289063 6.8209929466247558594 6.9848246574401855469 7.1758494377136230469 7.3865408897399902344 7.6167330741882324219 7.8819584846496582031 8.1661815643310546875 8.4522409439086914063 8.7962932586669921875 9.1237039566040039063 9.3403139114379882813 9.5041961669921875 9.532032012939453125 9.6059827804565429688 9.8214054107666015625 9.81404876708984375 9.81591796875 9.8381032943725585938 9.758510589599609375 9.6229162216186523438 9.476078033447265625 9.3151674270629882813 9.1092653274536132813
6.8934001922607421875 6.8883004188537597656 6.834674835205078125 6.760974884033203125 6.7726240158081054688 6.8387355804443359375 6.8456759452819824219 6.7917642593383789063 6.7277965545654296875 6.6624741554260253906 6.6140413284301757813 6.6095261573791503906 6.5910520553588867188 6.6455926895141601563 6.7571048736572265625 6.8100104331970214844 6.9334111213684082031 7.1312193870544433594 7.2971324920654296875 7.4729542732238769531 7.6092791557312011719 7.7576780319213867188 7.9693212509155273438 8.2016582489013671875 8.4492406845092773438 8.79346466064453125 9.1006803512573242188 9.3075971603393554688 9.4748411178588867188 9.4953603744506835938 9.4678401947021484375 9.5896253585815429688 9.668975830078125 9.7127141952514648438 9.7273626327514648438 9.6294775009155273438 9.4910125732421875 9.3490171432495117188 9.1972303390502929688 9.0176334381103515625
6.9249773025512695313 6.8673114776611328125 6.7371349334716796875 6.7086281776428222656 6.7674412727355957031 6.8295698165893554688 6.8191967010498046875 6.8097162246704101563 6.8576755523681640625 6.8927936553955078125 6.9033560752868652344 6.8805537223815917969 6.8191499710083007813 6.8500032424926757813 6.938259124755859375 7.0299205780029296875 7.2261281013488769531 7.4334073066711425781 7.5795888900756835938 7.7417178153991699219 7.8661475181579589844 7.977291107177734375 8.1328458786010742188 8.2778043746948242188 8.4915742874145507813 8.816799163818359375 9.0495309829711914063 9.2158460617065429688 9.4086999893188476563 9.538303375244140625 9.4515476226806640625 9.411327362060546875 9.4149656295776367188 9.4312829971313476563 9.4740753173828125 9.4014186859130859375 9.3327226638793945313 9.261470794677734375 9.1283769607543945313 8.992099761962890625
6.9011678695678710938 6.80275726318359375 6.681751251220703125 6.6635255813598632813 6.6935167312622070313 6.7768540382385253906 6.8286871910095214844 6.86452484130859375 6.9312906265258789063 6.9942955970764160156 7.0628728866577148438 7.1022553443908691406 7.0897874832153320313 7.1143326759338378906 7.1982722282409667969 7.3409404754638671875 7.5271563529968261719 7.667388916015625 7.7807183265686035156 7.9086828231811523438 8.0074443817138671875 8.1077909469604492188 8.2402868270874023438 8.3486757278442382813 8.5507221221923828125 8.8359441757202148438 8.984806060791015625 9.1040678024291992188 9.2718257904052734375 9.4683856964111328125 9.4943838119506835938 9.3670482635498046875 9.168788909912109375 9.0580310821533203125 9.1289234161376953125 9.0984067916870117188 9.0750932693481445313 9.0936899185180664063 9.0852556228637695313 8.9869985580444335938
7.0733232498168945313 7.0023169517517089844 6.9517903327941894531 6.9101543426513671875 6.9046068191528320313 6.9531469345092773438 6.97214508056640625 6.9911627769470214844 7.005237579345703125 7.0075535774230957031 7.0088496208190917969 7.0347590446472167969 7.1317491531372070313 7.2977924346923828125 7.462238311767578125 7.6079230308532714844 7.7447385787963867188 7.8566193580627441406 7.9585795402526855469 8.036708831787109375 8.08075714111328125 8.1635732650756835938 8.27736663818359375 8.3600130081176757813 8.5474557876586914063 8.8089351654052734375 8.9367313385009765625 8.9971284866333007813 9.1080217361450195313 9.3059902191162109375 9.4319438934326171875 9.3320140838623046875 9.0533857345581054688 8.7533063888549804688 8.6854095458984375 8.7019977569580078125 8.7270603179931640625 8.7768802642822265625 8.8198871612548828125 8.8661346435546875
7.1988511085510253906 7.1462368965148925781 7.14205169677734375 7.1339821815490722656 7.1198520660400390625 7.1375184059143066406 7.1620802879333496094 7.1734299659729003906 7.1645689010620117188 7.120914459228515625 7.0547804832458496094 6.9992985725402832031 7.1080632209777832031 7.3539400100708007813 7.6062989234924316406 7.8307962417602539063 7.9790897369384765625 8.0473623275756835938 8.0874805450439453125 8.0968542098999023438 8.102016448974609375 8.1768255233764648438 8.2872018814086914063 8.3686981201171875 8.5415105819702148438 8.7629604339599609375 8.8843231201171875 8.929473876953125 8.9896173477172851563 9.1052579879760742188 9.37647247314453125 9.41823577880859375 9.0977334976196289063 8.6479167938232421875 8.4126129150390625 8.3680562973022460938 8.387081146240234375 8.4334421157836914063 8.44297027587890625 8.5669755935668945313
7.2905874252319335938 7.2598519325256347656 7.2794256210327148438 7.3003354072570800781 7.3178091049194335938 7.3333468437194824219 7.343540191650390625 7.3510103225708007813 7.3444652557373046875 7.3085994720458984375 7.2697238922119140625 7.21988677978515625 7.253650665283203125 7.4397597312927246094 7.7071380615234375 7.9311547279357910156 8.0348730087280273438 8.0615682601928710938 8.0777435302734375 8.0959148406982421875 8.144012451171875 8.2379159927368164063 8.3251295089721679688 8.387538909912109375 8.5332365036010742188 8.7086162567138671875 8.8184814453125 8.8672952651977539063 8.9374065399169921875 9.0312652587890625 9.215728759765625 9.2867765426635742188 8.9530115127563476563 8.52881622314453125 8.2802438735961914063 8.23276519775390625 8.2761850357055664063 8.2844257354736328125 8.2982110977172851563 8.3671159744262695313
7.5190210342407226563 7.5359239578247070313 7.57305908203125 7.6153359413146972656 7.6537394523620605469 7.6812524795532226563 7.6967587471008300781 7.7003006935119628906 7.6948733329772949219 7.6623606681823730469 7.6453862190246582031 7.6210298538208007813 7.6153674125671386719 7.6987195014953613281 7.8325209617614746094 7.9320063591003417969 7.9590420722961425781 7.9592084884643554688 8.0038461685180664063 8.09770965576171875 8.181732177734375 8.2099609375 8.2432756423950195313 8.3423185348510742188 8.5104961395263671875 8.6452074050903320313 8.7228488922119140625 8.7959184646606445313 8.881244659423828125 8.9280748367309570313 9.0464887619018554688 9.0368375778198242188 8.7811021804809570313 8.4696369171142578125 8.13152313232421875 8.1435480117797851563 8.17645263671875 8.2459096908569335938 8.2716875076293945313 8.31154632568359375
