MapLinkProApp/griddata/temperature/ASCII/cmems_mod_glo_phy-thetao_anfc_0,083deg_P1D-m_1702458667101_18,5.asc
ncols        121
nrows        120
xllcorner    -30.041666666667
yllcorner    40.041666655981
cellsize     0.083333333333
NODATA_value  9.9692099683868690468e+36
[rows 0 to 17 of 120, columns 80 to 119 of 121]
12.674432754516601563 12.600183486938476563 12.51113128662109375 12.575260162353515625 12.815214157104492188 13.027472496032714844 13.283707618713378906 13.472497940063476563 13.535800933837890625 13.563506126403808594 13.582971572875976563 13.5701751708984375 13.54090118408203125 13.515925407409667969 13.499100685119628906 13.485731124877929688 13.477835655212402344 13.479926109313964844 13.479556083679199219 13.472320556640625 13.44626617431640625 13.396322250366210938 13.3823089599609375 13.40777587890625 13.422864913940429688 13.391735076904296875 13.328253746032714844 13.271084785461425781 13.174134254455566406 13.047677993774414063 12.94134521484375 12.90485382080078125 12.899526596069335938 12.868976593017578125 12.785858154296875 12.691816329956054688 12.715882301330566406 12.946561813354492188 13.231207847595214844 13.323237419128417969
13.123041152954101563 13.04434967041015625 13.007596969604492188 13.171790122985839844 13.294528007507324219 13.349950790405273438 13.503591537475585938 13.543546676635742188 13.539898872375488281 13.56209564208984375 13.56354522705078125 13.53234100341796875 13.502706527709960938 13.490520477294921875 13.489325523376464844 13.470110893249511719 13.436303138732910156 13.421139717102050781 13.414671897888183594 13.410467147827148438 13.403418540954589844 13.413351058959960938 13.440604209899902344 13.465641021728515625 13.434227943420410156 13.349715232849121094 13.24933624267578125 13.174638748168945313 13.129513740539550781 13.099407196044921875 13.069134712219238281 13.016331672668457031 12.921556472778320313 12.82303619384765625 12.755218505859375 12.750691413879394531 12.873129844665527344 13.091150283813476563 13.258556365966796875 13.328382492065429688
13.402119636535644531 13.345431327819824219 13.375256538391113281 13.470318794250488281 13.455655097961425781 13.483224868774414063 13.558289527893066406 13.538768768310546875 13.529240608215332031 13.552037239074707031 13.541776657104492188 13.513085365295410156 13.496785163879394531 13.488680839538574219 13.481367111206054688 13.459604263305664063 13.431180000305175781 13.413826942443847656 13.39904022216796875 13.389782905578613281 13.432620048522949219 13.452045440673828125 13.429658889770507813 13.38568878173828125 13.344217300415039063 13.327050209045410156 13.30376434326171875 13.2180328369140625 13.068700790405273438 12.947689056396484375 12.868660926818847656 12.851994514465332031 12.8653411865234375 12.902562141418457031 12.943723678588867188 12.998902320861816406 13.085534095764160156 13.184652328491210938 13.265458106994628906 13.324826240539550781
13.532247543334960938 13.480485916137695313 13.534508705139160156 13.568509101867675781 13.518651008605957031 13.5627899169921875 13.565020561218261719 13.518491744995117188 13.512221336364746094 13.527078628540039063 13.507081985473632813 13.492063522338867188 13.49088287353515625 13.479195594787597656 13.464664459228515625 13.459012031555175781 13.459207534790039063 13.456053733825683594 13.457427024841308594 13.458537101745605469 13.464880943298339844 13.451978683471679688 13.416516304016113281 13.356388092041015625 13.276769638061523438 13.174983978271484375 13.088191032409667969 13.017381668090820313 13.013531684875488281 13.034808158874511719 13.09822845458984375 13.1770782470703125 13.25905609130859375 13.318416595458984375 13.362323760986328125 13.395692825317382813 13.419710159301757813 13.433480262756347656 13.439144134521484375 13.439076423645019531
13.567892074584960938 13.507418632507324219 13.575284004211425781 13.598384857177734375 13.546185493469238281 13.585230827331542969 13.565300941467285156 13.507181167602539063 13.493323326110839844 13.494404792785644531 13.462677001953125 13.451724052429199219 13.465580940246582031 13.46921539306640625 13.465277671813964844 13.474192619323730469 13.489984512329101563 13.492534637451171875 13.4876861572265625 13.463720321655273438 13.389081954956054688 13.310338973999023438 13.198710441589355469 13.11205291748046875 13.098299980163574219 13.118128776550292969 13.177309989929199219 13.23334503173828125 13.289167404174804688 13.303326606750488281 13.327662467956542969 13.326966285705566406 13.332365036010742188 13.342683792114257813 13.368249893188476563 13.411145210266113281 13.450471878051757813 13.473593711853027344 13.478466033935546875 13.471170425415039063
13.671162605285644531 13.586920738220214844 13.636890411376953125 13.645453453063964844 13.579446792602539063 13.588921546936035156 13.571104049682617188 13.503920555114746094 13.475911140441894531 13.469974517822265625 13.415485382080078125 13.381331443786621094 13.385449409484863281 13.396532058715820313 13.412898063659667969 13.426989555358886719 13.41802978515625 13.388443946838378906 13.339250564575195313 13.273026466369628906 13.204993247985839844 13.154015541076660156 13.163015365600585938 13.199831962585449219 13.256134986877441406 13.286809921264648438 13.324512481689453125 13.315819740295410156 13.320652961730957031 13.292756080627441406 13.305938720703125 13.296345710754394531 13.277140617370605469 13.264331817626953125 13.274415016174316406 13.329189300537109375 13.408239364624023438 13.473522186279296875 13.505756378173828125 13.509175300598144531
13.742798805236816406 13.665674209594726563 13.69687652587890625 13.683030128479003906 13.604592323303222656 13.589921951293945313 13.581476211547851563 13.508714675903320313 13.459019660949707031 13.454761505126953125 13.400285720825195313 13.336682319641113281 13.311497688293457031 13.311040878295898438 13.326066970825195313 13.32649993896484375 13.291504859924316406 13.247162818908691406 13.202780723571777344 13.182059288024902344 13.213511466979980469 13.275959014892578125 13.324579238891601563 13.335039138793945313 13.305150032043457031 13.253947257995605469 13.229032516479492188 13.199416160583496094 13.206810951232910156 13.207835197448730469 13.2224578857421875 13.22945404052734375 13.23883056640625 13.22451019287109375 13.212437629699707031 13.243408203125 13.327750205993652344 13.42662811279296875 13.498434066772460938 13.534770965576171875
13.784498214721679688 13.737010002136230469 13.743542671203613281 13.697121620178222656 13.620720863342285156 13.589284896850585938 13.594605445861816406 13.526621818542480469 13.442566871643066406 13.431279182434082031 13.394730567932128906 13.334920883178710938 13.313818931579589844 13.288607597351074219 13.26483154296875 13.24383544921875 13.216119766235351563 13.199712753295898438 13.204519271850585938 13.241769790649414063 13.292791366577148438 13.319008827209472656 13.301947593688964844 13.232776641845703125 13.165644645690917969 13.133122444152832031 13.132761001586914063 13.107219696044921875 13.106218338012695313 13.104729652404785156 13.102784156799316406 13.139323234558105469 13.180516242980957031 13.184123039245605469 13.1859588623046875 13.213365554809570313 13.278839111328125 13.378643035888671875 13.475867271423339844 13.544121742248535156
13.815928459167480469 13.782748222351074219 13.729956626892089844 13.656955718994140625 13.604307174682617188 13.577113151550292969 13.594247817993164063 13.553093910217285156 13.44300079345703125 13.414581298828125 13.39095306396484375 13.308360099792480469 13.266391754150390625 13.223753929138183594 13.193218231201171875 13.186389923095703125 13.194884300231933594 13.218701362609863281 13.252803802490234375 13.287926673889160156 13.3039398193359375 13.286127090454101563 13.240864753723144531 13.213152885437011719 13.222076416015625 13.227752685546875 13.191455841064453125 13.151120185852050781 13.127950668334960938 13.118777275085449219 13.112381935119628906 13.112956047058105469 13.12932586669921875 13.140651702880859375 13.161084175109863281 13.206145286560058594 13.273596763610839844 13.358080863952636719 13.446439743041992188 13.520414352416992188
13.826235771179199219 13.747537612915039063 13.641364097595214844 13.584268569946289063 13.578419685363769531 13.594923973083496094 13.596276283264160156 13.579214096069335938 13.468878746032714844 13.39444732666015625 13.390283584594726563 13.300620079040527344 13.236657142639160156 13.1925201416015625 13.168155670166015625 13.175088882446289063 13.199602127075195313 13.232274055480957031 13.268580436706542969 13.294681549072265625 13.299027442932128906 13.2789306640625 13.252416610717773438 13.24222564697265625 13.241106986999511719 13.224600791931152344 13.196387290954589844 13.160325050354003906 13.118248939514160156 13.121914863586425781 13.130087852478027344 13.138886451721191406 13.145603179931640625 13.148364067077636719 13.1657562255859375 13.21282958984375 13.29198455810546875 13.379978179931640625 13.456723213195800781 13.5176544189453125
13.759776115417480469 13.623775482177734375 13.591479301452636719 13.66599273681640625 13.678598403930664063 13.67364501953125 13.645816802978515625 13.613127708435058594 13.509528160095214844 13.387434959411621094 13.36925506591796875 13.3359527587890625 13.24411773681640625 13.189122200012207031 13.164800643920898438 13.179067611694335938 13.217629432678222656 13.255746841430664063 13.288571357727050781 13.309803009033203125 13.3113861083984375 13.299414634704589844 13.283687591552734375 13.268559455871582031 13.246399879455566406 13.223853111267089844 13.214575767517089844 13.172131538391113281 13.127137184143066406 13.11295318603515625 13.129589080810546875 13.153901100158691406 13.165001869201660156 13.168432235717773438 13.186854362487792969 13.241063117980957031 13.330105781555175781 13.428699493408203125 13.513437271118164063 13.570803642272949219
13.641894340515136719 13.639942169189453125 13.720968246459960938 13.74541473388671875 13.744447708129882813 13.718914031982421875 13.669765472412109375 13.614192008972167969 13.512950897216796875 13.390498161315917969 13.342615127563476563 13.365579605102539063 13.302782058715820313 13.215442657470703125 13.154767990112304688 13.141850471496582031 13.178597450256347656 13.235975265502929688 13.281965255737304688 13.305119514465332031 13.3094024658203125 13.300073623657226563 13.278313636779785156 13.250459671020507813 13.215870857238769531 13.185797691345214844 13.172063827514648438 13.143752098083496094 13.108041763305664063 13.101922988891601563 13.121968269348144531 13.167155265808105469 13.195377349853515625 13.19977569580078125 13.222658157348632813 13.301333427429199219 13.419148445129394531 13.530635833740234375 13.616934776306152344 13.673308372497558594
13.7108612060546875 13.738692283630371094 13.760236740112304688 13.76328277587890625 13.760009765625 13.747112274169921875 13.725493431091308594 13.688844680786132813 13.627462387084960938 13.534424781799316406 13.434345245361328125 13.348758697509765625 13.305432319641113281 13.282274246215820313 13.245740890502929688 13.195328712463378906 13.155691146850585938 13.141434669494628906 13.149562835693359375 13.167224884033203125 13.180844306945800781 13.181088447570800781 13.164554595947265625 13.137033462524414063 13.111001968383789063 13.095652580261230469 13.104828834533691406 13.098143577575683594 13.085269927978515625 13.093549728393554688 13.125234603881835938 13.180752754211425781 13.222597122192382813 13.223928451538085938 13.263791084289550781 13.375258445739746094 13.518976211547851563 13.641132354736328125 13.71929168701171875 13.757312774658203125
13.748667716979980469 13.78450775146484375 13.808297157287597656 13.809825897216796875 13.812602996826171875 13.803078651428222656 13.794275283813476563 13.786641120910644531 13.771756172180175781 13.742590904235839844 13.686669349670410156 13.594915390014648438 13.458981513977050781 13.326356887817382813 13.248701095581054688 13.213511466979980469 13.196982383728027344 13.182491302490234375 13.160945892333984375 13.137513160705566406 13.117380142211914063 13.097181320190429688 13.07692718505859375 13.059614181518554688 13.044934272766113281 13.044669151306152344 13.060297012329101563 13.056928634643554688 13.066567420959472656 13.099562644958496094 13.159895896911621094 13.240653038024902344 13.262981414794921875 13.266409873962402344 13.358712196350097656 13.508611679077148438 13.655154228210449219 13.755984306335449219 13.811222076416015625 13.828211784362792969
13.867108345031738281 13.916714668273925781 13.9200286865234375 13.92957305908203125 13.929675102233886719 13.926853179931640625 13.9264373779296875 13.922062873840332031 13.915789604187011719 13.901713371276855469 13.872475624084472656 13.832098007202148438 13.781407356262207031 13.687537193298339844 13.560082435607910156 13.418333053588867188 13.295503616333007813 13.21533203125 13.168082237243652344 13.140352249145507813 13.123265266418457031 13.106868743896484375 13.089448928833007813 13.074239730834960938 13.060527801513671875 13.055798530578613281 13.056328773498535156 13.051651954650878906 13.085143089294433594 13.137307167053222656 13.222774505615234375 13.296693801879882813 13.289235115051269531 13.330097198486328125 13.480259895324707031 13.641298294067382813 13.774931907653808594 13.859477043151855469 13.895053863525390625 13.906206130981445313
13.963832855224609375 13.947983741760253906 13.938690185546875 13.91921234130859375 13.90911102294921875 13.912701606750488281 13.921244621276855469 13.934696197509765625 13.950711250305175781 13.963832855224609375 13.970690727233886719 13.964507102966308594 13.940768241882324219 13.893548011779785156 13.847544670104980469 13.768159866333007813 13.673375129699707031 13.548929214477539063 13.41596221923828125 13.298639297485351563 13.211003303527832031 13.152714729309082031 13.117405891418457031 13.095537185668945313 13.080344200134277344 13.075319290161132813 13.079267501831054688 13.107987403869628906 13.174496650695800781 13.24475860595703125 13.32694244384765625 13.334128379821777344 13.332109451293945313 13.448721885681152344 13.607053756713867188 13.758452415466308594 13.887203216552734375 13.954454421997070313 13.980882644653320313 13.988138198852539063
13.920440673828125 13.871924400329589844 13.84073638916015625 13.827019691467285156 13.838853836059570313 13.865428924560546875 13.895628929138183594 13.930397987365722656 13.955778121948242188 13.9661407470703125 13.969061851501464844 13.975356101989746094 13.979527473449707031 13.969656944274902344 13.943846702575683594 13.888880729675292969 13.828986167907714844 13.752621650695800781 13.668269157409667969 13.567117691040039063 13.451160430908203125 13.343840599060058594 13.264966011047363281 13.210488319396972656 13.179518699645996094 13.1746978759765625 13.188506126403808594 13.241517066955566406 13.300343513488769531 13.369543075561523438 13.388080596923828125 13.345575332641601563 13.425580024719238281 13.588283538818359375 13.745530128479003906 13.918646812438964844 14.036891937255859375 14.062875747680664063 14.048719406127929688 14.033654212951660156
13.812221527099609375 13.777374267578125 13.771273612976074219 13.799345970153808594 13.849386215209960938 13.916276931762695313 13.983548164367675781 14.037755012512207031 14.058990478515625 14.060908317565917969 14.047616004943847656 14.025477409362792969 14.005219459533691406 13.993528366088867188 13.984416961669921875 13.965537071228027344 13.932425498962402344 13.888044357299804688 13.835013389587402344 13.768958091735839844 13.682535171508789063 13.583585739135742188 13.489476203918457031 13.41445159912109375 13.3643951416015625 13.339655876159667969 13.339838981628417969 13.362732887268066406 13.398889541625976563 13.426562309265136719 13.387845993041992188 13.38933563232421875 13.532817840576171875 13.689154624938964844 13.8694305419921875 14.053112983703613281 14.110445022583007813 14.075127601623535156 14.038705825805664063 14.017927169799804688
