MapLinkProApp/griddata/temperature/ASCII/cmems_mod_glo_phy-thetao_anfc_0,083deg_P1D-m_1702458667101_222,5.asc
ncols        121
nrows        120
xllcorner    -30.041666666667
yllcorner    40.041666655981
cellsize     0.083333333333
NODATA_value  9.9692099683868690468e+36
[rows 36 to 53 of 120, columns 0 to 39 of 121]
11.891755104064941406 11.8825531005859375 11.876207351684570313 11.838495254516601563 11.723679542541503906 11.61740875244140625 11.5621185302734375 11.594667434692382813 11.703983306884765625 11.749287605285644531 11.731684684753417969 11.698053359985351563 11.68902587890625 11.675844192504882813 11.583603858947753906 11.585546493530273438 11.633386611938476563 11.490902900695800781 11.427045822143554688 11.644956588745117188 11.837789535522460938 11.897169113159179688 11.954606056213378906 12.219539642333984375 12.678379058837890625 13.204999923706054688 13.508056640625 13.620159149169921875 13.591897010803222656 13.562787055969238281 13.525395393371582031 13.531785011291503906 13.507196426391601563 13.468679428100585938 13.447114944458007813 13.380296707153320313 13.279389381408691406 13.179386138916015625 13.009103775024414063 12.850677490234375
12.010279655456542969 11.976942062377929688 11.9733734130859375 11.994128227233886719 12.010924339294433594 12.023050308227539063 12.01898956298828125 12.010354042053222656 12.019900321960449219 12.018766403198242188 11.991132736206054688 11.990574836730957031 12.000529289245605469 11.989916801452636719 11.944199562072753906 11.863327980041503906 11.860670089721679688 11.858621597290039063 11.633152008056640625 11.537858963012695313 11.708384513854980469 11.760718345642089844 11.756960868835449219 11.888260841369628906 12.207894325256347656 12.624542236328125 13.077202796936035156 13.395762443542480469 13.570080757141113281 13.604795455932617188 13.576185226440429688 13.503710746765136719 13.440870285034179688 13.385341644287109375 13.262387275695800781 13.157931327819824219 13.06549072265625 12.968114852905273438 12.797056198120117188 12.575634002685546875
12.40514373779296875 12.398676872253417969 12.407503128051757813 12.423137664794921875 12.437103271484375 12.464783668518066406 12.492577552795410156 12.506541252136230469 12.525706291198730469 12.533556938171386719 12.534024238586425781 12.547451019287109375 12.518617630004882813 12.499737739562988281 12.475271224975585938 12.434653282165527344 12.388601303100585938 12.364064216613769531 12.189249992370605469 11.815244674682617188 11.725070953369140625 11.896933555603027344 11.849726676940917969 11.687211036682128906 11.774540901184082031 12.110156059265136719 12.452485084533691406 12.789778709411621094 13.132660865783691406 13.450646400451660156 13.607211112976074219 13.592612266540527344 13.542300224304199219 13.439638137817382813 13.401149749755859375 13.328081130981445313 13.16219329833984375 12.967589378356933594 12.773207664489746094 12.574975967407226563
12.549735069274902344 12.540574073791503906 12.553608894348144531 12.561560630798339844 12.5416259765625 12.552295684814453125 12.573698043823242188 12.568025588989257813 12.576710700988769531 12.586258888244628906 12.57555389404296875 12.568964958190917969 12.553570747375488281 12.547060966491699219 12.515012741088867188 12.504652976989746094 12.506035804748535156 12.540081977844238281 12.539504051208496094 12.251780509948730469 11.845425605773925781 11.847776412963867188 12.020898818969726563 11.863318443298339844 11.673755645751953125 11.872285842895507813 12.263608932495117188 12.557993888854980469 12.728837966918945313 12.964732170104980469 13.31787872314453125 13.648687362670898438 13.79510498046875 13.606298446655273438 13.426274299621582031 13.424887657165527344 13.432125091552734375 13.381916999816894531 13.202895164489746094 13.048013687133789063
12.535007476806640625 12.528517723083496094 12.530138969421386719 12.521554946899414063 12.518283843994140625 12.537973403930664063 12.558441162109375 12.591998100280761719 12.634545326232910156 12.65923309326171875 12.694334983825683594 12.694774627685546875 12.692948341369628906 12.645360946655273438 12.578728675842285156 12.511332511901855469 12.41776275634765625 12.392927169799804688 12.4630584716796875 12.427136421203613281 12.183106422424316406 11.998408317565917969 12.0811004638671875 12.0490264892578125 11.743778228759765625 11.652875900268554688 12.016168594360351563 12.455247879028320313 12.796578407287597656 12.958407402038574219 13.048880577087402344 13.2387847900390625 13.552367210388183594 13.820605278015136719 13.820931434631347656 13.563817977905273438 13.403810501098632813 13.380503654479980469 13.350347518920898438 13.30832672119140625
12.622058868408203125 12.597790718078613281 12.587854385375976563 12.607715606689453125 12.675400733947753906 12.787075042724609375 12.916264533996582031 13.047804832458496094 13.171494483947753906 13.268373489379882813 13.342476844787597656 13.370713233947753906 13.384066581726074219 13.344187736511230469 13.269614219665527344 13.141829490661621094 12.965418815612792969 12.721369743347167969 12.480785369873046875 12.417857170104980469 12.31148529052734375 12.187341690063476563 12.256941795349121094 12.363955497741699219 11.991759300231933594 11.504651069641113281 11.488411903381347656 11.919033050537109375 12.415967941284179688 12.889012336730957031 13.153228759765625 13.19329833984375 13.291765213012695313 13.525218009948730469 13.876120567321777344 14.032964706420898438 13.812254905700683594 13.426518440246582031 13.243494033813476563 13.245149612426757813
12.5977935791015625 12.628916740417480469 12.727968215942382813 12.881756782531738281 13.068920135498046875 13.261658668518066406 13.435406684875488281 13.587374687194824219 13.698952674865722656 13.774107933044433594 13.82649993896484375 13.8406219482421875 13.851584434509277344 13.798542976379394531 13.751485824584960938 13.639515876770019531 13.499896049499511719 13.307860374450683594 12.98207855224609375 12.654305458068847656 12.452033042907714844 12.282381057739257813 12.369194984436035156 12.464887619018554688 12.145954132080078125 11.529958724975585938 11.386575698852539063 11.662218093872070313 12.049486160278320313 12.5302581787109375 12.942094802856445313 13.234663963317871094 13.322240829467773438 13.458125114440917969 13.782351493835449219 14.127399444580078125 14.212252616882324219 13.884363174438476563 13.436499595642089844 13.193886756896972656
12.879979133605957031 13.046069145202636719 13.227473258972167969 13.415961265563964844 13.5926513671875 13.732705116271972656 13.836869239807128906 13.904040336608886719 13.954415321350097656 14.002255439758300781 14.019568443298339844 14.020181655883789063 14.0059661865234375 13.969771385192871094 13.922917366027832031 13.867409706115722656 13.784069061279296875 13.704586982727050781 13.564734458923339844 13.259591102600097656 12.886796951293945313 12.561100006103515625 12.426982879638671875 12.470947265625 12.293313980102539063 11.803392410278320313 11.484885215759277344 11.610685348510742188 11.900526046752929688 12.212115287780761719 12.616805076599121094 13.022078514099121094 13.288264274597167969 13.502857208251953125 13.853052139282226563 14.198189735412597656 14.320563316345214844 14.225706100463867188 13.944744110107421875 13.601595878601074219
13.37532806396484375 13.521243095397949219 13.665102958679199219 13.790112495422363281 13.881770133972167969 13.938812255859375 13.972044944763183594 14.014690399169921875 14.068982124328613281 14.10189056396484375 14.114627838134765625 14.099297523498535156 14.065567970275878906 14.006533622741699219 13.941493988037109375 13.907231330871582031 13.874658584594726563 13.83228302001953125 13.815049171447753906 13.746375083923339844 13.467419624328613281 13.080438613891601563 12.713404655456542969 12.523495674133300781 12.361240386962890625 12.093084335327148438 11.849511146545410156 11.819730758666992188 11.941051483154296875 12.125316619873046875 12.384617805480957031 12.799801826477050781 13.236556053161621094 13.557521820068359375 13.847741127014160156 14.206573486328125 14.338487625122070313 14.232852935791015625 14.079042434692382813 13.873858451843261719
13.61786651611328125 13.729985237121582031 13.840776443481445313 13.937274932861328125 14.000209808349609375 14.037332534790039063 14.076700210571289063 14.112250328063964844 14.137946128845214844 14.142133712768554688 14.117258071899414063 14.079870223999023438 14.034211158752441406 14.004299163818359375 13.961073875427246094 13.907939910888671875 13.876954078674316406 13.853729248046875 13.866331100463867188 13.899336814880371094 13.818316459655761719 13.551050186157226563 13.184171676635742188 12.855609893798828125 12.594002723693847656 12.364537239074707031 12.156815528869628906 12.090071678161621094 12.148344039916992188 12.257448196411132813 12.434515953063964844 12.757152557373046875 13.16243743896484375 13.514173507690429688 13.777146339416503906 14.083479881286621094 14.2966766357421875 14.213648796081542969 13.940093994140625 13.794603347778320313
13.828683853149414063 13.929538726806640625 14.027827262878417969 14.092498779296875 14.117938041687011719 14.129243850708007813 14.139498710632324219 14.148371696472167969 14.156929969787597656 14.144472122192382813 14.107985496520996094 14.072478294372558594 14.050323486328125 14.037494659423828125 14.028551101684570313 14.01250457763671875 13.962548255920410156 13.888580322265625 13.867993354797363281 13.907152175903320313 13.962161064147949219 13.906870841979980469 13.708489418029785156 13.423953056335449219 13.123271942138671875 12.865969657897949219 12.658154487609863281 12.515590667724609375 12.493741989135742188 12.538456916809082031 12.629215240478515625 12.836292266845703125 13.164195060729980469 13.497922897338867188 13.733455657958984375 13.973995208740234375 14.3276824951171875 14.335605621337890625 13.981295585632324219 13.699414253234863281
14.007249832153320313 14.067000389099121094 14.0946044921875 14.09288787841796875 14.082736968994140625 14.08951568603515625 14.106695175170898438 14.123235702514648438 14.13362884521484375 14.129100799560546875 14.122503280639648438 14.114882469177246094 14.138546943664550781 14.164652824401855469 14.147774696350097656 14.126924514770507813 14.10157012939453125 14.001241683959960938 13.920596122741699219 13.915300369262695313 13.984283447265625 14.01630401611328125 13.941502571105957031 13.781041145324707031 13.535573959350585938 13.298980712890625 13.087644577026367188 12.905316352844238281 12.825494766235351563 12.82779693603515625 12.860906600952148438 12.98419952392578125 13.255196571350097656 13.572383880615234375 13.840639114379882813 14.106176376342773438 14.442438125610351563 14.507679939270019531 14.167210578918457031 13.738413810729980469
14.006956100463867188 14.012424468994140625 14.010244369506835938 14.00042724609375 13.999981880187988281 14.031342506408691406 14.08646392822265625 14.134433746337890625 14.177828788757324219 14.2092437744140625 14.265130043029785156 14.330693244934082031 14.371966361999511719 14.424673080444335938 14.407567977905273438 14.345948219299316406 14.286691665649414063 14.194803237915039063 14.067090988159179688 13.986125946044921875 14.008814811706542969 14.052103042602539063 14.0495147705078125 13.989315986633300781 13.846494674682617188 13.64829254150390625 13.470317840576171875 13.291064262390136719 13.182668685913085938 13.149835586547851563 13.138169288635253906 13.212714195251464844 13.421750068664550781 13.683672904968261719 13.917095184326171875 14.171162605285644531 14.458437919616699219 14.585081100463867188 14.338572502136230469 13.894455909729003906
14.013616561889648438 14.009037017822265625 13.998951911926269531 14.008473396301269531 14.084317207336425781 14.218390464782714844 14.338029861450195313 14.425817489624023438 14.480283737182617188 14.53890228271484375 14.611735343933105469 14.658595085144042969 14.621325492858886719 14.514354705810546875 14.4078826904296875 14.340307235717773438 14.322958946228027344 14.288235664367675781 14.17169952392578125 14.064900398254394531 14.039437294006347656 14.066317558288574219 14.093396186828613281 14.104457855224609375 14.056850433349609375 13.929028511047363281 13.817015647888183594 13.655011177062988281 13.554233551025390625 13.508680343627929688 13.459242820739746094 13.488045692443847656 13.640425682067871094 13.856850624084472656 14.021351814270019531 14.280405998229980469 14.577283859252929688 14.631237030029296875 14.373979568481445313 13.932904243469238281
14.0778045654296875 14.079639434814453125 14.098492622375488281 14.158197402954101563 14.29186248779296875 14.456151962280273438 14.551953315734863281 14.566649436950683594 14.499116897583007813 14.45829010009765625 14.547799110412597656 14.574372291564941406 14.419749259948730469 14.193220138549804688 14.113721847534179688 14.161966323852539063 14.233922958374023438 14.286151885986328125 14.219305038452148438 14.123944282531738281 14.102121353149414063 14.101301193237304688 14.13721466064453125 14.176393508911132813 14.160908699035644531 14.083725929260253906 14.00275421142578125 13.887805938720703125 13.798430442810058594 13.741532325744628906 13.6676177978515625 13.689568519592285156 13.822568893432617188 13.990008354187011719 14.117684364318847656 14.350653648376464844 14.57677459716796875 14.557764053344726563 14.281827926635742188 13.873202323913574219
14.157510757446289063 14.17881011962890625 14.18325042724609375 14.244502067565917969 14.408220291137695313 14.561877250671386719 14.527869224548339844 14.288321495056152344 14.046610832214355469 13.977295875549316406 14.094618797302246094 14.14687347412109375 14.080000877380371094 14.10921478271484375 14.174793243408203125 14.254100799560546875 14.304822921752929688 14.259621620178222656 14.210079193115234375 14.165457725524902344 14.137094497680664063 14.149588584899902344 14.182909011840820313 14.21817779541015625 14.23790740966796875 14.227267265319824219 14.189882278442382813 14.101976394653320313 14.049862861633300781 13.975297927856445313 13.884929656982421875 13.922560691833496094 14.040065765380859375 14.146732330322265625 14.192850112915039063 14.403089523315429688 14.587941169738769531 14.4933929443359375 14.14067840576171875 13.783644676208496094
14.183515548706054688 14.235212326049804688 14.258014678955078125 14.330389976501464844 14.4944305419921875 14.59514617919921875 14.396512031555175781 13.957977294921875 13.60175323486328125 13.566176414489746094 13.777330398559570313 13.91268157958984375 13.962085723876953125 14.060173988342285156 14.109162330627441406 14.117035865783691406 14.274209976196289063 14.2704315185546875 14.186017036437988281 14.152575492858886719 14.160564422607421875 14.1817779541015625 14.219105720520019531 14.244463920593261719 14.280740737915039063 14.29850006103515625 14.268314361572265625 14.233645439147949219 14.204869270324707031 14.088009834289550781 14.057230949401855469 14.133809089660644531 14.207857131958007813 14.260949134826660156 14.332410812377929688 14.530472755432128906 14.753750801086425781 14.54644775390625 14.126279830932617188 13.881061553955078125
14.177330970764160156 14.266339302062988281 14.28110504150390625 14.337025642395019531 14.485551834106445313 14.559686660766601563 14.353128433227539063 13.931294441223144531 13.610993385314941406 13.631499290466308594 13.821785926818847656 13.986906051635742188 14.011260986328125 14.099167823791503906 14.075014114379882813 14.083217620849609375 14.201542854309082031 14.224779129028320313 14.1307525634765625 14.134685516357421875 14.177279472351074219 14.184126853942871094 14.206217765808105469 14.250832557678222656 14.28513336181640625 14.293196678161621094 14.2681884765625 14.288002967834472656 14.257173538208007813 14.157307624816894531 14.1903076171875 14.265248298645019531 14.31269073486328125 14.314451217651367188 14.436429023742675781 14.605031013488769531 14.852376937866210938 14.637555122375488281 14.171660423278808594 13.967734336853027344
