MapLinkProApp/griddata/temperature/ASCII/cmems_mod_glo_phy-thetao_anfc_0,083deg_P1D-m_1702458667101_1452,3.asc
ncols        121
nrows        120
xllcorner    -30.041666666667
yllcorner    40.041666655981
cellsize     0.083333333333
NODATA_value  9.9692099683868690468e+36
[rows 18 to 35 of 120, columns 0 to 39 of 121]
3.9550545215606689453 3.9042530059814453125 3.8188004493713378906 3.7652580738067626953 3.7249765396118164063 3.7094950675964355469 3.72484588623046875 3.6986422538757324219 3.6665771007537841797 3.7227029800415039063 3.80931854248046875 3.8463466167449951172 3.8205265998840332031 3.741847991943359375 3.6617214679718017578 3.6200518608093261719 3.6477103233337402344 3.7877666950225830078 3.8544132709503173828 3.8368153572082519531 3.8392589092254638672 3.8467237949371337891 3.7968537807464599609 3.7115767002105712891 3.5853869915008544922 3.4997932910919189453 3.3995501995086669922 3.4158029556274414063 3.3761603832244873047 3.3814718723297119141 3.3890473842620849609 3.3892385959625244141 3.383808135986328125 3.4114837646484375 3.4490923881530761719 3.4775996208190917969 3.493656158447265625 3.4982829093933105469 3.4949231147766113281 3.508480072021484375
3.9033670425415039063 3.8452816009521484375 3.7557835578918457031 3.6830437183380126953 3.6648080348968505859 3.722988128662109375 3.7555346488952636719 3.6924457550048828125 3.702960968017578125 3.8131005764007568359 3.8821485042572021484 3.8748726844787597656 3.8188405036926269531 3.7354171276092529297 3.6990425586700439453 3.748043060302734375 3.8535764217376708984 3.8947799205780029297 3.8675124645233154297 3.8873159885406494141 3.9039554595947265625 3.8944680690765380859 3.9040937423706054688 3.8188140392303466797 3.6551330089569091797 3.5298802852630615234 3.4761700630187988281 3.4574007987976074219 3.5018694400787353516 3.4228994846343994141 9.9692099683868690468e+36 3.5412926673889160156 3.5701875686645507813 3.5934443473815917969 3.5858476161956787109 3.5700662136077880859 3.5568437576293945313 3.5535190105438232422 3.5525350570678710938 3.5643975734710693359
3.8269422054290771484 3.7818179130554199219 3.7222278118133544922 3.6764774322509765625 3.6724336147308349609 3.7053842544555664063 3.7236423492431640625 3.7238080501556396484 3.7880001068115234375 3.8635694980621337891 3.8646109104156494141 3.8216969966888427734 3.7873992919921875 3.7763669490814208984 3.8099234104156494141 3.8746514320373535156 3.9142401218414306641 3.9228582382202148438 3.9102175235748291016 3.9204645156860351563 3.9164056777954101563 3.9252166748046875 3.9164140224456787109 3.8951752185821533203 3.7028908729553222656 3.5139062404632568359 3.4700853824615478516 3.5160300731658935547 3.5254790782928466797 3.5210535526275634766 3.6187405586242675781 3.6266908645629882813 3.6791758537292480469 3.6675095558166503906 3.6291148662567138672 3.6329267024993896484 3.6423847675323486328 3.6697890758514404297 3.7018370628356933594 3.7038235664367675781
3.8225505352020263672 3.8043122291564941406 3.8135232925415039063 3.8370621204376220703 3.8696978092193603516 3.8834424018859863281 3.8777370452880859375 3.8626101016998291016 3.8638970851898193359 3.8609113693237304688 3.8425352573394775391 3.8372137546539306641 3.8466467857360839844 3.8528745174407958984 3.8666276931762695313 3.8928346633911132813 3.9120337963104248047 3.9197969436645507813 3.9059338569641113281 3.9071907997131347656 3.9084930419921875 3.9294445514678955078 3.9283807277679443359 3.9558134078979492188 3.8141200542449951172 3.6484344005584716797 3.5662629604339599609 3.6070928573608398438 3.5654692649841308594 3.5424640178680419922 3.5812332630157470703 3.6935858726501464844 3.7567133903503417969 3.7339494228363037109 3.6327431201934814453 3.5875935554504394531 3.62229156494140625 3.7004148960113525391 3.7780466079711914063 3.8266696929931640625
3.9640643596649169922 3.9396893978118896484 3.9198260307312011719 3.8961844444274902344 3.8993830680847167969 3.8957190513610839844 3.8757238388061523438 3.8633379936218261719 3.8647577762603759766 3.8640701770782470703 3.8629515171051025391 3.862644195556640625 3.8590281009674072266 3.8677437305450439453 3.8996655941009521484 3.9369540214538574219 3.9361712932586669922 3.9382920265197753906 3.9422545433044433594 3.9051775932312011719 3.9102568626403808594 3.9491446018218994141 3.9751789569854736328 3.9584619998931884766 3.8993699550628662109 3.7973482608795166016 3.7160120010375976563 3.7324159145355224609 3.6886425018310546875 3.6489479541778564453 3.7018823623657226563 3.8177673816680908203 3.8549141883850097656 3.8877096176147460938 3.7783353328704833984 3.705722808837890625 3.7307856082916259766 3.7882113456726074219 3.8431341648101806641 3.8870003223419189453
4.0243430137634277344 3.9710822105407714844 3.9248330593109130859 3.9216775894165039063 3.8976075649261474609 3.8561921119689941406 3.8266654014587402344 3.8235697746276855469 3.8236148357391357422 3.8254516124725341797 3.8406267166137695313 3.85095977783203125 3.848217010498046875 3.8708586692810058594 3.9251811504364013672 3.9468562602996826172 3.9683692455291748047 3.9799599647521972656 3.9440581798553466797 3.9027719497680664063 3.9099714756011962891 3.9506914615631103516 3.9785046577453613281 3.9426684379577636719 3.9074761867523193359 3.8744285106658935547 3.8820765018463134766 3.834400177001953125 3.8085997104644775391 3.7634043693542480469 3.7997357845306396484 3.872348785400390625 3.8992094993591308594 3.9400975704193115234 3.9096300601959228516 3.9067928791046142578 3.9006314277648925781 3.9419698715209960938 3.9604313373565673828 3.9443471431732177734
3.9536108970642089844 3.9422812461853027344 3.95026397705078125 3.9426946640014648438 3.9007337093353271484 3.8546602725982666016 3.8127655982971191406 3.8026528358459472656 3.8069815635681152344 3.8180968761444091797 3.8455731868743896484 3.8569595813751220703 3.8574452400207519531 3.8961591720581054688 3.9407694339752197266 3.9723322391510009766 3.9998342990875244141 3.9829943180084228516 3.9203836917877197266 3.8945155143737792969 3.9343473911285400391 3.9500074386596679688 3.9485421180725097656 3.9176900386810302734 9.9692099683868690468e+36 3.9202983379364013672 3.9440891742706298828 3.8823933601379394531 3.8921825885772705078 3.9020452499389648438 3.9058327674865722656 3.9372045993804931641 3.9455687999725341797 3.9594070911407470703 3.9186730384826660156 3.8893129825592041016 3.8734896183013916016 3.8969655036926269531 3.9109694957733154297 3.8877539634704589844
3.9544188976287841797 3.939846038818359375 3.9276018142700195313 3.9572620391845703125 3.9582035541534423828 3.9227700233459472656 3.8683314323425292969 3.8298213481903076172 3.8320255279541015625 3.8551373481750488281 3.8724322319030761719 3.8839054107666015625 3.9060504436492919922 3.9394853115081787109 3.9541451930999755859 3.9654490947723388672 3.9815781116485595703 3.9638652801513671875 3.9192163944244384766 3.9240732192993164063 3.9608674049377441406 3.9558968544006347656 3.90740203857421875 3.9062900543212890625 3.9255809783935546875 3.9434328079223632813 3.96796417236328125 3.9610202312469482422 3.9938554763793945313 3.9906976222991943359 3.9356317520141601563 3.8955662250518798828 3.8743698596954345703 3.8531138896942138672 3.8424363136291503906 3.8274843692779541016 3.8230364322662353516 3.8407602310180664063 3.8624410629272460938 3.8468987941741943359
3.89748382568359375 3.9094827175140380859 3.9314200878143310547 3.9595024585723876953 3.9800107479095458984 3.9749104976654052734 3.9282062053680419922 3.8693492412567138672 3.8506767749786376953 3.862701416015625 3.8646378517150878906 3.8620710372924804688 3.8838241100311279297 3.9175751209259033203 3.9182965755462646484 3.8978779315948486328 3.8848786354064941406 3.9021189212799072266 3.8948559761047363281 3.9122018814086914063 3.9512040615081787109 3.9388456344604492188 3.8970553874969482422 3.8487308025360107422 3.8927948474884033203 3.9427075386047363281 3.9832239151000976563 3.9811697006225585938 3.9016499519348144531 3.8479132652282714844 3.8050746917724609375 3.8028154373168945313 3.8030922412872314453 3.8000435829162597656 3.8091809749603271484 3.8159337043762207031 3.8286759853363037109 3.8328680992126464844 3.8077616691589355469 3.7681610584259033203
3.9094436168670654297 3.8988649845123291016 3.9378297328948974609 3.9702985286712646484 3.9810726642608642578 3.9479730129241943359 3.9467599391937255859 3.9315688610076904297 3.8749909400939941406 3.8395464420318603516 3.8292491436004638672 3.8184874057769775391 3.8286435604095458984 3.8669390678405761719 3.8796839714050292969 3.8644926548004150391 3.868801116943359375 3.8788311481475830078 3.9122221469879150391 3.9409632682800292969 3.9655139446258544922 3.9597687721252441406 3.9207251071929931641 3.8598487377166748047 3.8852672576904296875 3.9034936428070068359 3.876255035400390625 3.7802019119262695313 3.774806976318359375 3.7628169059753417969 3.7937119007110595703 3.8049874305725097656 9.9692099683868690468e+36 9.9692099683868690468e+36 3.8266928195953369141 3.8204531669616699219 3.7998552322387695313 3.7703278064727783203 3.7334127426147460938 3.7271065711975097656
3.9157547950744628906 3.9102551937103271484 3.9097146987915039063 3.9184176921844482422 3.9339323043823242188 3.9305922985076904297 3.9010241031646728516 3.8703567981719970703 3.8486106395721435547 3.8301587104797363281 3.8132252693176269531 3.7952411174774169922 3.7832329273223876953 3.7891757488250732422 3.8138868808746337891 3.8531279563903808594 3.8749315738677978516 3.8733830451965332031 3.9006950855255126953 3.9440438747406005859 3.9734139442443847656 4.0067191123962402344 4.0383229255676269531 3.9857027530670166016 3.9142858982086181641 3.8788254261016845703 3.8548114299774169922 3.7934353351593017578 3.7691676616668701172 3.7472181320190429688 3.7526986598968505859 3.7593638896942138672 3.7658073902130126953 3.7692868709564208984 3.7661726474761962891 3.7509746551513671875 3.7430906295776367188 3.7293953895568847656 3.7336792945861816406 3.7642793655395507813
3.8949766159057617188 3.8866035938262939453 3.8602879047393798828 3.8531780242919921875 3.8426694869995117188 3.8481354713439941406 3.8650403022766113281 3.8586015701293945313 3.8404488563537597656 3.8260865211486816406 3.8165104389190673828 3.820465087890625 3.828723907470703125 3.8430695533752441406 3.8613021373748779297 3.8957924842834472656 3.9256272315979003906 3.9344851970672607422 3.9345519542694091797 3.9460797309875488281 3.9567115306854248047 3.9747350215911865234 4.0288915634155273438 4.0670185089111328125 3.9828891754150390625 3.9754977226257324219 3.9332575798034667969 3.8813381195068359375 3.842693328857421875 3.7707843780517578125 3.7367038726806640625 3.7521619796752929688 3.7344441413879394531 3.7210927009582519531 3.7130770683288574219 3.7045602798461914063 3.7076120376586914063 3.7064871788024902344 3.7263739109039306641 3.7717158794403076172
3.8472890853881835938 3.8411531448364257813 3.7988016605377197266 3.7503092288970947266 3.7137472629547119141 3.7167928218841552734 3.751194000244140625 3.7758784294128417969 3.7826898097991943359 3.7815644741058349609 3.7873036861419677734 3.8134987354278564453 3.8388605117797851563 3.8654084205627441406 3.8922286033630371094 3.9146800041198730469 3.9281499385833740234 3.9472804069519042969 3.9597148895263671875 3.9609744548797607422 3.9649884700775146484 3.9689624309539794922 4.0419888496398925781 4.0759158134460449219 4.003875732421875 3.9854404926300048828 3.9436523914337158203 3.8670201301574707031 3.8086948394775390625 3.7505576610565185547 3.7368891239166259766 3.7421257495880126953 3.7489933967590332031 3.723236083984375 3.7083139419555664063 3.6837365627288818359 3.6802029609680175781 3.6898663043975830078 3.7176861763000488281 3.7597811222076416016
3.7862827777862548828 3.7603411674499511719 3.7122595310211181641 3.6878690719604492188 3.6906597614288330078 3.6966021060943603516 3.7067835330963134766 3.7229607105255126953 3.7439115047454833984 3.7728326320648193359 3.8058609962463378906 3.8391854763031005859 3.8682475090026855469 3.8979218006134033203 3.9210255146026611328 3.9363181591033935547 3.9512419700622558594 3.9519464969635009766 3.9616866111755371094 3.959613800048828125 3.9542174339294433594 4.0064740180969238281 4.0934491157531738281 4.0641903877258300781 4.0608425140380859375 3.9743883609771728516 3.9373266696929931641 3.9084165096282958984 3.8586928844451904297 3.7585306167602539063 3.716426849365234375 3.7064788341522216797 3.7112460136413574219 3.7013037204742431641 3.6817030906677246094 3.6709661483764648438 3.6692147254943847656 3.6751902103424072266 3.6937172412872314453 3.7350485324859619141
3.7236998081207275391 3.6937928199768066406 3.6805906295776367188 3.6909921169281005859 3.7059278488159179688 3.7189550399780273438 3.7340641021728515625 3.7516124248504638672 3.7725212574005126953 3.7978053092956542969 3.8258547782897949219 3.8582894802093505859 3.8956072330474853516 3.9399907588958740234 3.9800753593444824219 4.012058258056640625 4.0229730606079101563 4.0034322738647460938 3.9738254547119140625 3.9685139656066894531 4.0075511932373046875 4.04433441162109375 4.0841937065124511719 4.0747342109680175781 4.0935182571411132813 3.9963138103485107422 3.9818022251129150391 4.0550508499145507813 3.9986577033996582031 3.9020736217498779297 3.7573056221008300781 3.7283227443695068359 3.7431998252868652344 3.7295718193054199219 3.7205793857574462891 3.7123060226440429688 3.7027387619018554688 3.6786916255950927734 3.6775989532470703125 3.7181980609893798828
3.6409399509429931641 3.6324067115783691406 3.6393666267395019531 3.6379745006561279297 3.6404252052307128906 3.6524200439453125 3.6641790866851806641 3.6713407039642333984 3.6786801815032958984 3.6908218860626220703 3.7086310386657714844 3.7386441230773925781 3.787296295166015625 3.8545064926147460938 3.9288353919982910156 3.9966514110565185547 4.0284795761108398438 4.0279641151428222656 4.0238862037658691406 4.0210652351379394531 4.0269150733947753906 4.0655446052551269531 4.0970997810363769531 4.0745763778686523438 4.0851812362670898438 4.1030430793762207031 4.1029667854309082031 4.1205205917358398438 4.1258320808410644531 4.0914907455444335938 3.9003729820251464844 3.7842617034912109375 3.7755556106567382813 3.8122115135192871094 3.8067071437835693359 3.7785546779632568359 3.7399573326110839844 3.7114291191101074219 3.6794469356536865234 3.6852669715881347656
3.5563647747039794922 3.5456526279449462891 3.5550923347473144531 3.5559217929840087891 3.5547466278076171875 3.5671329498291015625 3.5786979198455810547 3.5765092372894287109 3.5725123882293701172 3.5771622657775878906 3.5901439189910888672 3.6138963699340820313 3.6522338390350341797 3.7059853076934814453 3.7854015827178955078 3.8838353157043457031 3.9688117504119873047 4.0017080307006835938 4.0126867294311523438 4.01665496826171875 4.0019893646240234375 4.0283184051513671875 4.0510468482971191406 4.0524969100952148438 4.0717616081237792969 4.079784393310546875 4.0910048484802246094 4.0974636077880859375 4.0681853294372558594 4.0651917457580566406 3.9465088844299316406 3.81313323974609375 3.7658443450927734375 3.7968821525573730469 3.8175504207611083984 3.8486371040344238281 3.8053133487701416016 3.7450389862060546875 3.6789724826812744141 3.6550891399383544922
3.5451498031616210938 3.5204129219055175781 3.5128724575042724609 3.5133690834045410156 3.5157053470611572266 3.5240581035614013672 3.5350975990295410156 3.5401804447174072266 3.5439045429229736328 3.5560219287872314453 3.5766892433166503906 3.5993113517761230469 3.6201748847961425781 3.6398992538452148438 3.6653180122375488281 3.7122781276702880859 3.8080487251281738281 3.9103314876556396484 3.9710946083068847656 3.9913840293884277344 3.9875206947326660156 4.0053944587707519531 4.0144796371459960938 4.0273303985595703125 4.0418596267700195313 4.0381383895874023438 4.0634198188781738281 4.0549564361572265625 4.0649385452270507813 4.0546307563781738281 3.98348236083984375 3.8670508861541748047 3.8651814460754394531 3.8760740756988525391 3.8987247943878173828 3.8945620059967041016 3.8678505420684814453 3.7967052459716796875 3.7315824031829833984 3.6626207828521728516
