MapLinkProApp/griddata/temperature/ASCII/cmems_mod_glo_phy-thetao_anfc_0,083deg_P1D-m_1702458667101_1245,3.asc
ncols        121
nrows        120
xllcorner    -30.041666666667
yllcorner    40.041666655981
cellsize     0.083333333333
NODATA_value  9.9692099683868690468e+36
[rows 90 to 107 of 120, columns 40 to 79 of 121]
6.4503087997436523438 6.5531821250915527344 6.4019937515258789063 6.1075921058654785156 6.023418426513671875 6.2080564498901367188 6.2930092811584472656 6.1937508583068847656 6.0373463630676269531 5.906864166259765625 5.9446516036987304688 6.101863861083984375 6.2635979652404785156 6.2835965156555175781 6.2009358406066894531 6.1045765876770019531 6.0814867019653320313 6.1482453346252441406 6.2618575096130371094 6.3276324272155761719 6.3555521965026855469 6.3946967124938964844 6.4035186767578125 6.3426866531372070313 6.2708578109741210938 6.2603087425231933594 6.3582592010498046875 6.5036349296569824219 6.5914239883422851563 6.6062407493591308594 6.5054035186767578125 6.2522768974304199219 5.9556012153625488281 5.8584222793579101563 5.9462952613830566406 6.0323042869567871094 6.1960806846618652344 6.1647295951843261719 6.0772776603698730469 6.0674729347229003906
6.5954279899597167969 6.6806669235229492188 6.5821652412414550781 6.3535451889038085938 6.076969146728515625 6.1431031227111816406 6.3074207305908203125 6.2591309547424316406 6.1708936691284179688 6.1409902572631835938 6.1976962089538574219 6.2971234321594238281 6.3189549446105957031 6.2931532859802246094 6.1848087310791015625 6.0685606002807617188 6.0492606163024902344 6.1154274940490722656 6.2405991554260253906 6.3425984382629394531 6.3955264091491699219 6.3984942436218261719 6.3715996742248535156 6.320774078369140625 6.2951717376708984375 6.3269801139831542969 6.407550811767578125 6.5540313720703125 6.6707234382629394531 6.6787505149841308594 6.6675190925598144531 6.6344995498657226563 6.497966766357421875 6.3359208106994628906 6.2962980270385742188 6.3971276283264160156 6.4933705329895019531 6.3465719223022460938 6.1084794998168945313 6.1082744598388671875
6.6013307571411132813 6.7962212562561035156 6.7237868309020996094 6.5572428703308105469 6.2760939598083496094 6.0274300575256347656 6.217456817626953125 6.3321022987365722656 6.2777614593505859375 6.2944660186767578125 6.3675813674926757813 6.3959393501281738281 6.3808488845825195313 6.4092431068420410156 6.3009066581726074219 6.1703624725341796875 6.17517852783203125 6.2406549453735351563 6.3349881172180175781 6.4505758285522460938 6.48448944091796875 6.4584398269653320313 6.3870873451232910156 6.3332056999206542969 6.365474700927734375 6.419261932373046875 6.5055575370788574219 6.6585879325866699219 6.7691831588745117188 6.7834253311157226563 6.7810144424438476563 6.7687816619873046875 6.7068681716918945313 6.6367344856262207031 6.5920290946960449219 6.5970239639282226563 6.5216708183288574219 6.2559938430786132813 5.9891328811645507813 5.8722753524780273438
6.6459803581237792969 6.830310821533203125 6.7950491905212402344 6.6202678680419921875 6.4913010597229003906 6.1392560005187988281 5.891998291015625 6.0586395263671875 6.2420544624328613281 6.2948694229125976563 6.3042054176330566406 6.3591065406799316406 6.4450159072875976563 6.5185718536376953125 6.3843235969543457031 6.2764005661010742188 6.328960418701171875 6.4397840499877929688 6.5670671463012695313 6.6622118949890136719 6.6514801979064941406 6.5650963783264160156 6.47261810302734375 6.4575443267822265625 6.503787994384765625 6.5523500442504882813 6.6456456184387207031 6.8057146072387695313 6.9160685539245605469 6.8996706008911132813 6.8462986946105957031 6.8096532821655273438 6.75970458984375 6.6953129768371582031 6.6253228187561035156 6.5399842262268066406 6.2994642257690429688 5.9213376045227050781 5.6219635009765625 5.5068073272705078125
6.6415858268737792969 6.6892223358154296875 6.6633014678955078125 6.569126129150390625 6.4876766204833984375 6.2809171676635742188 5.7728981971740722656 5.6499471664428710938 5.9038076400756835938 6.0526375770568847656 6.1579113006591796875 6.2123637199401855469 6.4095711708068847656 6.5866503715515136719 6.4862923622131347656 6.4792647361755371094 6.5750246047973632813 6.7025918960571289063 6.8184528350830078125 6.86901092529296875 6.8053750991821289063 6.692874908447265625 6.6460528373718261719 6.6769847869873046875 6.7352452278137207031 6.7693777084350585938 6.8452558517456054688 6.9837470054626464844 7.0720243453979492188 7.0219569206237792969 6.8889608383178710938 6.7898869514465332031 6.7203669548034667969 6.66623687744140625 6.5936636924743652344 6.4226059913635253906 6.1863350868225097656 5.8790278434753417969 5.5389385223388671875 5.4510703086853027344
6.5371499061584472656 6.5279979705810546875 6.5298089981079101563 6.5062265396118164063 6.3798174858093261719 6.118030548095703125 5.7017874717712402344 5.5338082313537597656 5.6328797340393066406 5.8172268867492675781 6.0111846923828125 6.1153774261474609375 6.4190850257873535156 6.585308074951171875 6.5456337928771972656 6.6117391586303710938 6.7539534568786621094 6.8600711822509765625 6.9056296348571777344 6.8978824615478515625 6.8477749824523925781 6.8398413658142089844 6.9035601615905761719 6.9694623947143554688 7.0135922431945800781 7.0143237113952636719 7.0284800529479980469 7.1212525367736816406 7.1790266036987304688 7.0738148689270019531 6.9058170318603515625 6.8197984695434570313 6.7703042030334472656 6.6852440834045410156 6.5486655235290527344 6.4060778617858886719 6.2360057830810546875 5.8818335533142089844 5.5618944168090820313 5.6167173385620117188
6.2800173759460449219 6.39856719970703125 6.37955474853515625 6.1813220977783203125 5.9270963668823242188 5.6984114646911621094 5.5545048713684082031 5.4994831085205078125 5.5655488967895507813 5.7701883316040039063 5.9478917121887207031 6.1872205734252929688 6.4293737411499023438 6.5367732048034667969 6.5848712921142578125 6.7466063499450683594 6.9664196968078613281 7.1138925552368164063 7.1797361373901367188 7.1664676666259765625 7.1340117454528808594 7.1854839324951171875 7.2943882942199707031 7.3594126701354980469 7.3480973243713378906 7.2905592918395996094 7.2620725631713867188 7.2885384559631347656 7.296192169189453125 7.1885924339294433594 7.0074858665466308594 6.8741941452026367188 6.7535834312438964844 6.5794949531555175781 6.422607421875 6.3070454597473144531 6.1445956230163574219 5.88996124267578125 5.6816763877868652344 5.8334498405456542969
6.0977330207824707031 6.1287546157836914063 5.9917097091674804688 5.8019108772277832031 5.6612305641174316406 5.6049098968505859375 5.616455078125 5.6436638832092285156 5.5945668220520019531 5.6326937675476074219 5.8038849830627441406 6.1235418319702148438 6.3369512557983398438 6.5475702285766601563 6.8156914710998535156 7.0752520561218261719 7.2617821693420410156 7.3872599601745605469 7.4636669158935546875 7.4644269943237304688 7.4519171714782714844 7.5260491371154785156 7.6290135383605957031 7.6537904739379882813 7.5974073410034179688 7.5247883796691894531 7.4834547042846679688 7.4692234992980957031 7.4159364700317382813 7.2713727951049804688 7.1028852462768554688 6.9084782600402832031 6.5781683921813964844 6.2497014999389648438 6.1684432029724121094 6.2439227104187011719 6.2207202911376953125 6.0598669052124023438 5.9009103775024414063 5.9594440460205078125
5.8887991905212402344 5.9473414421081542969 5.9358701705932617188 5.8768019676208496094 5.8386030197143554688 5.8127045631408691406 5.7589869499206542969 5.7608003616333007813 5.7868585586547851563 5.724857330322265625 5.8247690200805664063 6.057041168212890625 6.2627587318420410156 6.555141448974609375 6.9082965850830078125 7.1700963973999023438 7.3480238914489746094 7.4520473480224609375 7.5285229682922363281 7.5788588523864746094 7.6146578788757324219 7.68581390380859375 7.7414507865905761719 7.71258544921875 7.648342132568359375 7.6113786697387695313 7.5958971977233886719 7.5530724525451660156 7.4287381172180175781 7.2472076416015625 7.0581965446472167969 6.77944183349609375 6.3886394500732421875 6.1511621475219726563 6.19806671142578125 6.3169813156127929688 6.3099451065063476563 6.1799569129943847656 6.0258588790893554688 5.9784998893737792969
5.98586273193359375 6.0793385505676269531 6.1158776283264160156 6.1133675575256347656 6.1001415252685546875 6.1149182319641113281 6.0900640487670898438 6.0804476737976074219 6.1212801933288574219 6.1390738487243652344 6.1117849349975585938 6.1880850791931152344 6.4188332557678222656 6.7748050689697265625 7.1242589950561523438 7.3186063766479492188 7.4451947212219238281 7.5621700286865234375 7.6720490455627441406 7.7081193923950195313 7.6658968925476074219 7.6157207489013671875 7.5814838409423828125 7.5572252273559570313 7.5753006935119628906 7.5939650535583496094 7.5594916343688964844 7.4734740257263183594 7.3151865005493164063 7.1426968574523925781 6.9468545913696289063 6.6286187171936035156 6.3054227828979492188 6.1988210678100585938 6.2972579002380371094 6.4049787521362304688 6.3971810340881347656 6.2901144027709960938 6.1797857284545898438 6.0659031867980957031
6.0247330665588378906 6.0860657691955566406 6.2050127983093261719 6.2155427932739257813 6.1982302665710449219 6.1277208328247070313 6.0748414993286132813 6.1596646308898925781 6.3431134223937988281 6.443279266357421875 6.4712848663330078125 6.5189566612243652344 6.7389955520629882813 7.0390734672546386719 7.2724928855895996094 7.3555064201354980469 7.4897751808166503906 7.6545596122741699219 7.6932702064514160156 7.5879540443420410156 7.4331846237182617188 7.3575606346130371094 7.3914923667907714844 7.4732608795166015625 7.5783753395080566406 7.6062483787536621094 7.4790172576904296875 7.3020548820495605469 7.1006388664245605469 6.9193563461303710938 6.7638173103332519531 6.5577788352966308594 6.3876376152038574219 6.3462758064270019531 6.3999471664428710938 6.4708724021911621094 6.5182619094848632813 6.5203471183776855469 6.4960031509399414063 6.4260277748107910156
6.0483250617980957031 6.1171283721923828125 6.2502074241638183594 6.206012725830078125 6.108432769775390625 6.0377216339111328125 6.0382452011108398438 6.1696214675903320313 6.3844609260559082031 6.5894842147827148438 6.7271862030029296875 6.7427721023559570313 6.9315924644470214844 7.1340088844299316406 7.2728729248046875 7.4014420509338378906 7.6369953155517578125 7.7575550079345703125 7.6271457672119140625 7.423885345458984375 7.2999358177185058594 7.3165736198425292969 7.4389061927795410156 7.5525860786437988281 7.5938038825988769531 7.4601492881774902344 7.2046895027160644531 6.9866819381713867188 6.7687053680419921875 6.55712127685546875 6.4057517051696777344 6.2942047119140625 6.2403426170349121094 6.2687134742736816406 6.3273153305053710938 6.3851108551025390625 6.4563679695129394531 6.5211954116821289063 6.5494704246520996094 6.5487499237060546875
6.0490946769714355469 6.3083271980285644531 6.3154129981994628906 6.0787672996520996094 5.9317326545715332031 5.9475407600402832031 6.0659723281860351563 6.1617336273193359375 6.3638901710510253906 6.7003107070922851563 6.9310374259948730469 7.0110788345336914063 7.1291985511779785156 7.2631354331970214844 7.3932924270629882813 7.54193115234375 7.7081613540649414063 7.6319379806518554688 7.4454298019409179688 7.3234682083129882813 7.3243985176086425781 7.41109466552734375 7.5226545333862304688 7.5495266914367675781 7.4648618698120117188 7.2771687507629394531 7.0323839187622070313 6.7551970481872558594 6.5299363136291503906 6.3924164772033691406 6.2968645095825195313 6.237545013427734375 6.2322673797607421875 6.2521338462829589844 6.2502026557922363281 6.2658934593200683594 6.3095531463623046875 6.3607015609741210938 6.3884801864624023438 6.4111185073852539063
6.3782601356506347656 6.4306268692016601563 6.1357631683349609375 5.8928356170654296875 6.0972104072570800781 6.4108023643493652344 6.5818643569946289063 6.493511199951171875 6.4892892837524414063 6.7562375068664550781 7.0355267524719238281 7.2501053810119628906 7.3821496963500976563 7.5036387443542480469 7.5494923591613769531 7.6450552940368652344 7.6890411376953125 7.4611878395080566406 7.3465070724487304688 7.3384261131286621094 7.4132533073425292969 7.5121021270751953125 7.5083212852478027344 7.3943524360656738281 7.2334809303283691406 7.0137171745300292969 6.7916331291198730469 6.6092123985290527344 6.4493722915649414063 6.283206939697265625 6.2119145393371582031 6.2390828132629394531 6.2339673042297363281 6.1969866752624511719 6.1711831092834472656 6.1502904891967773438 6.1483082771301269531 6.1820964813232421875 6.2275586128234863281 6.2821044921875
6.48368072509765625 6.2031426429748535156 5.9392533302307128906 6.1596803665161132813 6.3688797950744628906 6.541767120361328125 6.7522435188293457031 6.7944235801696777344 6.7611184120178222656 6.9688501358032226563 7.231983184814453125 7.4223175048828125 7.5488438606262207031 7.6372804641723632813 7.6318449974060058594 7.7328119277954101563 7.5621418952941894531 7.31284332275390625 7.3064751625061035156 7.351985931396484375 7.45029449462890625 7.4806118011474609375 7.3786807060241699219 7.2292151451110839844 7.0291528701782226563 6.8010492324829101563 6.6371822357177734375 6.5289454460144042969 6.4280734062194824219 6.3557310104370117188 6.3141012191772460938 6.2451319694519042969 6.2111406326293945313 6.2050466537475585938 6.15936279296875 6.1390371322631835938 6.1164221763610839844 6.1052618026733398438 6.1596817970275878906 6.2477626800537109375
6.3845033645629882813 6.1240358352661132813 6.1589083671569824219 6.1796817779541015625 6.2610149383544921875 6.6035137176513671875 6.865886688232421875 6.9094305038452148438 6.9360399246215820313 7.16413116455078125 7.3831014633178710938 7.5769810676574707031 7.7264251708984375 7.7783970832824707031 7.7792510986328125 7.7687449455261230469 7.4790277481079101563 7.2589144706726074219 7.2881765365600585938 7.3689303398132324219 7.4706563949584960938 7.4613347053527832031 7.3203940391540527344 7.1341090202331542969 6.9290766716003417969 6.734344482421875 6.6459088325500488281 6.6003880500793457031 6.5310444831848144531 6.454593658447265625 6.3974819183349609375 6.3452639579772949219 6.3308849334716796875 6.326137542724609375 6.3089156150817871094 6.3142666816711425781 6.3214693069458007813 6.3471512794494628906 6.420078277587890625 6.5266566276550292969
6.2757544517517089844 6.0745663642883300781 6.2037577629089355469 6.2549190521240234375 6.5342926979064941406 6.9143524169921875 7.044475555419921875 7.0272603034973144531 7.0108819007873535156 7.2265877723693847656 7.470165252685546875 7.6927614212036132813 7.8786597251892089844 7.8839263916015625 7.8857302665710449219 7.6976389884948730469 7.4245972633361816406 7.2939281463623046875 7.3536124229431152344 7.4291229248046875 7.509063720703125 7.4436063766479492188 7.2614650726318359375 7.0629382133483886719 6.8774733543395996094 6.7314395904541015625 6.7040815353393554688 6.7441310882568359375 6.7042217254638671875 6.6018533706665039063 6.502719879150390625 6.4043221473693847656 6.3595819473266601563 6.3691577911376953125 6.370296478271484375 6.3937854766845703125 6.4238061904907226563 6.44073486328125 6.4760961532592773438 6.518306732177734375
6.089565277099609375 6.188426971435546875 6.3323221206665039063 6.5082917213439941406 6.9395456314086914063 7.2216329574584960938 7.2270722389221191406 7.1304931640625 7.0785493850708007813 7.3370060920715332031 7.6510190963745117188 7.8692903518676757813 7.9838204383850097656 8.0113973617553710938 7.9854044914245605469 7.7670764923095703125 7.6047906875610351563 7.5029320716857910156 7.5195178985595703125 7.5408344268798828125 7.5228018760681152344 7.407207489013671875 7.1723756790161132813 6.9894499778747558594 6.8093481063842773438 6.6950383186340332031 6.6582612991333007813 6.7350168228149414063 6.7735714912414550781 6.6498894691467285156 6.5088214874267578125 6.4579443931579589844 6.4277734756469726563 6.4238100051879882813 6.464954376220703125 6.5051584243774414063 6.5210638046264648438 6.5247683525085449219 6.5474157333374023438 6.5866332054138183594
