MapLinkProApp/griddata/temperature/ASCII/cmems_mod_glo_phy-thetao_anfc_0,083deg_P1D-m_1702458667101_902,3.asc
ncols        121
nrows        120
xllcorner    -30.041666666667
yllcorner    40.041666655981
cellsize     0.083333333333
NODATA_value  9.9692099683868690468e+36
[rows 18 to 35 of 120, columns 0 to 39 of 121]
5.5853891372680664063 5.5661363601684570313 5.4529323577880859375 5.2913751602172851563 5.1630840301513671875 5.0746521949768066406 5.1198439598083496094 5.0674657821655273438 4.9120936393737792969 4.874111175537109375 4.9248633384704589844 4.9336924552917480469 4.8551788330078125 4.7139253616333007813 4.6042008399963378906 4.5774559974670410156 4.6502408981323242188 4.8092756271362304688 4.95886993408203125 5.0266442298889160156 5.0532345771789550781 5.0433192253112792969 5.1095929145812988281 5.1855101585388183594 5.0870046615600585938 4.9184994697570800781 4.84906768798828125 4.8976674079895019531 4.8947353363037109375 4.8151345252990722656 4.7322111129760742188 4.6616225242614746094 4.576938629150390625 4.4568619728088378906 4.3038377761840820313 4.1968679428100585938 4.1889081001281738281 4.2520136833190917969 4.2814211845397949219 4.2557797431945800781
5.6251993179321289063 5.57744598388671875 5.4859981536865234375 5.3455972671508789063 5.1916894912719726563 5.0916399955749511719 5.0919742584228515625 4.997196197509765625 4.9088087081909179688 4.9649362564086914063 4.9855532646179199219 4.894504547119140625 4.7819538116455078125 4.678447723388671875 4.6648235321044921875 4.7942528724670410156 4.9779214859008789063 5.023357391357421875 4.9467673301696777344 4.9161067008972167969 4.8868737220764160156 4.8918819427490234375 4.9752969741821289063 5.1475148200988769531 5.2066445350646972656 5.1271862983703613281 4.9995999336242675781 4.9335007667541503906 4.9360251426696777344 4.8594455718994140625 4.7778720855712890625 4.7080621719360351563 4.60205078125 4.451076507568359375 4.3226175308227539063 4.3290529251098632813 4.3879437446594238281 4.4180078506469726563 4.4043016433715820313 4.3511309623718261719
5.5588617324829101563 5.4985189437866210938 5.4450554847717285156 5.3342890739440917969 5.2199573516845703125 5.1517453193664550781 5.1064910888671875 4.9821043014526367188 4.960926055908203125 5.0555520057678222656 5.0024523735046386719 4.8420581817626953125 4.7924647331237792969 4.847316741943359375 4.9700903892517089844 5.0941281318664550781 5.0740337371826171875 4.9166965484619140625 4.8591570854187011719 4.8422026634216308594 4.8453946113586425781 4.8550825119018554688 4.8615403175354003906 5.0928778648376464844 5.2761440277099609375 5.1807861328125 5.0254769325256347656 4.97672271728515625 4.9701147079467773438 4.9231524467468261719 4.8636708259582519531 4.8099465370178222656 4.74073028564453125 4.6369733810424804688 4.5532617568969726563 4.5399069786071777344 4.5869226455688476563 4.5925650596618652344 4.5505166053771972656 4.4755649566650390625
5.4389009475708007813 5.4005799293518066406 5.342624664306640625 5.2767920494079589844 5.2231960296630859375 5.1562356948852539063 5.0593695640563964844 5.0047440528869628906 5.13733673095703125 5.2763795852661132813 5.2115449905395507813 5.1232881546020507813 5.1603484153747558594 5.2042460441589355469 5.1963372230529785156 5.070598602294921875 4.9054698944091796875 4.8597779273986816406 4.9264645576477050781 4.9938035011291503906 5.0113172531127929688 4.9568576812744140625 4.9053692817687988281 5.0654163360595703125 5.3284773826599121094 5.4358687400817871094 5.40130615234375 5.3085126876831054688 5.2189502716064453125 5.1149239540100097656 5.026836395263671875 4.9558811187744140625 4.8797678947448730469 4.7820873260498046875 4.6738443374633789063 4.6302938461303710938 4.6624011993408203125 4.7043623924255371094 4.6738247871398925781 4.5794787406921386719
5.4606127738952636719 5.4499192237854003906 5.421726226806640625 5.3885746002197265625 5.2968487739562988281 5.1537580490112304688 5.0839123725891113281 5.175708770751953125 5.357486724853515625 5.4042596817016601563 5.2990131378173828125 5.2502164840698242188 5.2758531570434570313 5.2416558265686035156 5.1273598670959472656 4.9558138847351074219 4.9390530586242675781 5.0104451179504394531 5.0791187286376953125 5.0989584922790527344 5.0812125205993652344 5.0602173805236816406 5.0488719940185546875 5.1170663833618164063 5.2987346649169921875 5.4742341041564941406 5.5507159233093261719 5.5466909408569335938 5.4537749290466308594 5.2932362556457519531 5.1410508155822753906 5.0607995986938476563 5.0194177627563476563 4.965362548828125 4.8475928306579589844 4.766956329345703125 4.7509217262268066406 4.7703299522399902344 4.7308669090270996094 4.5765900611877441406
5.5152587890625 5.49871063232421875 5.4959812164306640625 5.4933476448059082031 5.4773235321044921875 5.434604644775390625 5.4150471687316894531 5.4765582084655761719 5.5404706001281738281 5.5030736923217773438 5.4219555854797363281 5.3895311355590820313 5.4018568992614746094 5.3605780601501464844 5.1803774833679199219 5.0815815925598144531 5.1640100479125976563 5.2646822929382324219 5.2559213638305664063 5.1628050804138183594 5.2015261650085449219 5.2823247909545898438 5.3303380012512207031 5.3427395820617675781 5.380825042724609375 5.4883742332458496094 5.5967187881469726563 5.6719570159912109375 5.6578893661499023438 5.5562391281127929688 5.431060791015625 5.3081297874450683594 5.2166152000427246094 5.1494207382202148438 5.0704817771911621094 4.9914536476135253906 4.9168009757995605469 4.8507318496704101563 4.7291846275329589844 4.54967498779296875
5.5089259147644042969 5.5104088783264160156 5.5515031814575195313 5.5649180412292480469 5.5205965042114257813 5.4969563484191894531 5.5444064140319824219 5.6051759719848632813 5.6051540374755859375 5.55187225341796875 5.5094852447509765625 5.4769234657287597656 5.3912630081176757813 5.2499341964721679688 5.1399083137512207031 5.1916356086730957031 5.3637738227844238281 5.4490046501159667969 5.3803791999816894531 5.30413055419921875 5.276371002197265625 5.2698693275451660156 5.3250241279602050781 5.4059338569641113281 5.4956088066101074219 5.5927209854125976563 5.6600766181945800781 5.6987752914428710938 5.711345672607421875 5.7038903236389160156 5.6638660430908203125 5.5553956031799316406 5.438129425048828125 5.3242845535278320313 5.2006306648254394531 5.0646691322326660156 5.0001263618469238281 4.9062566757202148438 4.7609224319458007813 4.6163601875305175781
5.6614866256713867188 5.7199845314025878906 5.7038259506225585938 5.6142029762268066406 5.55316925048828125 5.5254597663879394531 5.5031332969665527344 5.4994096755981445313 5.483489990234375 5.4610562324523925781 5.4686117172241210938 5.4812493324279785156 5.4464554786682128906 5.3309831619262695313 5.2078838348388671875 5.2656564712524414063 5.4312167167663574219 5.4798941612243652344 5.4277620315551757813 5.4018874168395996094 5.3866262435913085938 5.3018221855163574219 5.2764902114868164063 5.3035173416137695313 5.4024410247802734375 5.4991979598999023438 5.5603976249694824219 5.59417724609375 5.5845341682434082031 5.5756134986877441406 5.5393786430358886719 5.4674501419067382813 5.3797078132629394531 5.2817058563232421875 5.178195953369140625 5.0859174728393554688 5.0063128471374511719 4.8641071319580078125 4.72402191162109375 4.6139736175537109375
5.8209829330444335938 5.9111819267272949219 5.8119974136352539063 5.5896816253662109375 5.4847588539123535156 5.5218935012817382813 5.5713963508605957031 5.5301260948181152344 5.4477453231811523438 5.435993194580078125 5.4773774147033691406 5.4839434623718261719 5.4117350578308105469 5.2952823638916015625 5.2858753204345703125 5.3274226188659667969 5.3683233261108398438 5.39705657958984375 5.44384765625 5.5239472389221191406 5.54549407958984375 5.4514365196228027344 5.3723392486572265625 5.3303213119506835938 5.3616771697998046875 5.3823671340942382813 5.4533686637878417969 5.5214796066284179688 5.5164246559143066406 5.4668941497802734375 5.4315094947814941406 5.3897261619567871094 5.312671661376953125 5.2683401107788085938 5.2452549934387207031 5.1780490875244140625 5.0066623687744140625 4.76250457763671875 4.587329864501953125 4.4893789291381835938
5.8583159446716308594 5.8967027664184570313 5.7156352996826171875 5.4116358757019042969 5.2528700828552246094 5.2977433204650878906 5.4561433792114257813 5.5376286506652832031 5.4723763465881347656 5.4084849357604980469 5.4351987838745117188 5.4568991661071777344 5.3812546730041503906 5.2862920761108398438 5.3264789581298828125 5.3370962142944335938 5.3186244964599609375 5.3847560882568359375 5.4954137802124023438 5.5930318832397460938 5.6625723838806152344 5.6203341484069824219 5.5368876457214355469 5.4475684165954589844 5.4435143470764160156 5.4708895683288574219 5.4931445121765136719 5.5257768630981445313 5.4813861846923828125 5.4141407012939453125 5.3948788642883300781 5.3559274673461914063 5.2891697883605957031 5.2788767814636230469 5.2536149024963378906 5.1111803054809570313 4.9046807289123535156 4.7269258499145507813 4.6070737838745117188 4.4860386848449707031
5.3489694595336914063 5.3982439041137695313 5.244129180908203125 5.0935873985290527344 5.0396332740783691406 5.0140671730041503906 5.0662183761596679688 5.2220740318298339844 5.3120198249816894531 5.2980527877807617188 5.3005933761596679688 5.2725625038146972656 5.1654653549194335938 5.1346073150634765625 5.2077207565307617188 5.18238067626953125 5.0609879493713378906 5.0711693763732910156 5.26593780517578125 5.4832739830017089844 5.6570296287536621094 5.7321858406066894531 5.7885503768920898438 5.7050337791442871094 5.5843305587768554688 5.6663193702697753906 5.6765799522399902344 5.6437163352966308594 5.6559729576110839844 5.5750141143798828125 5.5138254165649414063 5.460224151611328125 5.3589792251586914063 5.2791833877563476563 5.1779522895812988281 5.0177488327026367188 4.8766360282897949219 4.7399110794067382813 4.5891876220703125 4.4921998977661132813
4.9666433334350585938 4.9679594039916992188 4.9432973861694335938 4.9109568595886230469 4.8195157051086425781 4.7371921539306640625 4.7407741546630859375 4.8080263137817382813 4.8497815132141113281 4.8454613685607910156 4.8204970359802246094 4.7610487937927246094 4.7162456512451171875 4.7492609024047851563 4.7841625213623046875 4.7739148139953613281 4.8391966819763183594 5.0200052261352539063 5.1154689788818359375 5.2249002456665039063 5.441768646240234375 5.6038746833801269531 5.838237762451171875 5.85234832763671875 5.6385831832885742188 5.6545624732971191406 5.7633714675903320313 5.6917085647583007813 5.7215046882629394531 5.6482191085815429688 5.5853285789489746094 5.6052718162536621094 5.5084452629089355469 5.3780398368835449219 5.2876992225646972656 5.1532621383666992188 5.0219998359680175781 4.8518624305725097656 4.6667408943176269531 4.5414547920227050781
4.7945504188537597656 4.7709684371948242188 4.6723284721374511719 4.5524568557739257813 4.3986029624938964844 4.3503255844116210938 4.4088735580444335938 4.4397001266479492188 4.4458723068237304688 4.4444055557250976563 4.4190297126770019531 4.4197282791137695313 4.4292421340942382813 4.4331383705139160156 4.4742188453674316406 4.5671072006225585938 4.6864528656005859375 4.8181996345520019531 4.8625969886779785156 4.8574199676513671875 5.0269284248352050781 5.3143815994262695313 5.75638580322265625 5.8524618148803710938 5.695552825927734375 5.5903801918029785156 5.67069244384765625 5.658966064453125 5.6743106842041015625 5.6715340614318847656 5.7056536674499511719 5.76259613037109375 5.6337914466857910156 5.4387960433959960938 5.3484172821044921875 5.2636590003967285156 5.1124300956726074219 4.94217681884765625 4.7537732124328613281 4.6008000373840332031
4.5431828498840332031 4.4590878486633300781 4.3287091255187988281 4.1705927848815917969 4.0190224647521972656 3.9724307060241699219 4.0089468955993652344 4.0645241737365722656 4.1122198104858398438 4.1332330703735351563 4.1520180702209472656 4.1916894912719726563 4.2343921661376953125 4.29105377197265625 4.3438410758972167969 4.400402069091796875 4.4602618217468261719 4.5434412956237792969 4.61737823486328125 4.6795101165771484375 4.9029831886291503906 5.3537268638610839844 5.6907591819763183594 5.6802663803100585938 5.7016024589538574219 5.5992345809936523438 5.6147551536560058594 5.7136988639831542969 5.7162966728210449219 5.6728467941284179688 5.6772351264953613281 5.7620668411254882813 5.6744480133056640625 5.5321993827819824219 5.4694156646728515625 5.4272928237915039063 5.2313666343688964844 5.0503039360046386719 4.87030029296875 4.70113372802734375
4.3004026412963867188 4.1929674148559570313 4.0982036590576171875 4.0235638618469238281 3.9888646602630615234 3.9910137653350830078 4.0051569938659667969 4.0319094657897949219 4.0611705780029296875 4.08783721923828125 4.121734619140625 4.1605839729309082031 4.2149171829223632813 4.2597012519836425781 4.3214368820190429688 4.3852663040161132813 4.4355707168579101563 4.5054955482482910156 4.5643978118896484375 4.6994061470031738281 4.9924936294555664063 5.3535990715026855469 5.4738745689392089844 5.4958910942077636719 5.6913342475891113281 5.6556439399719238281 5.6428294181823730469 5.7521481513977050781 5.7653737068176269531 5.6846442222595214844 5.6444606781005859375 5.6679358482360839844 5.6704473495483398438 5.6490960121154785156 5.5927433967590332031 5.520946502685546875 5.3191843032836914063 5.1414380073547363281 4.9312949180603027344 4.7580943107604980469
4.0721211433410644531 4.0235805511474609375 4.0172901153564453125 4.0159411430358886719 4.0032243728637695313 3.9867138862609863281 3.9730849266052246094 3.9492242336273193359 3.9178569316864013672 3.9097130298614501953 3.9300022125244140625 3.9779801368713378906 4.0610408782958984375 4.1587700843811035156 4.2632379531860351563 4.3190546035766601563 4.3494143486022949219 4.4282603263854980469 4.6268596649169921875 4.8363814353942871094 5.0104742050170898438 5.1794490814208984375 5.2422537803649902344 5.2503867149353027344 5.4255700111389160156 5.6482577323913574219 5.7315521240234375 5.7736034393310546875 5.7264380455017089844 5.6171755790710449219 5.5745820999145507813 5.588176727294921875 5.7024359703063964844 5.7023587226867675781 5.638881683349609375 5.571056365966796875 5.3884043693542480469 5.1316332817077636719 4.9689054489135742188 4.8550777435302734375
3.9354498386383056641 3.9015851020812988281 3.8946101665496826172 3.8615953922271728516 3.7997670173645019531 3.7496418952941894531 3.7203667163848876953 3.6967458724975585938 3.6887571811676025391 3.7070181369781494141 3.73955535888671875 3.7815566062927246094 3.8485288619995117188 3.9594302177429199219 4.1048674583435058594 4.2617583274841308594 4.3329501152038574219 4.361667633056640625 4.4284205436706542969 4.6591749191284179688 4.8642683029174804688 4.9957513809204101563 5.0829882621765136719 5.1584239006042480469 5.1213011741638183594 5.3558802604675292969 5.579563140869140625 5.659534454345703125 5.6052994728088378906 5.490329742431640625 5.4315342903137207031 5.4388990402221679688 5.5757384300231933594 5.5967965126037597656 5.5796561241149902344 5.5557031631469726563 5.442050933837890625 5.1762952804565429688 5.0121798515319824219 4.8725652694702148438
3.8862984180450439453 3.8070006370544433594 3.767086029052734375 3.7365577220916748047 3.6912755966186523438 3.6445033550262451172 3.6211442947387695313 3.6375057697296142578 3.6816143989562988281 3.7324254512786865234 3.7813870906829833984 3.8133535385131835938 3.8408267498016357422 3.8658001422882080078 3.9200229644775390625 4.0156202316284179688 4.1235342025756835938 4.2634668350219726563 4.3556914329528808594 4.4425644874572753906 4.59814453125 4.7475252151489257813 4.8708882331848144531 5.0029239654541015625 5.0475568771362304688 5.0302581787109375 5.2088541984558105469 5.3649425506591796875 5.3740639686584472656 5.2723703384399414063 5.2364354133605957031 5.2889714241027832031 5.4495868682861328125 5.4965267181396484375 5.4878377914428710938 5.4798583984375 5.4716677665710449219 5.3052854537963867188 5.0330266952514648438 4.8742837905883789063
