MapLinkProApp/griddata/temperature/ASCII/cmems_mod_glo_phy-thetao_anfc_0,083deg_P1D-m_1702458667101_155,9.asc
ncols        121
nrows        120
xllcorner    -30.041666666667
yllcorner    40.041666655981
cellsize     0.083333333333
NODATA_value  9.9692099683868690468e+36
[rows 36 to 53 of 120, columns 40 to 79 of 121]
13.248138427734375 12.967923164367675781 12.920719146728515625 13.002074241638183594 12.997941017150878906 13.017998695373535156 13.282042503356933594 13.508113861083984375 13.345411300659179688 13.349566459655761719 13.972889900207519531 14.539165496826171875 14.494229316711425781 13.994354248046875 13.49217987060546875 13.393110275268554688 13.596332550048828125 13.760011672973632813 13.970730781555175781 14.014781951904296875 13.884955406188964844 14.119593620300292969 14.113923072814941406 14.060812950134277344 13.981866836547851563 13.869409561157226563 13.908258438110351563 14.075817108154296875 14.121145248413085938 14.072719573974609375 13.988611221313476563 13.743758201599121094 13.474553108215332031 13.309893608093261719 13.469778060913085938 14.235102653503417969 14.851191520690917969 14.986522674560546875 14.891980171203613281 14.806142807006835938
13.02123260498046875 12.853873252868652344 12.817434310913085938 12.896081924438476563 12.887072563171386719 13.102689743041992188 13.465275764465332031 13.410685539245605469 13.237389564514160156 13.591472625732421875 14.32012176513671875 14.696836471557617188 14.460347175598144531 13.866048812866210938 13.405817985534667969 13.43951416015625 13.63732147216796875 13.716859817504882813 13.896014213562011719 13.945709228515625 13.895503044128417969 14.220048904418945313 14.155246734619140625 14.080893516540527344 13.993060111999511719 13.907185554504394531 14.016343116760253906 14.174027442932128906 14.205750465393066406 14.147835731506347656 13.934439659118652344 13.605502128601074219 13.502599716186523438 13.308707237243652344 13.680662155151367188 14.448754310607910156 14.869710922241210938 14.895649909973144531 14.781971931457519531 14.771573066711425781
13.256967544555664063 13.169648170471191406 13.136445045471191406 13.072258949279785156 13.26824188232421875 13.538157463073730469 13.49375152587890625 13.288381576538085938 13.410878181457519531 14.019176483154296875 14.62109375 14.774283409118652344 14.3422393798828125 13.642505645751953125 13.307500839233398438 13.468321800231933594 13.62422943115234375 13.636008262634277344 13.787013053894042969 13.884737968444824219 13.824338912963867188 13.99686431884765625 14.027689933776855469 13.986322402954101563 13.905482292175292969 13.9471893310546875 14.156229972839355469 14.280798912048339844 14.091065406799316406 13.843174934387207031 13.529982566833496094 13.370461463928222656 13.330575942993164063 13.307819366455078125 13.816736221313476563 14.507639884948730469 14.844732284545898438 14.792749404907226563 14.687620162963867188 14.685442924499511719
13.7415924072265625 13.614693641662597656 13.488272666931152344 13.639763832092285156 13.763331413269042969 13.553302764892578125 13.340559959411621094 13.382302284240722656 13.754824638366699219 14.403141021728515625 14.838292121887207031 14.760931015014648438 14.159317970275878906 13.421179771423339844 13.222530364990234375 13.48299407958984375 13.619988441467285156 13.557865142822265625 13.616231918334960938 13.850026130676269531 13.938639640808105469 14.010050773620605469 14.005532264709472656 13.887640953063964844 13.916866302490234375 14.111406326293945313 14.168961524963378906 13.8713531494140625 13.534131050109863281 13.337973594665527344 13.325191497802734375 13.2693634033203125 13.26117706298828125 13.54001617431640625 14.154503822326660156 14.638566970825195313 14.811231613159179688 14.746489524841308594 14.689936637878417969 14.638936996459960938
13.977343559265136719 13.875370025634765625 13.844280242919921875 13.768080711364746094 13.536694526672363281 13.322487831115722656 13.362681388854980469 13.598711013793945313 14.029871940612792969 14.613214492797851563 14.885497093200683594 14.63890838623046875 13.963225364685058594 13.307710647583007813 13.223978042602539063 13.5051727294921875 13.645817756652832031 13.529183387756347656 13.422908782958984375 13.591283798217773438 13.761767387390136719 13.883863449096679688 14.111651420593261719 14.01572418212890625 14.150582313537597656 14.078487396240234375 13.850129127502441406 13.463390350341796875 13.286166191101074219 13.24547576904296875 13.263065338134765625 13.384402275085449219 13.57921600341796875 13.973743438720703125 14.452095985412597656 14.779012680053710938 14.820341110229492188 14.741048812866210938 14.683432579040527344 14.6586151123046875
13.823433876037597656 13.785024642944335938 13.673424720764160156 13.457927703857421875 13.270028114318847656 13.336672782897949219 13.609044075012207031 13.919857025146484375 14.353221893310546875 14.799223899841308594 14.854638099670410156 14.477887153625488281 13.823198318481445313 13.304884910583496094 13.281304359436035156 13.540694236755371094 13.776885032653808594 13.747199058532714844 13.447823524475097656 13.355441093444824219 13.501214027404785156 13.444750785827636719 13.479207992553710938 13.563978195190429688 13.566987991333007813 13.534397125244140625 13.37740325927734375 13.257239341735839844 13.21894073486328125 13.178365707397460938 13.278850555419921875 13.749686241149902344 14.1488800048828125 14.530369758605957031 14.795074462890625 14.855749130249023438 14.772884368896484375 14.691255569458007813 14.679788589477539063 14.661227226257324219
13.604043960571289063 13.538016319274902344 13.458841323852539063 13.370953559875488281 13.323298454284667969 13.501009941101074219 13.825732231140136719 14.138479232788085938 14.523029327392578125 14.851340293884277344 14.824662208557128906 14.472879409790039063 13.973402976989746094 13.604299545288085938 13.527996063232421875 13.645987510681152344 13.857572555541992188 14.061196327209472656 13.857316970825195313 13.458553314208984375 13.369231224060058594 13.519740104675292969 13.441493988037109375 13.405922889709472656 13.326097488403320313 13.169606208801269531 13.02164459228515625 12.97031402587890625 13.079411506652832031 13.112619400024414063 13.417699813842773438 14.128884315490722656 14.658633232116699219 14.842159271240234375 14.896946907043457031 14.789567947387695313 14.668456077575683594 14.629170417785644531 14.652469635009765625 14.593784332275390625
13.887643814086914063 13.667458534240722656 13.557529449462890625 13.519434928894042969 13.519453048706054688 13.734694480895996094 14.067084312438964844 14.347371101379394531 14.661485671997070313 14.908972740173339844 14.893194198608398438 14.721459388732910156 14.522027015686035156 14.364801406860351563 14.248287200927734375 14.188126564025878906 14.259931564331054688 14.383860588073730469 14.494390487670898438 14.356721878051757813 13.887433052062988281 13.558995246887207031 13.409954071044921875 13.293291091918945313 13.263355255126953125 13.208128929138183594 13.15776824951171875 13.09215545654296875 13.085183143615722656 13.181458473205566406 13.661426544189453125 14.328560829162597656 14.844221115112304688 14.914940834045410156 14.823327064514160156 14.648817062377929688 14.562182426452636719 14.641933441162109375 14.686735153198242188 14.575296401977539063
14.158441543579101563 13.931903839111328125 13.78972625732421875 13.698916435241699219 13.7220306396484375 13.998261451721191406 14.291965484619140625 14.502217292785644531 14.749536514282226563 14.944293022155761719 15.008156776428222656 15.044707298278808594 15.099778175354003906 15.036669731140136719 14.831121444702148438 14.729524612426757813 14.752898216247558594 14.689904212951660156 14.661039352416992188 14.6754302978515625 14.703302383422851563 14.734511375427246094 14.492478370666503906 14.032107353210449219 13.60860443115234375 13.322793006896972656 13.233676910400390625 13.152981758117675781 13.107365608215332031 13.295748710632324219 13.915951728820800781 14.604085922241210938 14.890997886657714844 14.826138496398925781 14.632098197937011719 14.520279884338378906 14.547104835510253906 14.646692276000976563 14.666335105895996094 14.587198257446289063
14.069167137145996094 13.913735389709472656 13.809557914733886719 13.773260116577148438 13.934110641479492188 14.232895851135253906 14.422674179077148438 14.576069831848144531 14.7908172607421875 14.947812080383300781 15.048109054565429688 15.146696090698242188 15.181425094604492188 15.073030471801757813 14.894429206848144531 14.786642074584960938 14.754040718078613281 14.742751121520996094 14.753591537475585938 14.721082687377929688 14.660090446472167969 14.595729827880859375 14.642197608947753906 14.619749069213867188 14.495223045349121094 14.187084197998046875 13.915314674377441406 13.853075981140136719 13.716217994689941406 13.6316070556640625 14.081630706787109375 14.723827362060546875 14.96907806396484375 14.789457321166992188 14.630930900573730469 14.594476699829101563 14.631505966186523438 14.661081314086914063 14.667515754699707031 14.632921218872070313
14.047334671020507813 13.937479972839355469 13.899595260620117188 14.026128768920898438 14.274727821350097656 14.45037078857421875 14.501837730407714844 14.631526947021484375 14.824085235595703125 14.936415672302246094 15.032711029052734375 15.085272789001464844 14.989727020263671875 14.809744834899902344 14.627819061279296875 14.45629119873046875 14.338750839233398438 14.363359451293945313 14.463623046875 14.534036636352539063 14.600187301635742188 14.62353515625 14.595150947570800781 14.665843963623046875 14.61646270751953125 14.6138153076171875 14.571093559265136719 14.490981101989746094 14.360497474670410156 14.167784690856933594 14.335919380187988281 14.753793716430664063 14.848692893981933594 14.692267417907714844 14.605301856994628906 14.617727279663085938 14.627300262451171875 14.567926406860351563 14.536836624145507813 14.508172988891601563
14.170559883117675781 14.053685188293457031 14.042050361633300781 14.262678146362304688 14.481592178344726563 14.520402908325195313 14.514914512634277344 14.676950454711914063 14.867403030395507813 14.916879653930664063 14.936191558837890625 14.959469795227050781 14.892638206481933594 14.669749259948730469 14.382966995239257813 14.191293716430664063 14.132378578186035156 14.239308357238769531 14.414196968078613281 14.551977157592773438 14.571451187133789063 14.467644691467285156 14.360848426818847656 14.389616012573242188 14.495596885681152344 14.545312881469726563 14.6039886474609375 14.695681571960449219 14.777629852294921875 14.718623161315917969 14.687901496887207031 14.872414588928222656 14.848514556884765625 14.813924789428710938 14.79046630859375 14.779019355773925781 14.731057167053222656 14.663350105285644531 14.5980072021484375 14.56609344482421875
14.258073806762695313 14.096550941467285156 14.168878555297851563 14.445825576782226563 14.574465751647949219 14.529259681701660156 14.5546722412109375 14.722119331359863281 14.841398239135742188 14.809485435485839844 14.803073883056640625 14.889081954956054688 14.865328788757324219 14.655518531799316406 14.374603271484375 14.180804252624511719 14.243913650512695313 14.503380775451660156 14.708429336547851563 14.746122360229492188 14.608531951904296875 14.417354583740234375 14.310866355895996094 14.187876701354980469 14.229513168334960938 14.336481094360351563 14.391417503356933594 14.544400215148925781 14.807537078857421875 14.923540115356445313 14.905173301696777344 14.995912551879882813 15.058781623840332031 14.837656974792480469 14.750100135803222656 14.828126907348632813 14.850786209106445313 14.78475189208984375 14.683966636657714844 14.648426055908203125
14.228395462036132813 14.119734764099121094 14.3441619873046875 14.594879150390625 14.614019393920898438 14.551758766174316406 14.660983085632324219 14.866971015930175781 14.932079315185546875 14.885842323303222656 14.892058372497558594 14.923113822937011719 14.83356475830078125 14.570357322692871094 14.245016098022460938 14.084864616394042969 14.281519889831542969 14.584856033325195313 14.750060081481933594 14.706770896911621094 14.408519744873046875 14.159357070922851563 14.097140312194824219 14.006844520568847656 13.993627548217773438 14.069610595703125 14.241938591003417969 14.435898780822753906 14.522800445556640625 14.72130584716796875 14.869166374206542969 15.026819229125976563 15.147930145263671875 15.174809455871582031 15.066873550415039063 14.931006431579589844 14.899072647094726563 14.860867500305175781 14.807188034057617188 14.803209304809570313
14.186717987060546875 14.1684417724609375 14.463629722595214844 14.676213264465332031 14.629475593566894531 14.569327354431152344 14.756860733032226563 15.018077850341796875 15.084684371948242188 15.003019332885742188 14.971421241760253906 14.986409187316894531 14.841869354248046875 14.504566192626953125 14.1805419921875 14.088089942932128906 14.312111854553222656 14.583857536315917969 14.713227272033691406 14.571410179138183594 14.212665557861328125 14.039762496948242188 14.107300758361816406 14.156418800354003906 14.147162437438964844 14.187605857849121094 14.33819580078125 14.423266410827636719 14.530252456665039063 14.59674072265625 14.605681419372558594 14.737421035766601563 14.925151824951171875 15.218866348266601563 15.274334907531738281 15.257318496704101563 15.205165863037109375 15.224209785461425781 15.200819015502929688 15.244966506958007813
14.25177001953125 14.351893424987792969 14.627735137939453125 14.758048057556152344 14.678936958312988281 14.615161895751953125 14.8406219482421875 15.140374183654785156 15.237661361694335938 15.185230255126953125 15.154684066772460938 15.082995414733886719 14.788228034973144531 14.378130912780761719 14.076571464538574219 14.067282676696777344 14.318830490112304688 14.62996673583984375 14.739383697509765625 14.462032318115234375 14.134931564331054688 14.0937957763671875 14.203799247741699219 14.304500579833984375 14.460512161254882813 14.596622467041015625 14.753130912780761719 14.840572357177734375 14.878014564514160156 14.868671417236328125 14.820826530456542969 14.773797035217285156 14.762685775756835938 14.871489524841308594 15.051891326904296875 15.183194160461425781 15.269358634948730469 15.326959609985351563 15.35837554931640625 15.379014968872070313
14.394362449645996094 14.53917694091796875 14.768263816833496094 14.830751419067382813 14.729100227355957031 14.669373512268066406 14.886944770812988281 15.195054054260253906 15.343653678894042969 15.368257522583007813 15.282824516296386719 15.019530296325683594 14.626867294311523438 14.228638648986816406 14.0097503662109375 14.092088699340820313 14.303223609924316406 14.558313369750976563 14.640779495239257813 14.485286712646484375 14.2688140869140625 14.190346717834472656 14.215671539306640625 14.370993614196777344 14.616890907287597656 14.810524940490722656 14.953618049621582031 15.057541847229003906 15.155903816223144531 15.142571449279785156 15.094621658325195313 15.013604164123535156 14.939167976379394531 14.898980140686035156 14.899579048156738281 14.975008010864257813 15.047469139099121094 15.13219451904296875 15.167530059814453125 15.192096710205078125
14.471333503723144531 14.623778343200683594 14.827787399291992188 14.874403953552246094 14.769648551940917969 14.70653533935546875 14.88610076904296875 15.16411590576171875 15.335199356079101563 15.363399505615234375 15.162219047546386719 14.844774246215820313 14.550486564636230469 14.223102569580078125 14.061718940734863281 14.122260093688964844 14.300244331359863281 14.536002159118652344 14.661936759948730469 14.58394622802734375 14.352004051208496094 14.177867889404296875 14.151424407958984375 14.318737983703613281 14.600613594055175781 14.840541839599609375 15.024442672729492188 15.119014739990234375 15.15894317626953125 15.173364639282226563 15.121335983276367188 15.016773223876953125 14.957192420959472656 14.922980308532714844 14.932527542114257813 14.939485549926757813 14.979603767395019531 15.010399818420410156 15.044074058532714844 15.052125930786132813
