MapLinkProApp/griddata/temperature/ASCII/cmems_mod_glo_phy-thetao_anfc_0,083deg_P1D-m_1702458667101_902,3.asc
ncols        121
nrows        120
xllcorner    -30.041666666667
yllcorner    40.041666655981
cellsize     0.083333333333
NODATA_value  9.9692099683868690468e+36
[rows 18 to 35 of 120, columns 80 to 119 of 121]
4.9903683662414550781 5.0548028945922851563 5.3494243621826171875 5.6534595489501953125 5.8306980133056640625 5.9951510429382324219 6.1599102020263671875 6.2997808456420898438 6.3493037223815917969 6.3719434738159179688 6.4166746139526367188 6.4485230445861816406 6.4703345298767089844 6.4897150993347167969 6.4762129783630371094 6.4467720985412597656 6.4423351287841796875 6.4277791976928710938 6.3935413360595703125 6.3797478675842285156 6.3774895668029785156 6.3964323997497558594 6.4224877357482910156 6.4455137252807617188 6.4227113723754882813 6.3363323211669921875 6.2275514602661132813 6.1130390167236328125 6.0266571044921875 6.0500674247741699219 6.1964044570922851563 6.3681111335754394531 6.5463266372680664063 6.7404894828796386719 6.9393267631530761719 7.1167783737182617188 7.2721943855285644531 7.4230160713195800781 7.5543532371520996094 7.6638932228088378906
5.1901631355285644531 5.3251786231994628906 5.6793003082275390625 6.0044398307800292969 6.1514868736267089844 6.2476253509521484375 6.3340487480163574219 6.3824472427368164063 6.4227685928344726563 6.5012516975402832031 6.6071414947509765625 6.6760439872741699219 6.6847271919250488281 6.6687293052673339844 6.6205005645751953125 6.52913665771484375 6.4275240898132324219 6.377422332763671875 6.3578362464904785156 6.3340549468994140625 6.3751268386840820313 6.4270014762878417969 6.4781031608581542969 6.489185333251953125 6.453311920166015625 6.3876128196716308594 6.2961935997009277344 6.1978821754455566406 6.1540460586547851563 6.2366056442260742188 6.3697552680969238281 6.5247716903686523438 6.7306241989135742188 6.9430031776428222656 7.1180653572082519531 7.2353420257568359375 7.3632607460021972656 7.5684919357299804688 7.7607169151306152344 7.8127360343933105469
5.411251068115234375 5.6095104217529296875 5.9724721908569335938 6.2245197296142578125 6.27568817138671875 6.3168087005615234375 6.3887991905212402344 6.4150857925415039063 6.5047650337219238281 6.6618561744689941406 6.7727150917053222656 6.8239235877990722656 6.8114528656005859375 6.7975335121154785156 6.7987866401672363281 6.7785058021545410156 6.7230830192565917969 6.6532745361328125 6.601642608642578125 6.5896620750427246094 6.5598778724670410156 6.5485072135925292969 6.5428318977355957031 6.519344329833984375 6.4801459312438964844 6.427669525146484375 6.355266571044921875 6.3231034278869628906 6.3748059272766113281 6.4450359344482421875 6.540180206298828125 6.722625732421875 6.9374690055847167969 7.1004047393798828125 7.1858806610107421875 7.2396216392517089844 7.3935971260070800781 7.6112112998962402344 7.7244386672973632813 7.6338419914245605469
5.6416730880737304688 5.9559125900268554688 6.2851977348327636719 6.38422393798828125 6.3555130958557128906 6.4108099937438964844 6.4805064201354980469 6.5095553398132324219 6.6197972297668457031 6.7505478858947753906 6.7883100509643554688 6.7979249954223632813 6.8274321556091308594 6.8470082283020019531 6.8802642822265625 6.8992319107055664063 6.8667573928833007813 6.7743635177612304688 6.7056283950805664063 6.6737818717956542969 6.6571435928344726563 6.6148595809936523438 6.5671563148498535156 6.5360722541809082031 6.5028643608093261719 6.4617586135864257813 6.4564085006713867188 6.4924321174621582031 6.5123963356018066406 6.5339021682739257813 6.660312652587890625 6.8793177604675292969 7.0695300102233886719 7.1791834831237792969 7.2026877403259277344 7.1822881698608398438 7.2040343284606933594 7.3611431121826171875 7.5969023704528808594 7.5563440322875976563
5.9237608909606933594 6.2859492301940917969 6.4753642082214355469 6.44857025146484375 6.4291348457336425781 6.5253672599792480469 6.6280322074890136719 6.6856088638305664063 6.7854723930358886719 6.785533905029296875 6.7626290321350097656 6.7933368682861328125 6.8187270164489746094 6.8222308158874511719 6.81927490234375 6.8215436935424804688 6.8165493011474609375 6.7901778221130371094 6.7396521568298339844 6.6838603019714355469 6.6264400482177734375 6.5843000411987304688 6.58045196533203125 6.5679149627685546875 6.5516438484191894531 6.5525221824645996094 6.5423226356506347656 6.5185084342956542969 6.5203242301940917969 6.6084275245666503906 6.7890696525573730469 6.9856386184692382813 7.1507711410522460938 7.2463827133178710938 7.2638392448425292969 7.2310833930969238281 7.1712141036987304688 7.1981077194213867188 7.4846334457397460938 7.6733064651489257813
6.2527189254760742188 6.47154998779296875 6.5244503021240234375 6.4704446792602539063 6.4878888130187988281 6.6459689140319824219 6.7688622474670410156 6.8188834190368652344 6.7859978675842285156 6.7021856307983398438 6.7081961631774902344 6.7442793846130371094 6.7466359138488769531 6.7770700454711914063 6.8097863197326660156 6.8070921897888183594 6.760105133056640625 6.6904320716857910156 6.6421275138854980469 6.6016917228698730469 6.5997915267944335938 6.6189794540405273438 6.6395406723022460938 6.6383905410766601563 6.6502208709716796875 6.6113061904907226563 6.5352320671081542969 6.5330910682678222656 6.6231737136840820313 6.7438282966613769531 6.8804140090942382813 7.0415821075439453125 7.195621490478515625 7.2922873497009277344 7.3250637054443359375 7.3400835990905761719 7.2388987541198730469 7.1228532791137695313 7.2904562950134277344 7.6621809005737304688
6.4994578361511230469 6.5027422904968261719 6.4671297073364257813 6.471591949462890625 6.5692234039306640625 6.7490062713623046875 6.8199696540832519531 6.7763466835021972656 6.7156925201416015625 6.6782627105712890625 6.6660676002502441406 6.6563611030578613281 6.6674532890319824219 6.6844239234924316406 6.7004785537719726563 6.6903324127197265625 6.6873540878295898438 6.6855401992797851563 6.6798200607299804688 6.6839237213134765625 6.6818308830261230469 6.6733617782592773438 6.6418967247009277344 6.5978732109069824219 6.5429439544677734375 6.52313995361328125 6.5774722099304199219 6.6663255691528320313 6.7701520919799804688 6.8570380210876464844 6.9290051460266113281 7.0393733978271484375 7.1774821281433105469 7.287555694580078125 7.3508667945861816406 7.3642587661743164063 7.2636141777038574219 7.1661114692687988281 7.2719774246215820313 7.5834088325500488281
6.4759869575500488281 6.4270429611206054688 6.4206666946411132813 6.4959101676940917969 6.6273403167724609375 6.7757811546325683594 6.7857708930969238281 6.735260009765625 6.7087717056274414063 6.6593189239501953125 6.609836578369140625 6.6202855110168457031 6.6614413261413574219 6.7131752967834472656 6.7409434318542480469 6.7470216751098632813 6.7438092231750488281 6.7305941581726074219 6.6930294036865234375 6.6819176673889160156 6.6566824913024902344 6.6471447944641113281 6.6425557136535644531 6.64141082763671875 6.6507663726806640625 6.671199798583984375 6.703075408935546875 6.7599253654479980469 6.8466391563415527344 6.9435954093933105469 7.0285983085632324219 7.1128478050231933594 7.2104401588439941406 7.2906470298767089844 7.3306169509887695313 7.3365831375122070313 7.2695622444152832031 7.1649880409240722656 7.1669378280639648438 7.3185877799987792969
6.4708561897277832031 6.3674726486206054688 6.407283782958984375 6.5296125411987304688 6.6667408943176269531 6.7627429962158203125 6.7249627113342285156 6.6720566749572753906 6.6241121292114257813 6.5961666107177734375 6.5925846099853515625 6.6383342742919921875 6.6552295684814453125 6.6859316825866699219 6.6760501861572265625 6.6647229194641113281 6.6453652381896972656 6.6424579620361328125 6.6325998306274414063 6.6091909408569335938 6.5939860343933105469 6.5611386299133300781 6.5102782249450683594 6.5204071998596191406 6.6098303794860839844 6.7327561378479003906 6.8267588615417480469 6.8891510963439941406 6.9376320838928222656 7.00070953369140625 7.07654571533203125 7.1526446342468261719 7.2327337265014648438 7.2775759696960449219 7.2956180572509765625 7.3461818695068359375 7.3129673004150390625 7.2074160575866699219 7.1297082901000976563 7.1751255989074707031
6.4699845314025878906 6.3395781517028808594 6.4138646125793457031 6.56346893310546875 6.696697235107421875 6.7612676620483398438 6.6762990951538085938 6.6296505928039550781 6.6225633621215820313 6.6161675453186035156 6.6147742271423339844 6.6424288749694824219 6.67227935791015625 6.6506066322326660156 6.6360430717468261719 6.6104979515075683594 6.663806915283203125 6.6991171836853027344 6.6169590950012207031 6.5627360343933105469 6.5854277610778808594 6.591243743896484375 6.5546298027038574219 6.5448794364929199219 6.6085848808288574219 6.710254669189453125 6.865688323974609375 7.0253057479858398438 7.0891909599304199219 7.1009731292724609375 7.1119451522827148438 7.1469988822937011719 7.1909508705139160156 7.218799591064453125 7.2714052200317382813 7.3411898612976074219 7.3293399810791015625 7.2536301612854003906 7.1595134735107421875 7.1428713798522949219
6.5466361045837402344 6.3917050361633300781 6.4159717559814453125 6.5584011077880859375 6.6792235374450683594 6.7224125862121582031 6.6583037376403808594 6.6033535003662109375 6.6318330764770507813 6.6322932243347167969 6.6193785667419433594 6.639324188232421875 6.60419464111328125 6.588420867919921875 6.5633068084716796875 6.6019673347473144531 6.6737117767333984375 6.726184844970703125 6.5965442657470703125 6.4321613311767578125 6.3877587318420410156 6.4858899116516113281 6.5870232582092285156 6.6650457382202148438 6.7269434928894042969 6.8125119209289550781 6.9693942070007324219 7.2004365921020507813 7.3476428985595703125 7.3985705375671386719 7.3964829444885253906 7.344280242919921875 7.2964301109313964844 7.3186140060424804688 7.3747372627258300781 7.372344970703125 7.3223967552185058594 7.3012447357177734375 7.266948699951171875 7.2127227783203125
6.618366241455078125 6.436794281005859375 6.3951306343078613281 6.4948725700378417969 6.6504559516906738281 6.7247819900512695313 6.6689715385437011719 6.618072509765625 6.6862416267395019531 6.7063999176025390625 6.6693286895751953125 6.6595082283020019531 6.6202731132507324219 6.5931081771850585938 6.53527069091796875 6.5613789558410644531 6.5956816673278808594 6.5954422950744628906 6.522563934326171875 6.377994537353515625 6.2953114509582519531 6.4064564704895019531 6.5207734107971191406 6.6707277297973632813 6.7611212730407714844 6.8398623466491699219 7.0280451774597167969 7.2547984123229980469 7.4222874641418457031 7.536403656005859375 7.6058225631713867188 7.6128220558166503906 7.5603690147399902344 7.515262603759765625 7.4970011711120605469 7.4568614959716796875 7.4060049057006835938 7.38232421875 7.3523936271667480469 7.3053803443908691406
6.6507906913757324219 6.4958171844482421875 6.4387145042419433594 6.4567599296569824219 6.5157074928283691406 6.5896396636962890625 6.5772795677185058594 6.5008759498596191406 6.4925374984741210938 6.5380148887634277344 6.5681238174438476563 6.5809078216552734375 6.5525732040405273438 6.5504832267761230469 6.5092301368713378906 6.4885044097900390625 6.4341835975646972656 6.4233632087707519531 6.3900880813598632813 6.3263468742370605469 6.2760386466979980469 6.3556346893310546875 6.5303425788879394531 6.7942929267883300781 6.952968597412109375 7.0445079803466796875 7.2714185714721679688 7.4236311912536621094 7.5028429031372070313 7.5835146903991699219 7.6438417434692382813 7.6947345733642578125 7.7450685501098632813 7.7674899101257324219 7.745967864990234375 7.6849298477172851563 7.6303448677062988281 7.5868854522705078125 7.511943817138671875 7.4251818656921386719
6.6244940757751464844 6.4511594772338867188 6.3727083206176757813 6.3918528556823730469 6.4478893280029296875 6.46649932861328125 6.4284048080444335938 6.3592123985290527344 6.3128643035888671875 6.2616038322448730469 6.212139129638671875 6.2010784149169921875 6.2350912094116210938 6.29544830322265625 6.3025751113891601563 6.3057603836059570313 6.2949018478393554688 6.267032623291015625 6.1935372352600097656 6.1380743980407714844 6.1892070770263671875 6.2591958045959472656 6.4098753929138183594 6.7951536178588867188 7.0831432342529296875 7.1418313980102539063 7.2520294189453125 7.3696513175964355469 7.4712872505187988281 7.5590929985046386719 7.6476116180419921875 7.7321820259094238281 7.8015871047973632813 7.8587675094604492188 7.8987278938293457031 7.8925766944885253906 7.869304656982421875 7.8428792953491210938 7.7845101356506347656 7.6929688453674316406
6.6733503341674804688 6.5612521171569824219 6.5024585723876953125 6.4708156585693359375 6.4527115821838378906 6.4099059104919433594 6.3504304885864257813 6.2669472694396972656 6.1520557403564453125 6.0354371070861816406 5.9604978561401367188 5.9420032501220703125 5.9217905998229980469 5.9287004470825195313 5.9362239837646484375 5.919841766357421875 5.8122372627258300781 5.8498330116271972656 6.0415101051330566406 6.1896977424621582031 6.2465577125549316406 6.2816205024719238281 6.3771595954895019531 6.6272497177124023438 6.872406005859375 6.9980831146240234375 7.1291713714599609375 7.2530636787414550781 7.3964529037475585938 7.5263600349426269531 7.6337542533874511719 7.7276673316955566406 7.825336456298828125 7.9319291114807128906 8.01300811767578125 8.0546579360961914063 8.0692491531372070313 8.0540208816528320313 8.0123653411865234375 7.9454336166381835938
6.8388180732727050781 6.8441414833068847656 6.8779392242431640625 6.8487486839294433594 6.7292256355285644531 6.5687174797058105469 6.417690277099609375 6.2694101333618164063 6.1577157974243164063 6.0403242111206054688 5.9247002601623535156 5.8394069671630859375 5.7228040695190429688 5.7042460441589355469 5.6353330612182617188 5.5790357589721679688 5.6720976829528808594 5.9522204399108886719 6.2784419059753417969 6.3167409896850585938 6.3487830162048339844 6.396915435791015625 6.4891481399536132813 6.6900696754455566406 6.7648396492004394531 6.8212599754333496094 6.9578642845153808594 7.1093287467956542969 7.2952375411987304688 7.4811954498291015625 7.6211786270141601563 7.7165446281433105469 7.8169269561767578125 7.9525508880615234375 8.07300567626953125 8.1736087799072265625 8.2492580413818359375 8.2885084152221679688 8.2905702590942382813 8.2554502487182617188
7.0612726211547851563 7.2283148765563964844 7.3437204360961914063 7.3637399673461914063 7.2950992584228515625 7.1178898811340332031 6.8442082405090332031 6.5364022254943847656 6.2931509017944335938 6.1243367195129394531 6.0471377372741699219 5.9264020919799804688 5.7318272590637207031 5.6042656898498535156 5.5744838714599609375 5.5788974761962890625 5.8082890510559082031 6.1243734359741210938 6.3072748184204101563 6.3497433662414550781 6.34561920166015625 6.3453588485717773438 6.3956170082092285156 6.4804716110229492188 6.5129723548889160156 6.6073679924011230469 6.7819089889526367188 6.8996663093566894531 7.0681142807006835938 7.3140735626220703125 7.5850625038146972656 7.7692904472351074219 7.8520245552062988281 7.9487199783325195313 8.059497833251953125 8.1721038818359375 8.2685766220092773438 8.3359041213989257813 8.3768682479858398438 8.3936405181884765625
7.1799035072326660156 7.3065896034240722656 7.3779664039611816406 7.4320383071899414063 7.4759860038757324219 7.4584970474243164063 7.3272166252136230469 7.0263051986694335938 6.5882959365844726563 6.2185816764831542969 6.0918545722961425781 6.0074281692504882813 5.7997412681579589844 5.6789879798889160156 5.6409740447998046875 5.741497039794921875 5.9449253082275390625 6.1827473640441894531 6.315341949462890625 6.3264498710632324219 6.2535300254821777344 6.2248373031616210938 6.2588772773742675781 6.2978687286376953125 6.3571648597717285156 6.5012192726135253906 6.6485991477966308594 6.6695299148559570313 6.6676096916198730469 6.7836017608642578125 7.1279749870300292969 7.6190276145935058594 7.8988037109375 7.9909729957580566406 8.0680932998657226563 8.1482915878295898438 8.2200078964233398438 8.2770748138427734375 8.3171234130859375 8.3530454635620117188
