MapLinkProApp/griddata/temperature/ASCII/cmems_mod_glo_phy-thetao_anfc_0,083deg_P1D-m_1702458667101_34,4.asc
ncols        121
nrows        120
xllcorner    -30.041666666667
yllcorner    40.041666655981
cellsize     0.083333333333
NODATA_value  9.9692099683868690468e+36
[rows 0 to 17 of 120, columns 0 to 39 of 121]
12.573605537414550781 12.556989669799804688 12.541882514953613281 12.59333038330078125 12.657454490661621094 12.640630722045898438 12.589608192443847656 12.552875518798828125 12.571695327758789063 12.649478912353515625 12.713929176330566406 12.748479843139648438 12.763822555541992188 12.755774497985839844 12.731692314147949219 12.694487571716308594 12.631040573120117188 12.545490264892578125 12.463179588317871094 12.38996124267578125 12.317860603332519531 12.237468719482421875 12.138790130615234375 12.001340866088867188 11.814511299133300781 11.574357032775878906 11.333426475524902344 11.119107246398925781 10.976490020751953125 10.862913131713867188 10.758148193359375 10.655999183654785156 10.617432594299316406 10.663167953491210938 10.901711463928222656 11.072127342224121094 11.253047943115234375 11.541538238525390625 11.8435516357421875 12.054189682006835938
12.542771339416503906 12.531439781188964844 12.515002250671386719 12.575544357299804688 12.647870063781738281 12.629080772399902344 12.575434684753417969 12.531632423400878906 12.547971725463867188 12.63033294677734375 12.700783729553222656 12.724135398864746094 12.723555564880371094 12.711504936218261719 12.695123672485351563 12.682091712951660156 12.668679237365722656 12.645979881286621094 12.614792823791503906 12.580410003662109375 12.541168212890625 12.493998527526855469 12.432863235473632813 12.34349822998046875 12.210756301879882813 12.0301666259765625 11.793328285217285156 11.537630081176757813 11.286595344543457031 11.093123435974121094 10.935171127319335938 10.809903144836425781 10.731802940368652344 10.788843154907226563 10.959568023681640625 11.133954048156738281 11.414225578308105469 11.740675926208496094 12.000187873840332031 12.101472854614257813
12.458228111267089844 12.459772109985351563 12.499202728271484375 12.590283393859863281 12.638287544250488281 12.596502304077148438 12.547450065612792969 12.502806663513183594 12.506390571594238281 12.575129508972167969 12.637113571166992188 12.649496078491210938 12.636853218078613281 12.621541976928710938 12.606898307800292969 12.593538284301757813 12.582551956176757813 12.574016571044921875 12.5695343017578125 12.569090843200683594 12.568531990051269531 12.5636138916015625 12.553647041320800781 12.533420562744140625 12.479555130004882813 12.374080657958984375 12.227070808410644531 12.039272308349609375 11.775877952575683594 11.529294013977050781 11.292283058166503906 11.107781410217285156 10.962789535522460938 10.981026649475097656 11.085821151733398438 11.347384452819824219 11.680579185485839844 11.948479652404785156 12.060276031494140625 12.039581298828125
12.417590141296386719 12.457924842834472656 12.537664413452148438 12.610610008239746094 12.608739852905273438 12.552592277526855469 12.512365341186523438 12.471222877502441406 12.471638679504394531 12.518408775329589844 12.56017303466796875 12.564449310302734375 12.545489311218261719 12.530538558959960938 12.525950431823730469 12.522153854370117188 12.512250900268554688 12.499239921569824219 12.494051933288574219 12.503095626831054688 12.514959335327148438 12.52935028076171875 12.544930458068847656 12.554292678833007813 12.551181793212890625 12.500766754150390625 12.409049034118652344 12.271294593811035156 12.044198989868164063 11.782915115356445313 11.512384414672851563 11.263264656066894531 11.105817794799804688 11.098423957824707031 11.259104728698730469 11.561033248901367188 11.843256950378417969 12.024198532104492188 12.014894485473632813 11.988949775695800781
12.467438697814941406 12.511685371398925781 12.548089027404785156 12.577824592590332031 12.537631988525390625 12.49860382080078125 12.482730865478515625 12.439640998840332031 12.432874679565429688 12.456941604614257813 12.473267555236816406 12.468173980712890625 12.448105812072753906 12.430707931518554688 12.4282684326171875 12.435914993286132813 12.446476936340332031 12.459608078002929688 12.473046302795410156 12.487278938293457031 12.496010780334472656 12.504733085632324219 12.51822662353515625 12.536920547485351563 12.546945571899414063 12.540095329284667969 12.498722076416015625 12.397868156433105469 12.211041450500488281 11.936902046203613281 11.640069007873535156 11.367434501647949219 11.256801605224609375 11.3104705810546875 11.539499282836914063 11.779937744140625 11.961104393005371094 12.014750480651855469 11.92198944091796875 11.908763885498046875
12.433141708374023438 12.469135284423828125 12.472204208374023438 12.50171661376953125 12.480312347412109375 12.476798057556152344 12.466814994812011719 12.420584678649902344 12.403496742248535156 12.408918380737304688 12.406966209411621094 12.396641731262207031 12.392053604125976563 12.395650863647460938 12.40436553955078125 12.418384552001953125 12.437359809875488281 12.457754135131835938 12.476443290710449219 12.494858741760253906 12.512366294860839844 12.524702072143554688 12.527347564697265625 12.533776283264160156 12.536973953247070313 12.533987045288085938 12.512815475463867188 12.423475265502929688 12.25736236572265625 11.97628021240234375 11.675709724426269531 11.457482337951660156 11.437086105346679688 11.56801605224609375 11.775358200073242188 11.936184883117675781 12.031373023986816406 11.955602645874023438 11.837646484375 11.842209815979003906
12.576295852661132813 12.634577751159667969 12.566796302795410156 12.516305923461914063 12.48262786865234375 12.474995613098144531 12.467845916748046875 12.422977447509765625 12.401391029357910156 12.399379730224609375 12.390633583068847656 12.375020027160644531 12.369227409362792969 12.376082420349121094 12.388173103332519531 12.401129722595214844 12.414513587951660156 12.429778099060058594 12.448536872863769531 12.472845077514648438 12.502167701721191406 12.526968955993652344 12.537276268005371094 12.534640312194824219 12.522887229919433594 12.508778572082519531 12.486699104309082031 12.401716232299804688 12.22907257080078125 11.965427398681640625 11.738310813903808594 11.660448074340820313 11.722276687622070313 11.854961395263671875 11.957392692565917969 12.046701431274414063 12.031795501708984375 11.869118690490722656 11.785352706909179688 11.777607917785644531
13.164764404296875 13.188252449035644531 13.045293807983398438 12.77236175537109375 12.5736846923828125 12.498823165893554688 12.484089851379394531 12.453596115112304688 12.430459976196289063 12.42052459716796875 12.4024658203125 12.370881080627441406 12.354351043701171875 12.363125801086425781 12.377939224243164063 12.384084701538085938 12.383881568908691406 12.385913848876953125 12.397984504699707031 12.421381950378417969 12.452370643615722656 12.4928436279296875 12.527055740356445313 12.532365798950195313 12.509549140930175781 12.47100830078125 12.43733978271484375 12.375988006591796875 12.212522506713867188 12.015938758850097656 11.892109870910644531 11.900855064392089844 12.008162498474121094 12.140462875366210938 12.188591957092285156 12.126161575317382813 11.948354721069335938 11.810306549072265625 11.764510154724121094 11.736890792846679688
13.4109954833984375 13.405511856079101563 13.385356903076171875 13.109720230102539063 12.766564369201660156 12.572765350341796875 12.512523651123046875 12.492989540100097656 12.480146408081054688 12.470219612121582031 12.441962242126464844 12.393967628479003906 12.3556060791015625 12.351715087890625 12.365724563598632813 12.368743896484375 12.361919403076171875 12.357135772705078125 12.35688018798828125 12.364091873168945313 12.381258010864257813 12.418843269348144531 12.470632553100585938 12.509938240051269531 12.508914947509765625 12.456640243530273438 12.381474494934082031 12.317333221435546875 12.2106475830078125 12.063544273376464844 11.997411727905273438 12.036528587341308594 12.121355056762695313 12.150927543640136719 12.074304580688476563 11.94712066650390625 11.816009521484375 11.737737655639648438 11.712039947509765625 11.697840690612792969
13.480604171752929688 13.462878227233886719 13.508596420288085938 13.493636131286621094 13.142704963684082031 12.784852981567382813 12.593462944030761719 12.536855697631835938 12.535655021667480469 12.538099288940429688 12.518823623657226563 12.465024948120117188 12.395928382873535156 12.353305816650390625 12.350344657897949219 12.360318183898925781 12.362457275390625 12.36173248291015625 12.359384536743164063 12.351148605346679688 12.337634086608886719 12.332998275756835938 12.352651596069335938 12.407182693481445313 12.473825454711914063 12.487389564514160156 12.412457466125488281 12.294497489929199219 12.190653800964355469 12.096590042114257813 12.0473480224609375 12.068365097045898438 12.084675788879394531 12.034516334533691406 11.987224578857421875 12.112756729125976563 12.144541740417480469 12.073505401611328125 11.969415664672851563 11.861196517944335938
13.495633125305175781 13.541689872741699219 13.506685256958007813 13.612705230712890625 13.41954803466796875 13.003304481506347656 12.697669029235839844 12.571376800537109375 12.559947967529296875 12.578093528747558594 12.581455230712890625 12.542431831359863281 12.467441558837890625 12.400317192077636719 12.367362022399902344 12.365772247314453125 12.383742332458496094 12.396999359130859375 12.406503677368164063 12.402201652526855469 12.384756088256835938 12.355412483215332031 12.321047782897949219 12.314945220947265625 12.373132705688476563 12.459621429443359375 12.4642486572265625 12.37172698974609375 12.243088722229003906 12.134219169616699219 12.067625999450683594 12.077676773071289063 12.099917411804199219 12.126806259155273438 12.323446273803710938 12.479895591735839844 12.498316764831542969 12.405552864074707031 12.216029167175292969 11.999567985534667969
13.3718414306640625 13.483758926391601563 13.513772010803222656 13.624146461486816406 13.636975288391113281 13.263486862182617188 12.858601570129394531 12.635807037353515625 12.5809478759765625 12.603383064270019531 12.634842872619628906 12.625315666198730469 12.55832672119140625 12.477047920227050781 12.430654525756835938 12.424968719482421875 12.444385528564453125 12.471210479736328125 12.499203681945800781 12.516328811645507813 12.519273757934570313 12.50009918212890625 12.442125320434570313 12.355517387390136719 12.289662361145019531 12.334989547729492188 12.434622764587402344 12.425046920776367188 12.329742431640625 12.199479103088378906 12.100423812866210938 12.087594985961914063 12.110235214233398438 12.193140029907226563 12.444277763366699219 12.542117118835449219 12.477367401123046875 12.314825057983398438 12.163258552551269531 12.0971832275390625
13.419809341430664063 13.390764236450195313 13.425140380859375 13.537448883056640625 13.732954025268554688 13.5109100341796875 13.054871559143066406 12.7274932861328125 12.604971885681152344 12.611706733703613281 12.662870407104492188 12.673626899719238281 12.610057830810546875 12.525467872619628906 12.487701416015625 12.497100830078125 12.51349639892578125 12.526544570922851563 12.551709175109863281 12.582810401916503906 12.622224807739257813 12.645176887512207031 12.617342948913574219 12.5145111083984375 12.350817680358886719 12.260591506958007813 12.338395118713378906 12.399896621704101563 12.338451385498046875 12.227441787719726563 12.12164306640625 12.098727226257324219 12.12755584716796875 12.435463905334472656 12.56279754638671875 12.516511917114257813 12.406246185302734375 12.335010528564453125 12.343021392822265625 12.399241447448730469
13.468861579895019531 13.4114532470703125 13.383588790893554688 13.412569999694824219 13.668498992919921875 13.663990974426269531 13.265613555908203125 12.862318038940429688 12.650594711303710938 12.613994598388671875 12.667548179626464844 12.699100494384765625 12.648615837097167969 12.565153121948242188 12.519793510437011719 12.509234428405761719 12.509823799133300781 12.539643287658691406 12.59575653076171875 12.65654754638671875 12.72057342529296875 12.769651412963867188 12.787384033203125 12.739299774169921875 12.567440032958984375 12.333205223083496094 12.243683815002441406 12.333536148071289063 12.268485069274902344 12.200512886047363281 12.12442779541015625 12.118538856506347656 12.206418037414550781 12.505238533020019531 12.600849151611328125 12.535038948059082031 12.504927635192871094 12.508962631225585938 12.497173309326171875 12.460718154907226563
13.620328903198242188 13.545262336730957031 13.458360671997070313 13.3925628662109375 13.560863494873046875 13.74559783935546875 13.48438262939453125 13.040277481079101563 12.729044914245605469 12.619985580444335938 12.649367332458496094 12.700006484985351563 12.67432403564453125 12.585519790649414063 12.51464080810546875 12.496041297912597656 12.526810646057128906 12.594890594482421875 12.643579483032226563 12.671434402465820313 12.707177162170410156 12.773228645324707031 12.859549522399902344 12.902675628662109375 12.864356040954589844 12.574367523193359375 12.269939422607421875 12.232611656188964844 12.243078231811523438 12.169923782348632813 12.147965431213378906 12.185685157775878906 12.378043174743652344 12.574628829956054688 12.652443885803222656 12.6158447265625 12.543063163757324219 12.414267539978027344 12.258513450622558594 12.154530525207519531
13.740744590759277344 13.663900375366210938 13.551941871643066406 13.432034492492675781 13.5267486572265625 13.766098976135253906 13.628973960876464844 13.199083328247070313 12.825168609619140625 12.641558647155761719 12.618947982788085938 12.6729736328125 12.684554100036621094 12.612933158874511719 12.532607078552246094 12.5048065185546875 12.534676551818847656 12.584117889404296875 12.57762908935546875 12.570143699645996094 12.595095634460449219 12.6923980712890625 12.795460700988769531 12.884566307067871094 12.960437774658203125 12.879802703857421875 12.51197052001953125 12.238903999328613281 12.266232490539550781 12.201803207397460938 12.222592353820800781 12.309809684753417969 12.525053024291992188 12.660425186157226563 12.687786102294921875 12.604085922241210938 12.423193931579589844 12.228085517883300781 12.089056968688964844 12.094111442565917969
13.880945205688476563 13.783868789672851563 13.659610748291015625 13.505647659301757813 13.522257804870605469 13.770282745361328125 13.782732009887695313 13.434233665466308594 13.017139434814453125 12.736956596374511719 12.61356353759765625 12.612921714782714844 12.6600341796875 12.661113739013671875 12.604043006896972656 12.560118675231933594 12.5731048583984375 12.598531723022460938 12.558340072631835938 12.534897804260253906 12.573985099792480469 12.726235389709472656 12.863207817077636719 12.971924781799316406 12.991349220275878906 13.008884429931640625 12.969433784484863281 12.517461776733398438 12.249805450439453125 12.25626373291015625 12.290337562561035156 12.420986175537109375 12.57782745361328125 12.634737968444824219 12.55272674560546875 12.369327545166015625 12.188418388366699219 12.07161712646484375 12.073334693908691406 12.209133148193359375
13.955191612243652344 13.851999282836914063 13.711526870727539063 13.554186820983886719 13.537209510803222656 13.76683807373046875 13.883070945739746094 13.635141372680664063 13.219730377197265625 12.871966361999511719 12.666296958923339844 12.592251777648925781 12.613911628723144531 12.65390777587890625 12.643064498901367188 12.616922378540039063 12.630460739135742188 12.630087852478027344 12.574285507202148438 12.552377700805664063 12.647452354431152344 12.819537162780761719 13.010382652282714844 13.086338043212890625 13.130822181701660156 13.056951522827148438 13.109713554382324219 12.924516677856445313 12.449222564697265625 12.253976821899414063 12.279543876647949219 12.365233421325683594 12.494980812072753906 12.55426788330078125 12.436015129089355469 12.238369941711425781 12.112590789794921875 12.059980392456054688 12.13094329833984375 12.327296257019042969
