MapLinkProApp/griddata/temperature/ASCII/cmems_mod_glo_phy-thetao_anfc_0,083deg_P1D-m_1702458667101_5,1.asc
ncols        121
nrows        120
xllcorner    -30.041666666667
yllcorner    40.041666655981
cellsize     0.083333333333
NODATA_value  9.9692099683868690468e+36
[rows 90 to 107 of 120, columns 40 to 79 of 121]
18.196319580078125 18.251844406127929688 18.265413284301757813 18.19649505615234375 18.055614471435546875 17.986215591430664063 17.889501571655273438 17.588685989379882813 17.150876998901367188 16.7850189208984375 16.644247055053710938 16.625583648681640625 16.624799728393554688 16.612619400024414063 16.594610214233398438 16.58083343505859375 16.573577880859375 16.568315505981445313 16.56207275390625 16.551134109497070313 16.5212249755859375 16.468952178955078125 16.425802230834960938 16.421762466430664063 16.440631866455078125 16.452793121337890625 16.487701416015625 16.616857528686523438 16.833871841430664063 17.036930084228515625 17.112466812133789063 16.999532699584960938 16.786067962646484375 16.623491287231445313 16.48480224609375 16.320293426513671875 16.286573410034179688 16.365659713745117188 16.317705154418945313 16.126649856567382813
18.382501602172851563 18.32941436767578125 18.298353195190429688 18.323177337646484375 18.276197433471679688 18.15843963623046875 18.084484100341796875 17.954690933227539063 17.7231292724609375 17.452444076538085938 17.153329849243164063 16.945270538330078125 16.842897415161132813 16.795415878295898438 16.7638397216796875 16.7473907470703125 16.743455886840820313 16.7397918701171875 16.720928192138671875 16.682043075561523438 16.621534347534179688 16.547876358032226563 16.48667144775390625 16.480344772338867188 16.541475296020507813 16.613420486450195313 16.621509552001953125 16.575435638427734375 16.604221343994140625 16.791629791259765625 17.044229507446289063 17.16452789306640625 17.029531478881835938 16.77370452880859375 16.561285018920898438 16.38738250732421875 16.329706192016601563 16.381177902221679688 16.322231292724609375 16.11414337158203125
18.226352691650390625 18.152482986450195313 18.133878707885742188 18.205930709838867188 18.268548965454101563 18.245758056640625 18.19091033935546875 18.133470535278320313 18.074504852294921875 17.943071365356445313 17.797178268432617188 17.71363067626953125 17.676042556762695313 17.640272140502929688 17.595788955688476563 17.562030792236328125 17.533802032470703125 17.51016998291015625 17.46065521240234375 17.378751754760742188 17.281055450439453125 17.166608810424804688 17.054388046264648438 16.98215484619140625 16.953996658325195313 16.948591232299804688 16.921833038330078125 16.833393096923828125 16.737016677856445313 16.749149322509765625 16.91512298583984375 17.124439239501953125 17.164888381958007813 16.976881027221679688 16.719652175903320313 16.511211395263671875 16.40093994140625 16.420169830322265625 16.431184768676757813 16.259851455688476563
18.223772048950195313 18.144105911254882813 18.121229171752929688 18.167692184448242188 18.229257583618164063 18.252027511596679688 18.237771987915039063 18.235559463500976563 18.2356109619140625 18.198558807373046875 18.182558059692382813 18.185857772827148438 18.185516357421875 18.18121337890625 18.17575836181640625 18.16864776611328125 18.154626846313476563 18.136602401733398438 18.097513198852539063 18.0479278564453125 18.007547378540039063 17.954553604125976563 17.863496780395507813 17.778656005859375 17.712366104125976563 17.639833450317382813 17.540279388427734375 17.369029998779296875 17.134305953979492188 16.949815750122070313 16.931570053100585938 17.071039199829101563 17.201238632202148438 17.162141799926757813 16.981143951416015625 16.766750335693359375 16.588094711303710938 16.49517059326171875 16.511957168579101563 16.48077392578125
18.273550033569335938 18.191598892211914063 18.18610382080078125 18.226902008056640625 18.245351791381835938 18.253519058227539063 18.255970001220703125 18.269723892211914063 18.28563690185546875 18.307527542114257813 18.329929351806640625 18.342885971069335938 18.343969345092773438 18.338043212890625 18.322057723999023438 18.292078018188476563 18.249553680419921875 18.201589584350585938 18.154638290405273438 18.116987228393554688 18.082677841186523438 18.043842315673828125 18.009979248046875 17.992610931396484375 17.960071563720703125 17.89003753662109375 17.796100616455078125 17.64807891845703125 17.4091644287109375 17.157711029052734375 17.034191131591796875 17.08405303955078125 17.205968856811523438 17.257333755493164063 17.196584701538085938 17.065485000610351563 16.903558731079101563 16.729930877685546875 16.620290756225585938 16.602275848388671875
18.326627731323242188 18.277563095092773438 18.270320892333984375 18.29825592041015625 18.294149398803710938 18.297472000122070313 18.304851531982421875 18.3241424560546875 18.347948074340820313 18.373443603515625 18.391710281372070313 18.39379119873046875 18.378383636474609375 18.352153778076171875 18.317173004150390625 18.268413543701171875 18.20508575439453125 18.135438919067382813 18.064823150634765625 18.002569198608398438 17.954799652099609375 17.924102783203125 17.901449203491210938 17.877460479736328125 17.838863372802734375 17.7946014404296875 17.757349014282226563 17.6745758056640625 17.484073638916015625 17.248613357543945313 17.108245849609375 17.121763229370117188 17.221527099609375 17.301233291625976563 17.315187454223632813 17.25988006591796875 17.153978347778320313 16.990575790405273438 16.801525115966796875 16.724390029907226563
18.462432861328125 18.421609878540039063 18.377218246459960938 18.37715911865234375 18.37113189697265625 18.368646621704101563 18.383228302001953125 18.408231735229492188 18.441095352172851563 18.481210708618164063 18.505548477172851563 18.498552322387695313 18.485660552978515625 18.468183517456054688 18.43880462646484375 18.38323974609375 18.30572509765625 18.222871780395507813 18.135955810546875 18.043653488159179688 17.955608367919921875 17.879396438598632813 17.810884475708007813 17.746873855590820313 17.695032119750976563 17.665205001831054688 17.640607833862304688 17.571008682250976563 17.420862197875976563 17.244737625122070313 17.148250579833984375 17.166685104370117188 17.253719329833984375 17.3441009521484375 17.395763397216796875 17.387216567993164063 17.325147628784179688 17.195329666137695313 16.986454010009765625 16.859022140502929688
18.52408599853515625 18.538373947143554688 18.521999359130859375 18.488903045654296875 18.485315322875976563 18.493595123291015625 18.512853622436523438 18.54851531982421875 18.61328125 18.689983367919921875 18.717199325561523438 18.687448501586914063 18.665712356567382813 18.659250259399414063 18.607530593872070313 18.483781814575195313 18.344820022583007813 18.250673294067382813 18.189563751220703125 18.125600814819335938 18.05547332763671875 17.985700607299804688 17.913038253784179688 17.827650070190429688 17.72393035888671875 17.610082626342773438 17.494749069213867188 17.374849319458007813 17.260623931884765625 17.183420181274414063 17.169816970825195313 17.222265243530273438 17.318050384521484375 17.413333892822265625 17.467037200927734375 17.445272445678710938 17.360048294067382813 17.247327804565429688 17.071168899536132813 16.924974441528320313
18.409912109375 18.534832000732421875 18.585790634155273438 18.590824127197265625 18.598489761352539063 18.630481719970703125 18.67559814453125 18.739835739135742188 18.83696746826171875 18.922536849975585938 18.920064926147460938 18.847301483154296875 18.785840988159179688 18.734905242919921875 18.599676132202148438 18.37950897216796875 18.198505401611328125 18.111957550048828125 18.073944091796875 18.035547256469726563 17.99457550048828125 17.964532852172851563 17.941190719604492188 17.906114578247070313 17.834371566772460938 17.707677841186523438 17.540250778198242188 17.36734771728515625 17.241535186767578125 17.194540023803710938 17.220785140991210938 17.303419113159179688 17.414442062377929688 17.487909317016601563 17.468023300170898438 17.361223220825195313 17.219335556030273438 17.12236785888671875 17.02838897705078125 16.91048431396484375
18.134952545166015625 18.31450653076171875 18.5258026123046875 18.650774002075195313 18.738569259643554688 18.82819366455078125 18.90795135498046875 18.980920791625976563 19.05030059814453125 19.08126068115234375 19.049205780029296875 18.9567718505859375 18.860040664672851563 18.728511810302734375 18.504144668579101563 18.269073486328125 18.12191009521484375 18.057710647583007813 18.021692276000976563 17.96993255615234375 17.915683746337890625 17.888324737548828125 17.885042190551757813 17.890750885009765625 17.881336212158203125 17.81127166748046875 17.6594085693359375 17.469392776489257813 17.327257156372070313 17.289310455322265625 17.345521926879882813 17.450468063354492188 17.515405654907226563 17.457799911499023438 17.308624267578125 17.148981094360351563 17.018909454345703125 16.961641311645507813 16.939981460571289063 16.878238677978515625
18.0406036376953125 18.090604782104492188 18.293918609619140625 18.577707290649414063 18.820230484008789063 18.979228973388671875 19.045520782470703125 19.051877975463867188 19.04095458984375 19.03606414794921875 19.010179519653320313 18.942224502563476563 18.848592758178710938 18.688413619995117188 18.424089431762695313 18.205842971801757813 18.087459564208984375 18.038553237915039063 18.012884140014648438 17.969484329223632813 17.918783187866210938 17.886859893798828125 17.886339187622070313 17.893497467041015625 17.86786651611328125 17.77667236328125 17.633686065673828125 17.491594314575195313 17.425724029541015625 17.4697418212890625 17.5638275146484375 17.586656570434570313 17.454904556274414063 17.238138198852539063 17.058727264404296875 16.953435897827148438 16.895061492919921875 16.857372283935546875 16.845933914184570313 16.834524154663085938
18.040460586547851563 18.103425979614257813 18.228977203369140625 18.486867904663085938 18.78798675537109375 18.9584808349609375 18.975698471069335938 18.93401336669921875 18.921764373779296875 18.911588668823242188 18.892011642456054688 18.841831207275390625 18.770954132080078125 18.578351974487304688 18.28960418701171875 18.114606857299804688 18.044858932495117188 18.014301300048828125 17.995100021362304688 17.970643997192382813 17.947557449340820313 17.932920455932617188 17.92539215087890625 17.890666961669921875 17.799549102783203125 17.679510116577148438 17.5821990966796875 17.559118270874023438 17.622646331787109375 17.692640304565429688 17.636394500732421875 17.403400421142578125 17.13585662841796875 16.974046707153320313 16.901058197021484375 16.871089935302734375 16.864023208618164063 16.853048324584960938 16.83477783203125 16.820537567138671875
18.506389617919921875 18.444768905639648438 18.446031570434570313 18.608112335205078125 18.831315994262695313 18.922685623168945313 18.90055084228515625 18.872724533081054688 18.860616683959960938 18.839685440063476563 18.784732818603515625 18.719913482666015625 18.607898712158203125 18.35186767578125 18.166074752807617188 18.07592010498046875 18.039350509643554688 18.022878646850585938 18.008695602416992188 17.991132736206054688 17.983381271362304688 17.9705810546875 17.93112945556640625 17.855451583862304688 17.762714385986328125 17.700496673583984375 17.692279815673828125 17.706438064575195313 17.663572311401367188 17.486272811889648438 17.219509124755859375 17.011236190795898438 16.910650253295898438 16.862735748291015625 16.8276519775390625 16.80492401123046875 16.802495956420898438 16.803537368774414063 16.805942535400390625 16.812530517578125
18.830373764038085938 18.806871414184570313 18.795988082885742188 18.867580413818359375 18.936166763305664063 18.937978744506835938 18.898525238037109375 18.8645782470703125 18.849658966064453125 18.797557830810546875 18.695568084716796875 18.584796905517578125 18.384111404418945313 18.221630096435546875 18.132427215576171875 18.0569915771484375 18.023097991943359375 18.020383834838867188 18.019771575927734375 18.019235610961914063 18.013555526733398438 17.984043121337890625 17.92304229736328125 17.841390609741210938 17.77239990234375 17.728231430053710938 17.65569305419921875 17.480594635009765625 17.21810150146484375 17.01154327392578125 16.912435531616210938 16.855449676513671875 16.813627243041992188 16.777585983276367188 16.748394012451171875 16.742706298828125 16.753673553466796875 16.7654876708984375 16.775127410888671875 16.782430648803710938
18.85857391357421875 18.854936599731445313 18.881788253784179688 18.936334609985351563 18.9593963623046875 18.950893402099609375 18.901775360107421875 18.850816726684570313 18.823625564575195313 18.75992584228515625 18.6361541748046875 18.488115310668945313 18.296392440795898438 18.20133209228515625 18.120555877685546875 18.04181671142578125 18.019529342651367188 18.028791427612304688 18.037631988525390625 18.04398345947265625 18.03401947021484375 17.99655914306640625 17.933362960815429688 17.855594635009765625 17.770473480224609375 17.636343002319335938 17.386255264282226563 17.058923721313476563 16.87322235107421875 16.848089218139648438 16.823068618774414063 16.801036834716796875 16.795948028564453125 16.780963897705078125 16.774499893188476563 16.779260635375976563 16.781656265258789063 16.787763595581054688 16.808115005493164063 16.83264923095703125
18.876642227172851563 18.8932647705078125 18.928434371948242188 18.954509735107421875 18.968519210815429688 18.942073822021484375 18.865650177001953125 18.809818267822265625 18.782032012939453125 18.716693878173828125 18.582548141479492188 18.40470123291015625 18.257318496704101563 18.196773529052734375 18.106809616088867188 18.017354965209960938 18.007701873779296875 18.030826568603515625 18.05057525634765625 18.059728622436523438 18.046010971069335938 18.000814437866210938 17.928012847900390625 17.828962326049804688 17.67517852783203125 17.413227081298828125 17.047613143920898438 16.77173614501953125 16.740934371948242188 16.798814773559570313 16.830219268798828125 16.867162704467773438 16.899934768676757813 16.910614013671875 16.896497726440429688 16.84227752685546875 16.761592864990234375 16.7060699462890625 16.704404830932617188 16.7473297119140625
18.876888275146484375 18.906610488891601563 18.926534652709960938 18.935688018798828125 18.934839248657226563 18.875791549682617188 18.79999542236328125 18.764629364013671875 18.731113433837890625 18.646593093872070313 18.507539749145507813 18.337522506713867188 18.237073898315429688 18.192302703857421875 18.08336639404296875 17.981098175048828125 17.98902130126953125 18.031328201293945313 18.062219619750976563 18.074535369873046875 18.061868667602539063 18.012060165405273438 17.915899276733398438 17.760499954223632813 17.517576217651367188 17.177515029907226563 16.848102569580078125 16.765888214111328125 16.907466888427734375 17.066846847534179688 17.173181533813476563 17.255512237548828125 17.31732940673828125 17.359239578247070313 17.376804351806640625 17.357290267944335938 17.291290283203125 17.171068191528320313 17.014642715454101563 16.85295867919921875
18.847497940063476563 18.868513107299804688 18.876527786254882813 18.880931854248046875 18.8763427734375 18.817655563354492188 18.758935928344726563 18.727865219116210938 18.665708541870117188 18.547533035278320313 18.398675918579101563 18.266878128051757813 18.225896835327148438 18.173151016235351563 18.032125473022460938 17.925691604614257813 17.958963394165039063 18.021802902221679688 18.066209793090820313 18.080858230590820313 18.071441650390625 18.024898529052734375 17.915365219116210938 17.750457763671875 17.5027008056640625 17.163995742797851563 16.892047882080078125 16.910686492919921875 17.113861083984375 17.242383956909179688 17.272970199584960938 17.284357070922851563 17.31429290771484375 17.359859466552734375 17.403919219970703125 17.443048477172851563 17.475597381591796875 17.491535186767578125 17.478830337524414063 17.4194793701171875
