MapLinkProApp/griddata/temperature/ASCII/cmems_mod_glo_phy-thetao_anfc_0,083deg_P1D-m_1702458667101_92,3.asc
ncols        121
nrows        120
xllcorner    -30.041666666667
yllcorner    40.041666655981
cellsize     0.083333333333
NODATA_value  9.9692099683868690468e+36
[rows 72 to 89 of 120, columns 80 to 119 of 121]
15.772141456604003906 15.804421424865722656 15.870197296142578125 15.914537429809570313 15.929433822631835938 15.908383369445800781 15.854130744934082031 15.845587730407714844 15.828686714172363281 15.736594200134277344 15.675238609313964844 15.644796371459960938 15.581129074096679688 15.497275352478027344 15.508856773376464844 15.502573013305664063 15.446430206298828125 15.263667106628417969 15.122761726379394531 15.060251235961914063 14.998484611511230469 14.925580978393554688 14.930239677429199219 14.946829795837402344 14.987272262573242188 15.0890655517578125 15.167284011840820313 15.303860664367675781 15.394352912902832031 15.454043388366699219 15.500742912292480469 15.55487823486328125 15.530645370483398438 15.333500862121582031 15.161068916320800781 15.159589767456054688 15.147928237915039063 14.9339141845703125 14.68634796142578125 14.722126007080078125
15.770633697509765625 15.848320960998535156 15.916035652160644531 15.91271209716796875 15.909271240234375 15.830161094665527344 15.708408355712890625 15.71842193603515625 15.689566612243652344 15.613965034484863281 15.625310897827148438 15.649178504943847656 15.69631195068359375 15.659152030944824219 15.637999534606933594 15.637790679931640625 15.545371055603027344 15.365581512451171875 15.230195045471191406 15.147249221801757813 15.103796005249023438 15.028635978698730469 14.960927963256835938 14.968601226806640625 14.986842155456542969 14.956075668334960938 14.978479385375976563 15.107850074768066406 15.26678466796875 15.412364006042480469 15.4766387939453125 15.471384048461914063 15.415525436401367188 15.273675918579101563 15.153728485107421875 15.13185882568359375 15.046270370483398438 14.808938026428222656 14.6185302734375 14.811304092407226563
15.649344444274902344 15.706343650817871094 15.779154777526855469 15.811420440673828125 15.753806114196777344 15.55233001708984375 15.393765449523925781 15.354966163635253906 15.225481986999511719 15.20980072021484375 15.331602096557617188 15.381285667419433594 15.563447952270507813 15.705410003662109375 15.733141899108886719 15.716793060302734375 15.598805427551269531 15.411093711853027344 15.270403861999511719 15.216361045837402344 15.183798789978027344 15.117437362670898438 15.090036392211914063 14.992320060729980469 14.949571609497070313 14.936264991760253906 14.956063270568847656 14.984318733215332031 15.075443267822265625 15.205494880676269531 15.228188514709472656 15.256747245788574219 15.276988029479980469 15.218231201171875 15.157017707824707031 15.12860870361328125 15.017853736877441406 14.841762542724609375 14.81795501708984375 15.100552558898925781
15.485376358032226563 15.334881782531738281 15.386493682861328125 15.460677146911621094 15.380301475524902344 15.2813873291015625 15.204403877258300781 14.943179130554199219 14.684841156005859375 14.675391197204589844 14.825251579284667969 14.909873008728027344 15.009709358215332031 15.204028129577636719 15.391646385192871094 15.493906974792480469 15.442038536071777344 15.356594085693359375 15.267098426818847656 15.222574234008789063 15.200273513793945313 15.140460014343261719 15.0691070556640625 14.997607231140136719 14.947556495666503906 14.927118301391601563 14.868910789489746094 14.870287895202636719 14.897039413452148438 14.985754013061523438 15.029598236083984375 15.064614295959472656 15.105053901672363281 15.070933341979980469 15.050462722778320313 15.039370536804199219 14.954442977905273438 14.909708976745605469 15.040230751037597656 15.328656196594238281
15.599736213684082031 15.503895759582519531 15.510976791381835938 15.562216758728027344 15.503221511840820313 15.402998924255371094 15.050969123840332031 14.484711647033691406 14.362079620361328125 14.242707252502441406 14.260794639587402344 14.36468505859375 14.413022041320800781 14.538606643676757813 14.8227081298828125 14.951525688171386719 14.871911048889160156 14.859894752502441406 14.898081779479980469 14.880894660949707031 14.83632659912109375 14.78186798095703125 14.735182762145996094 14.771983146667480469 14.836895942687988281 14.87766265869140625 14.895254135131835938 14.902740478515625 14.880804061889648438 14.913277626037597656 14.956612586975097656 15.025242805480957031 15.022230148315429688 15.008048057556152344 15.014696121215820313 14.913968086242675781 14.800780296325683594 14.868315696716308594 15.018983840942382813 15.275616645812988281
15.783525466918945313 15.757974624633789063 15.741827011108398438 15.675097465515136719 15.530730247497558594 15.203949928283691406 14.662412643432617188 14.332612037658691406 14.693101882934570313 14.557520866394042969 14.2135772705078125 14.007523536682128906 13.871964454650878906 13.844122886657714844 13.963839530944824219 13.921688079833984375 13.927617073059082031 14.019407272338867188 14.125515937805175781 14.121637344360351563 14.062824249267578125 14.004301071166992188 14.017550468444824219 14.09981536865234375 14.333065032958984375 14.560557365417480469 14.712847709655761719 14.799832344055175781 14.908185005187988281 14.997157096862792969 15.008190155029296875 14.955198287963867188 14.83032989501953125 14.869398117065429688 14.80744171142578125 14.759572982788085938 14.656512260437011719 14.650358200073242188 14.82586669921875 15.1667327880859375
15.003427505493164063 15.039857864379882813 14.944397926330566406 14.823431015014648438 14.706174850463867188 14.472531318664550781 14.662360191345214844 15.0432586669921875 14.995015144348144531 14.500703811645507813 14.058099746704101563 13.77655029296875 13.576539039611816406 13.533774375915527344 13.47039794921875 13.362546920776367188 13.374523162841796875 13.387601852416992188 13.403552055358886719 13.41275787353515625 13.373228073120117188 13.361592292785644531 13.379199028015136719 13.425634384155273438 13.570299148559570313 13.752911567687988281 13.963366508483886719 14.18798828125 14.366202354431152344 14.483652114868164063 14.468596458435058594 14.350150108337402344 14.364514350891113281 14.379626274108886719 14.344057083129882813 14.541905403137207031 14.524522781372070313 14.409079551696777344 14.654958724975585938 15.128034591674804688
13.991413116455078125 13.867684364318847656 13.873999595642089844 14.195141792297363281 14.527127265930175781 14.901497840881347656 15.268754005432128906 15.220882415771484375 14.811703681945800781 14.310742378234863281 13.930216789245605469 13.691811561584472656 13.5212249755859375 13.503612518310546875 13.490703582763671875 13.536998748779296875 13.554135322570800781 13.588115692138671875 13.589778900146484375 13.573648452758789063 13.540532112121582031 13.502710342407226563 13.396701812744140625 13.321442604064941406 13.298491477966308594 13.332357406616210938 13.421193122863769531 13.517438888549804688 13.603972434997558594 13.724834442138671875 13.75434112548828125 13.757723808288574219 13.845157623291015625 13.8828887939453125 14.118672370910644531 14.56439208984375 14.633429527282714844 14.337868690490722656 14.517486572265625 15.050528526306152344
14.526716232299804688 14.605373382568359375 14.770536422729492188 14.939259529113769531 15.188242912292480469 15.463774681091308594 15.510744094848632813 15.345377922058105469 14.999831199645996094 14.468061447143554688 14.084228515625 13.98950958251953125 13.894715309143066406 13.895379066467285156 13.87928009033203125 14.017565727233886719 14.139905929565429688 14.280638694763183594 14.349974632263183594 14.341083526611328125 14.272633552551269531 14.211908340454101563 14.087372779846191406 13.932541847229003906 13.723840713500976563 13.614744186401367188 13.499803543090820313 13.518946647644042969 13.546191215515136719 13.666385650634765625 13.747951507568359375 13.885729789733886719 13.924721717834472656 13.953130722045898438 14.158649444580078125 14.5875091552734375 14.646365165710449219 14.320204734802246094 14.421565055847167969 14.981721878051757813
15.137144088745117188 15.230779647827148438 15.302138328552246094 15.241212844848632813 15.219789505004882813 15.312513351440429688 15.450448036193847656 15.525135040283203125 15.411366462707519531 15.026941299438476563 14.693884849548339844 14.595293045043945313 14.60149383544921875 14.699946403503417969 14.894490242004394531 15.10158538818359375 15.106981277465820313 15.053014755249023438 15.100343704223632813 15.067148208618164063 15.038258552551269531 15.0392303466796875 15.006764411926269531 14.92948150634765625 14.787432670593261719 14.600651741027832031 14.383557319641113281 14.209062576293945313 14.120820045471191406 14.138644218444824219 14.184828758239746094 14.260861396789550781 14.301483154296875 14.303693771362304688 14.337442398071289063 14.420200347900390625 14.445524215698242188 14.320360183715820313 14.383916854858398438 14.848262786865234375
15.078030586242675781 14.961762428283691406 15.074250221252441406 15.086335182189941406 14.981600761413574219 14.8034515380859375 14.816579818725585938 15.18486785888671875 15.547330856323242188 15.541230201721191406 15.317373275756835938 15.247857093811035156 15.3688507080078125 15.476273536682128906 15.492757797241210938 15.344498634338378906 15.019866943359375 14.745039939880371094 14.726663589477539063 14.65990447998046875 14.672494888305664063 14.663887977600097656 14.710000991821289063 14.796087265014648438 14.925327301025390625 15.177603721618652344 15.290737152099609375 15.278148651123046875 15.179900169372558594 15.141596794128417969 15.156255722045898438 15.214982032775878906 15.245065689086914063 15.196221351623535156 15.110346794128417969 15.061591148376464844 14.964116096496582031 14.771230697631835938 14.717738151550292969 14.860057830810546875
15.275811195373535156 14.874276161193847656 14.908165931701660156 15.054228782653808594 15.003540992736816406 14.850491523742675781 14.706775665283203125 14.615061759948730469 15.131475448608398438 15.637966156005859375 15.597971916198730469 15.477606773376464844 15.592558860778808594 15.601878166198730469 15.390201568603515625 15.043145179748535156 14.775301933288574219 14.651173591613769531 14.7277984619140625 14.677297592163085938 14.645336151123046875 14.494275093078613281 14.317557334899902344 14.061832427978515625 13.785928726196289063 13.952467918395996094 14.424428939819335938 14.826222419738769531 15.067614555358886719 15.110639572143554688 15.148055076599121094 15.209643363952636719 15.291533470153808594 15.337671279907226563 15.347281455993652344 15.369853973388671875 15.52288055419921875 15.532888412475585938 15.250088691711425781 14.89788818359375
15.51636505126953125 15.150112152099609375 15.092725753784179688 15.320751190185546875 15.357483863830566406 15.320709228515625 15.068993568420410156 14.80922698974609375 14.584626197814941406 15.140821456909179688 15.56101226806640625 15.483391761779785156 15.374339103698730469 15.156847953796386719 14.9599761962890625 14.692836761474609375 14.6957550048828125 14.82172393798828125 14.974247932434082031 14.853708267211914063 14.676366806030273438 14.525026321411132813 14.316558837890625 14.133966445922851563 13.7769317626953125 13.423413276672363281 13.375361442565917969 13.646396636962890625 14.023240089416503906 14.326285362243652344 14.526776313781738281 14.646883010864257813 14.654867172241210938 14.631791114807128906 14.583246231079101563 14.474671363830566406 14.555963516235351563 14.744603157043457031 14.832788467407226563 14.619612693786621094
15.409518241882324219 15.293042182922363281 15.39623260498046875 15.437986373901367188 15.344766616821289063 15.292367935180664063 15.118290901184082031 15.054046630859375 14.743199348449707031 14.715162277221679688 15.217455863952636719 15.3375396728515625 15.099294662475585938 14.75994873046875 14.583955764770507813 14.557116508483886719 14.6761932373046875 14.622567176818847656 14.56572723388671875 14.473669052124023438 14.383623123168945313 14.323460578918457031 14.177699089050292969 13.943334579467773438 13.725797653198242188 13.508933067321777344 13.393880844116210938 13.360440254211425781 13.443357467651367188 13.56143951416015625 13.66893768310546875 13.768778800964355469 13.954051017761230469 14.083806037902832031 14.0478363037109375 14.045755386352539063 14.053590774536132813 13.97536468505859375 13.977113723754882813 13.952753067016601563
15.412723541259765625 15.49021148681640625 15.402875900268554688 15.1845855712890625 15.007088661193847656 14.878688812255859375 14.777129173278808594 14.852351188659667969 14.796626091003417969 14.597237586975097656 14.95629119873046875 15.227605819702148438 14.938982963562011719 14.494722366333007813 14.267087936401367188 14.242952346801757813 14.2923736572265625 14.308948516845703125 14.413633346557617188 14.261496543884277344 14.329622268676757813 14.401918411254882813 14.193444252014160156 13.878739356994628906 13.625539779663085938 13.5252227783203125 13.444420814514160156 13.44249725341796875 13.532148361206054688 13.600199699401855469 13.61875152587890625 13.597772598266601563 13.628605842590332031 13.722890853881835938 13.820536613464355469 13.938383102416992188 13.982256889343261719 13.902284622192382813 13.808528900146484375 13.771863937377929688
15.405672073364257813 15.164854049682617188 14.918807029724121094 14.722692489624023438 14.682206153869628906 14.652216911315917969 14.590594291687011719 14.682149887084960938 14.722689628601074219 14.550854682922363281 14.829891204833984375 15.159381866455078125 15.002610206604003906 14.417618751525878906 14.055876731872558594 14.042600631713867188 14.249012947082519531 14.432620048522949219 14.414456367492675781 14.382856369018554688 14.304437637329101563 14.275456428527832031 13.972762107849121094 13.629869461059570313 13.530579566955566406 13.526075363159179688 13.542660713195800781 13.595838546752929688 13.6594085693359375 13.853277206420898438 14.1155853271484375 14.469271659851074219 14.77437591552734375 14.935268402099609375 14.942310333251953125 14.946154594421386719 14.791312217712402344 14.585194587707519531 14.347714424133300781 14.085336685180664063
15.1490478515625 14.927433967590332031 14.611968040466308594 14.557100296020507813 14.521370887756347656 14.496972084045410156 14.566256523132324219 14.684551239013671875 14.713065147399902344 14.569447517395019531 14.778310775756835938 15.152179718017578125 15.04378509521484375 14.579630851745605469 14.306048393249511719 14.294772148132324219 14.524793624877929688 14.580335617065429688 14.378794670104980469 14.293557167053222656 14.197409629821777344 13.962161064147949219 13.602033615112304688 13.469003677368164063 13.717436790466308594 14.017512321472167969 14.416928291320800781 14.9190216064453125 15.447554588317871094 15.672266960144042969 15.767734527587890625 15.8147735595703125 15.680721282958984375 15.541583061218261719 15.461289405822753906 15.401851654052734375 15.213593482971191406 14.96666717529296875 14.769201278686523438 14.544945716857910156
15.203553199768066406 14.909352302551269531 14.618098258972167969 14.591657638549804688 14.495527267456054688 14.487742424011230469 14.591221809387207031 14.663122177124023438 14.611189842224121094 14.514616966247558594 14.737858772277832031 15.143568992614746094 15.019651412963867188 14.757029533386230469 14.623210906982421875 14.619390487670898438 14.519989967346191406 14.101837158203125 14.145463943481445313 14.293171882629394531 14.187192916870117188 13.969578742980957031 13.613966941833496094 13.720686912536621094 14.295571327209472656 14.880198478698730469 15.650301933288574219 16.455820083618164063 16.7020111083984375 16.29172515869140625 15.646258354187011719 15.056033134460449219 14.595387458801269531 14.567551612854003906 14.880764961242675781 15.255263328552246094 15.319199562072753906 15.030158042907714844 14.781934738159179688 14.855889320373535156
