MapLinkProApp/griddata/temperature/ASCII/cmems_mod_glo_phy-thetao_anfc_0,083deg_P1D-m_1702458667101_29,4.asc
ncols        121
nrows        120
xllcorner    -30.041666666667
yllcorner    40.041666655981
cellsize     0.083333333333
NODATA_value  9.9692099683868690468e+36
[rows 90 to 107 of 120, columns 80 to 119 of 121]
16.111907958984375 16.237506866455078125 16.260662078857421875 16.280124664306640625 16.322368621826171875 16.3128814697265625 16.329830169677734375 16.337024688720703125 16.308353424072265625 16.191400527954101563 15.996525764465332031 15.871539115905761719 15.842132568359375 15.812428474426269531 15.762632369995117188 15.708138465881347656 15.708203315734863281 15.76293182373046875 15.828653335571289063 15.9146575927734375 16.049289703369140625 16.229230880737304688 16.455158233642578125 16.701974868774414063 16.882600784301757813 17.082708358764648438 17.308324813842773438 17.284952163696289063 17.159601211547851563 17.139865875244140625 17.185750961303710938 17.238641738891601563 17.278635025024414063 17.2833099365234375 17.274715423583984375 17.26601409912109375 17.263647079467773438 17.2601318359375 17.226787567138671875 17.159664154052734375
16.006052017211914063 16.0913543701171875 16.138307571411132813 16.140314102172851563 16.172800064086914063 16.172834396362304688 16.173198699951171875 16.12551116943359375 16.0445404052734375 15.927919387817382813 15.812677383422851563 15.749756813049316406 15.733609199523925781 15.71810150146484375 15.722733497619628906 15.767277717590332031 15.853264808654785156 15.953839302062988281 16.044870376586914063 16.1719207763671875 16.2949066162109375 16.455547332763671875 16.708637237548828125 16.97006988525390625 17.096555709838867188 17.122364044189453125 17.221456527709960938 17.319736480712890625 17.270137786865234375 17.230867385864257813 17.243846893310546875 17.281902313232421875 17.318937301635742188 17.332387924194335938 17.322643280029296875 17.296466827392578125 17.276548385620117188 17.293787002563476563 17.3123016357421875 17.298624038696289063
15.986614227294921875 15.976172447204589844 16.047771453857421875 16.0233001708984375 15.999762535095214844 15.965322494506835938 15.938647270202636719 15.881699562072753906 15.829337120056152344 15.770632743835449219 15.734859466552734375 15.725060462951660156 15.739701271057128906 15.788532257080078125 15.893157958984375 16.0622711181640625 16.258523941040039063 16.406972885131835938 16.49230194091796875 16.579122543334960938 16.653766632080078125 16.814718246459960938 17.06510162353515625 17.227666854858398438 17.290660858154296875 17.283349990844726563 17.246686935424804688 17.292726516723632813 17.32915496826171875 17.335597991943359375 17.3358306884765625 17.334424972534179688 17.34305572509765625 17.358598709106445313 17.368822097778320313 17.369512557983398438 17.328977584838867188 17.323642730712890625 17.358531951904296875 17.36904144287109375
16.201765060424804688 15.999661445617675781 15.970120429992675781 15.948167800903320313 15.928392410278320313 15.901398658752441406 15.851430892944335938 15.816031455993652344 15.796351432800292969 15.805891036987304688 15.848819732666015625 15.956117630004882813 16.1142120361328125 16.319200515747070313 16.548337936401367188 16.772304534912109375 16.899816513061523438 16.954751968383789063 16.979345321655273438 17.026662826538085938 17.101778030395507813 17.228441238403320313 17.302143096923828125 17.303056716918945313 17.287139892578125 17.268314361572265625 17.253278732299804688 17.251178741455078125 17.264219284057617188 17.277093887329101563 17.281339645385742188 17.279226303100585938 17.295866012573242188 17.320459365844726563 17.354084014892578125 17.386455535888671875 17.375902175903320313 17.35317230224609375 17.39096832275390625 17.400075912475585938
16.419572830200195313 16.189662933349609375 16.111188888549804688 16.026109695434570313 15.907354354858398438 15.858755111694335938 15.850852012634277344 15.852469444274902344 15.9116973876953125 16.067712783813476563 16.328489303588867188 16.633291244506835938 16.87644195556640625 17.01299285888671875 17.092647552490234375 17.1515045166015625 17.175977706909179688 17.181898117065429688 17.189580917358398438 17.204099655151367188 17.213159561157226563 17.202503204345703125 17.180322647094726563 17.157012939453125 17.134937286376953125 17.129152297973632813 17.119419097900390625 17.103445053100585938 17.078945159912109375 17.068300247192382813 17.066514968872070313 17.10205841064453125 17.175592422485351563 17.2540740966796875 17.321079254150390625 17.38747406005859375 17.413400650024414063 17.384237289428710938 17.41538238525390625 17.420642852783203125
16.562505722045898438 16.303470611572265625 16.197401046752929688 16.19864654541015625 16.0946044921875 15.948615074157714844 15.894662857055664063 15.929562568664550781 16.054750442504882813 16.327695846557617188 16.720991134643554688 17.016199111938476563 17.098257064819335938 17.11345672607421875 17.1369781494140625 17.149202346801757813 17.128566741943359375 17.092897415161132813 17.075178146362304688 17.075435638427734375 17.085363388061523438 17.086622238159179688 17.08203125 17.077716827392578125 17.101869583129882813 17.17400360107421875 17.191801071166992188 17.15558624267578125 17.066253662109375 16.96347808837890625 16.916202545166015625 16.966970443725585938 17.094112396240234375 17.217309951782226563 17.313934326171875 17.405599594116210938 17.44549560546875 17.422573089599609375 17.427923202514648438 17.440954208374023438
16.722080230712890625 16.45333099365234375 16.269260406494140625 16.268747329711914063 16.277170181274414063 16.183771133422851563 16.071300506591796875 16.026689529418945313 16.10932159423828125 16.338237762451171875 16.665697097778320313 16.9334564208984375 17.048824310302734375 17.073225021362304688 17.081394195556640625 17.073656082153320313 17.039546966552734375 16.999057769775390625 16.97370147705078125 16.974323272705078125 17.018720626831054688 17.056936264038085938 17.077013015747070313 17.096521377563476563 17.201585769653320313 17.361003875732421875 17.415475845336914063 17.36479949951171875 17.258327484130859375 17.096780776977539063 16.936235427856445313 16.918787002563476563 17.041524887084960938 17.1997528076171875 17.316867828369140625 17.422464370727539063 17.471002578735351563 17.454229354858398438 17.441751480102539063 17.450038909912109375
16.83827972412109375 16.615406036376953125 16.358734130859375 16.289873123168945313 16.357051849365234375 16.378192901611328125 16.331394195556640625 16.264591217041015625 16.205575942993164063 16.2245941162109375 16.353759765625 16.5767364501953125 16.800899505615234375 16.933071136474609375 16.984598159790039063 17.004884719848632813 16.989393234252929688 16.958698272705078125 16.919063568115234375 16.879800796508789063 16.9228668212890625 17.000774383544921875 17.050062179565429688 17.107593536376953125 17.339311599731445313 17.541015625 17.54541778564453125 17.440715789794921875 17.322238922119140625 17.211273193359375 17.021678924560546875 16.933656692504882813 17.030431747436523438 17.20262908935546875 17.331491470336914063 17.439586639404296875 17.49784088134765625 17.487829208374023438 17.467464447021484375 17.47318267822265625
16.86824798583984375 16.730333328247070313 16.462316513061523438 16.313123703002929688 16.332487106323242188 16.381799697875976563 16.400957107543945313 16.414279937744140625 16.403242111206054688 16.368133544921875 16.34236907958984375 16.355382919311523438 16.42633056640625 16.580204010009765625 16.743822097778320313 16.845317840576171875 16.873456954956054688 16.88408660888671875 16.88332366943359375 16.837213516235351563 16.819227218627929688 16.895708084106445313 16.977458953857421875 17.119573593139648438 17.47796630859375 17.648284912109375 17.550394058227539063 17.355752944946289063 17.21868133544921875 17.157291412353515625 17.047807693481445313 16.970975875854492188 17.067876815795898438 17.249197006225585938 17.399084091186523438 17.501245498657226563 17.54752349853515625 17.529592514038085938 17.495025634765625 17.527151107788085938
16.85836029052734375 16.820280075073242188 16.615442276000976563 16.3888092041015625 16.31070709228515625 16.310276031494140625 16.301683425903320313 16.29470062255859375 16.316003799438476563 16.361576080322265625 16.401216506958007813 16.4267730712890625 16.452379226684570313 16.4963531494140625 16.56329345703125 16.647535324096679688 16.711503982543945313 16.761583328247070313 16.796129226684570313 16.773590087890625 16.7518157958984375 16.820543289184570313 16.944072723388671875 17.212823867797851563 17.613983154296875 17.70269012451171875 17.529325485229492188 17.314191818237304688 17.161493301391601563 17.081434249877929688 17.025979995727539063 17.013071060180664063 17.160022735595703125 17.346609115600585938 17.490871429443359375 17.5886688232421875 17.624856948852539063 17.59186553955078125 17.509119033813476563 17.521371841430664063
16.829629898071289063 16.860719680786132813 16.795923233032226563 16.60772705078125 16.425121307373046875 16.33048248291015625 16.2832183837890625 16.265850067138671875 16.25910186767578125 16.235433578491210938 16.227386474609375 16.266056060791015625 16.351222991943359375 16.441400527954101563 16.515239715576171875 16.579759597778320313 16.619234085083007813 16.638517379760742188 16.660570144653320313 16.658506393432617188 16.684856414794921875 16.801631927490234375 17.008087158203125 17.4228057861328125 17.774791717529296875 17.752140045166015625 17.57280731201171875 17.37360382080078125 17.205423355102539063 17.11612701416015625 17.094163894653320313 17.159391403198242188 17.324811935424804688 17.491411209106445313 17.61122894287109375 17.69104766845703125 17.732645034790039063 17.708211898803710938 17.61051177978515625 17.533124923706054688
16.806194305419921875 16.8392181396484375 16.861850738525390625 16.785858154296875 16.639301300048828125 16.497999191284179688 16.39388275146484375 16.3682861328125 16.366357803344726563 16.333271026611328125 16.257780075073242188 16.179838180541992188 16.158094406127929688 16.220020294189453125 16.318422317504882813 16.403387069702148438 16.446352005004882813 16.48177337646484375 16.534698486328125 16.576206207275390625 16.661069869995117188 16.8541107177734375 17.180765151977539063 17.661670684814453125 17.888460159301757813 17.807748794555664063 17.689260482788085938 17.552829742431640625 17.398441314697265625 17.330846786499023438 17.35219573974609375 17.45844268798828125 17.609468460083007813 17.7336883544921875 17.80869293212890625 17.84806060791015625 17.875089645385742188 17.869115829467773438 17.808441162109375 17.710903167724609375
16.802022933959960938 16.824308395385742188 16.859308242797851563 16.850576400756835938 16.7750244140625 16.650255203247070313 16.529829025268554688 16.476613998413085938 16.469923019409179688 16.451288223266601563 16.373800277709960938 16.242259979248046875 16.135135650634765625 16.117725372314453125 16.179594039916992188 16.263301849365234375 16.353513717651367188 16.462564468383789063 16.552419662475585938 16.60630035400390625 16.705883026123046875 16.930389404296875 17.329305648803710938 17.788621902465820313 17.910535812377929688 17.85694122314453125 17.808437347412109375 17.74715423583984375 17.674325942993164063 17.66510009765625 17.726215362548828125 17.8229522705078125 17.90998077392578125 17.948474884033203125 17.956548690795898438 17.9571380615234375 17.959568023681640625 17.958688735961914063 17.932504653930664063 17.859577178955078125
16.7649078369140625 16.782857894897460938 16.819240570068359375 16.8515777587890625 16.837291717529296875 16.765394210815429688 16.680065155029296875 16.629068374633789063 16.605007171630859375 16.557142257690429688 16.443880081176757813 16.270753860473632813 16.133718490600585938 16.097585678100585938 16.158201217651367188 16.283231735229492188 16.438848495483398438 16.584720611572265625 16.660440444946289063 16.680004119873046875 16.756105422973632813 16.989828109741210938 17.412549972534179688 17.820375442504882813 17.906963348388671875 17.854356765747070313 17.8460693359375 17.855146408081054688 17.851682662963867188 17.867723464965820313 17.907754898071289063 17.9366607666015625 17.94756317138671875 17.954000473022460938 17.9633331298828125 17.972898483276367188 17.977848052978515625 17.97531890869140625 17.961797714233398438 17.906011581420898438
16.835313796997070313 16.847202301025390625 16.858486175537109375 16.871494293212890625 16.86861419677734375 16.838909149169921875 16.796051025390625 16.762516021728515625 16.72823333740234375 16.633358001708984375 16.4240570068359375 16.189212799072265625 16.060100555419921875 16.074146270751953125 16.196134567260742188 16.376617431640625 16.556583404541015625 16.682050704956054688 16.720432281494140625 16.717298507690429688 16.7764434814453125 17.00621795654296875 17.410608291625976563 17.78324127197265625 17.892759323120117188 17.840982437133789063 17.826089859008789063 17.849088668823242188 17.868173599243164063 17.878255844116210938 17.88880157470703125 17.894256591796875 17.898082733154296875 17.907123565673828125 17.925426483154296875 17.951658248901367188 17.97972869873046875 17.98937225341796875 17.979703903198242188 17.947816848754882813
16.782567977905273438 16.850505828857421875 16.886936187744140625 16.904369354248046875 16.91028594970703125 16.906494140625 16.889873504638671875 16.835100173950195313 16.704702377319335938 16.492029190063476563 16.245336532592773438 16.09740447998046875 16.083940505981445313 16.140384674072265625 16.254354476928710938 16.415485382080078125 16.570550918579101563 16.6611785888671875 16.692464828491210938 16.710119247436523438 16.784244537353515625 16.987806320190429688 17.324045181274414063 17.681718826293945313 17.852947235107421875 17.869306564331054688 17.826068878173828125 17.810848236083984375 17.823680877685546875 17.834741592407226563 17.836153030395507813 17.835321426391601563 17.83303070068359375 17.836517333984375 17.854846954345703125 17.894496917724609375 17.953054428100585938 17.987010955810546875 18.005298614501953125 17.991893768310546875
16.550683975219726563 16.544958114624023438 16.575464248657226563 16.601053237915039063 16.596126556396484375 16.554584503173828125 16.483154296875 16.39243316650390625 16.279062271118164063 16.153059005737304688 16.084634780883789063 16.153444290161132813 16.279397964477539063 16.343645095825195313 16.381450653076171875 16.471487045288085938 16.5666046142578125 16.62355804443359375 16.652704238891601563 16.687225341796875 16.771947860717773438 16.945249557495117188 17.173379898071289063 17.449840545654296875 17.680135726928710938 17.827960968017578125 17.864990234375 17.843358993530273438 17.829187393188476563 17.828426361083984375 17.820951461791992188 17.80994415283203125 17.793241500854492188 17.784183502197265625 17.795602798461914063 17.836177825927734375 17.917921066284179688 17.964235305786132813 18.008607864379882813 18.019205093383789063
17.195180892944335938 17.033075332641601563 16.905895233154296875 16.84275054931640625 16.836038589477539063 16.845737457275390625 16.837421417236328125 16.800876617431640625 16.73978424072265625 16.673513412475585938 16.646146774291992188 16.681882858276367188 16.735395431518554688 16.696071624755859375 16.599687576293945313 16.571096420288085938 16.596668243408203125 16.631046295166015625 16.668718338012695313 16.724077224731445313 16.832248687744140625 17.000276565551757813 17.167751312255859375 17.316497802734375 17.41913604736328125 17.515378952026367188 17.659847259521484375 17.764835357666015625 17.82056427001953125 17.83448028564453125 17.836011886596679688 17.830669403076171875 17.81180572509765625 17.782154083251953125 17.758052825927734375 17.794134140014648438 17.892026901245117188 17.949731826782226563 17.999200820922851563 18.031679153442382813
