MapLinkProApp/griddata/temperature/ASCII/cmems_mod_glo_phy-thetao_anfc_0,083deg_P1D-m_1702458667101_29,4.asc
ncols        121
nrows        120
xllcorner    -30.041666666667
yllcorner    40.041666655981
cellsize     0.083333333333
NODATA_value  9.9692099683868690468e+36
[rows 36 to 53 of 120, columns 80 to 119 of 121]
14.908442497253417969 14.949847221374511719 14.940009117126464844 14.887080192565917969 14.809277534484863281 14.694051742553710938 14.532351493835449219 14.307017326354980469 14.0069122314453125 13.747620582580566406 13.631072044372558594 13.595324516296386719 13.589296340942382813 13.719481468200683594 14.100904464721679688 14.468843460083007813 14.620153427124023438 14.661616325378417969 14.722599029541015625 14.778532981872558594 14.785165786743164063 14.781168937683105469 14.761356353759765625 14.748472213745117188 14.753040313720703125 14.785381317138671875 14.835065841674804688 14.866808891296386719 14.862868309020996094 14.811136245727539063 14.742363929748535156 14.772245407104492188 14.872821807861328125 14.907769203186035156 14.8602294921875 14.786970138549804688 14.736523628234863281 14.70977020263671875 14.699797630310058594 14.696557044982910156
15.102122306823730469 15.101002693176269531 15.050242424011230469 14.990177154541015625 14.937294960021972656 14.890061378479003906 14.823248863220214844 14.727529525756835938 14.520863533020019531 14.135176658630371094 13.784688949584960938 13.602092742919921875 13.563261032104492188 13.70400238037109375 14.091660499572753906 14.46813201904296875 14.622046470642089844 14.652416229248046875 14.691305160522460938 14.729201316833496094 14.73204803466796875 14.717556953430175781 14.683103561401367188 14.653744697570800781 14.653246879577636719 14.688235282897949219 14.743063926696777344 14.805995941162109375 14.847300529479980469 14.817287445068359375 14.721841812133789063 14.698418617248535156 14.806715011596679688 14.914739608764648438 14.914005279541015625 14.844462394714355469 14.776829719543457031 14.729631423950195313 14.706557273864746094 14.698409080505371094
15.093798637390136719 15.002717018127441406 14.921525001525878906 14.882800102233886719 14.874843597412109375 14.874567031860351563 14.84653472900390625 14.811550140380859375 14.740216255187988281 14.471749305725097656 14.046979904174804688 13.716062545776367188 13.576618194580078125 13.660529136657714844 13.99985504150390625 14.406818389892578125 14.608729362487792969 14.641386985778808594 14.665002822875976563 14.685149192810058594 14.675603866577148438 14.642928123474121094 14.590742111206054688 14.548444747924804688 14.547663688659667969 14.588289260864257813 14.646975517272949219 14.724750518798828125 14.806243896484375 14.812405586242675781 14.719556808471679688 14.635952949523925781 14.699578285217285156 14.870153427124023438 14.949886322021484375 14.920324325561523438 14.863829612731933594 14.802320480346679688 14.7484588623046875 14.717482566833496094
14.948374748229980469 14.888634681701660156 14.906207084655761719 14.939482688903808594 14.960707664489746094 14.965306282043457031 14.940182685852050781 14.887424468994140625 14.846323013305664063 14.730196952819824219 14.398509979248046875 13.987213134765625 13.678551673889160156 13.601408004760742188 13.820986747741699219 14.216371536254882813 14.533949851989746094 14.643262863159179688 14.66278839111328125 14.66202545166015625 14.634464263916015625 14.5652008056640625 14.465697288513183594 14.382940292358398438 14.353310585021972656 14.388517379760742188 14.480195999145507813 14.61054229736328125 14.748647689819335938 14.812529563903808594 14.736500740051269531 14.614576339721679688 14.615067481994628906 14.781061172485351563 14.934474945068359375 14.954916000366210938 14.929148674011230469 14.895039558410644531 14.841406822204589844 14.788115501403808594
14.876737594604492188 14.919195175170898438 14.962821006774902344 14.99066162109375 15.018238067626953125 15.042445182800292969 15.051302909851074219 15.025580406188964844 14.961040496826171875 14.8435821533203125 14.612822532653808594 14.263010025024414063 13.91436004638671875 13.684077262878417969 13.679168701171875 13.907171249389648438 14.240111351013183594 14.492191314697265625 14.613089561462402344 14.656621932983398438 14.638912200927734375 14.535443305969238281 14.365056991577148438 14.186223983764648438 14.062293052673339844 14.054233551025390625 14.178349494934082031 14.398619651794433594 14.627077102661132813 14.777657508850097656 14.767114639282226563 14.624543190002441406 14.530350685119628906 14.627182960510253906 14.837323188781738281 14.94683074951171875 14.958454132080078125 14.957976341247558594 14.947194099426269531 14.914781570434570313
14.850437164306640625 14.8510589599609375 14.855493545532226563 14.899796485900878906 14.961342811584472656 15.021825790405273438 15.069378852844238281 15.09009552001953125 15.063925743103027344 14.968798637390136719 14.776702880859375 14.483201980590820313 14.14435577392578125 13.836269378662109375 13.671635627746582031 13.702535629272460938 13.947202682495117188 14.262110710144042969 14.466779708862304688 14.600846290588378906 14.62711334228515625 14.570850372314453125 14.415485382080078125 14.190258979797363281 13.976540565490722656 13.870181083679199219 13.919267654418945313 14.142503738403320313 14.454781532287597656 14.702634811401367188 14.78083038330078125 14.662189483642578125 14.499170303344726563 14.487986564636230469 14.674838066101074219 14.861524581909179688 14.950437545776367188 14.975738525390625 14.981625556945800781 14.975028038024902344
14.757655143737792969 14.719628334045410156 14.730388641357421875 14.782358169555664063 14.849190711975097656 14.919525146484375 14.987340927124023438 15.0482635498046875 15.094068527221679688 15.109126091003417969 15.063595771789550781 14.934824943542480469 14.716933250427246094 14.421499252319335938 14.118865966796875 13.867956161499023438 13.712358474731445313 13.70119476318359375 13.821142196655273438 14.013454437255859375 14.235881805419921875 14.393289566040039063 14.419417381286621094 14.317261695861816406 14.146349906921386719 13.957570075988769531 13.820555686950683594 13.8486785888671875 14.130469322204589844 14.506418228149414063 14.735550880432128906 14.719752311706542969 14.523563385009765625 14.396746635437011719 14.468306541442871094 14.657349586486816406 14.830555915832519531 14.952058792114257813 15.006920814514160156 15.019483566284179688
14.706316947937011719 14.667586326599121094 14.67291259765625 14.718443870544433594 14.782739639282226563 14.851869583129882813 14.919495582580566406 14.982506752014160156 15.038379669189453125 15.084666252136230469 15.114917755126953125 15.123997688293457031 15.097247123718261719 15.013763427734375 14.868399620056152344 14.667593002319335938 14.463418960571289063 14.246924400329589844 14.056038856506347656 13.908872604370117188 13.820051193237304688 13.806514739990234375 13.842186927795410156 13.891476631164550781 13.894392967224121094 13.873438835144042969 13.836679458618164063 13.7450103759765625 13.826977729797363281 14.197927474975585938 14.584606170654296875 14.740038871765136719 14.615910530090332031 14.389697074890136719 14.292553901672363281 14.348978996276855469 14.502437591552734375 14.70455169677734375 14.884160041809082031 15.004172325134277344
14.729930877685546875 14.705761909484863281 14.722646713256835938 14.780203819274902344 14.851335525512695313 14.923272132873535156 14.997150421142578125 15.070908546447753906 15.138926506042480469 15.193643569946289063 15.225841522216796875 15.235104560852050781 15.226521492004394531 15.205087661743164063 15.174776077270507813 15.128119468688964844 15.064570426940917969 14.977782249450683594 14.859724044799804688 14.717419624328613281 14.564287185668945313 14.400671958923339844 14.245020866394042969 14.117369651794433594 14.008893013000488281 13.913114547729492188 13.869948387145996094 13.79921722412109375 13.755045890808105469 13.97052001953125 14.395548820495605469 14.687460899353027344 14.6867523193359375 14.477158546447753906 14.281183242797851563 14.211395263671875 14.258543014526367188 14.416895866394042969 14.635061264038085938 14.854020118713378906
14.803862571716308594 14.804062843322753906 14.841240882873535156 14.916461944580078125 14.9942169189453125 15.0570526123046875 15.115138053894042969 15.18267059326171875 15.270833969116210938 15.371234893798828125 15.460287094116210938 15.520678520202636719 15.539417266845703125 15.513376235961914063 15.456212043762207031 15.386678695678710938 15.326334953308105469 15.280498504638671875 15.241313934326171875 15.196883201599121094 15.138470649719238281 15.062392234802246094 14.947207450866699219 14.804525375366210938 14.649067878723144531 14.451871871948242188 14.280443191528320313 14.141277313232421875 13.918180465698242188 13.895795822143554688 14.18999481201171875 14.550936698913574219 14.700100898742675781 14.605182647705078125 14.396403312683105469 14.222779273986816406 14.150552749633789063 14.202686309814453125 14.367329597473144531 14.5943450927734375
14.912657737731933594 14.975438117980957031 15.048381805419921875 15.133112907409667969 15.189854621887207031 15.213351249694824219 15.223477363586425781 15.239922523498535156 15.289228439331054688 15.376981735229492188 15.479700088500976563 15.57663726806640625 15.65264129638671875 15.686644554138183594 15.671564102172851563 15.622605323791503906 15.55706024169921875 15.489208221435546875 15.429989814758300781 15.38675689697265625 15.3524627685546875 15.318942070007324219 15.260440826416015625 15.16949462890625 15.043240547180175781 14.838503837585449219 14.621789932250976563 14.446295738220214844 14.152829170227050781 13.952452659606933594 14.091617584228515625 14.411767005920410156 14.645731925964355469 14.665007591247558594 14.518411636352539063 14.311849594116210938 14.1554412841796875 14.130993843078613281 14.21504974365234375 14.361178398132324219
15.383663177490234375 15.444057464599609375 15.462789535522460938 15.450913429260253906 15.412816047668457031 15.365756988525390625 15.329618453979492188 15.315216064453125 15.337696075439453125 15.407403945922851563 15.503880500793457031 15.592836380004882813 15.652914047241210938 15.686534881591796875 15.705004692077636719 15.70662689208984375 15.688435554504394531 15.659250259399414063 15.620370864868164063 15.577127456665039063 15.545680999755859375 15.509160041809082031 15.473490715026855469 15.452588081359863281 15.362781524658203125 15.129208564758300781 14.86525726318359375 14.658021926879882813 14.346078872680664063 14.047402381896972656 14.057106971740722656 14.299808502197265625 14.551787376403808594 14.653827667236328125 14.570328712463378906 14.366077423095703125 14.171178817749023438 14.12224578857421875 14.199184417724609375 14.300628662109375
15.627361297607421875 15.620213508605957031 15.559873580932617188 15.473929405212402344 15.386972427368164063 15.324896812438964844 15.305418968200683594 15.326307296752929688 15.374933242797851563 15.445753097534179688 15.527968406677246094 15.604342460632324219 15.661131858825683594 15.691460609436035156 15.705584526062011719 15.709307670593261719 15.695729255676269531 15.674862861633300781 15.654033660888671875 15.627458572387695313 15.606180191040039063 15.594386100769042969 15.580891609191894531 15.613810539245605469 15.603586196899414063 15.397632598876953125 15.091719627380371094 14.828744888305664063 14.503420829772949219 14.150392532348632813 14.047585487365722656 14.19256591796875 14.416586875915527344 14.586363792419433594 14.572218894958496094 14.385705947875976563 14.169184684753417969 14.088260650634765625 14.18892669677734375 14.346744537353515625
15.681036949157714844 15.611020088195800781 15.513415336608886719 15.432982444763183594 15.3892669677734375 15.382913589477539063 15.409100532531738281 15.454052925109863281 15.504149436950683594 15.553429603576660156 15.603209495544433594 15.645557403564453125 15.671511650085449219 15.689218521118164063 15.706890106201171875 15.713483810424804688 15.697344779968261719 15.66213226318359375 15.618132591247558594 15.575860023498535156 15.550307273864746094 15.55590057373046875 15.575252532958984375 15.624775886535644531 15.649535179138183594 15.525159835815429688 15.228693962097167969 14.930609703063964844 14.577981948852539063 14.204786300659179688 14.041932106018066406 14.118121147155761719 14.3153533935546875 14.510350227355957031 14.5533294677734375 14.409200668334960938 14.185166358947753906 14.061680793762207031 14.169337272644042969 14.398884773254394531
15.515201568603515625 15.459491729736328125 15.42217254638671875 15.418637275695800781 15.446446418762207031 15.486495018005371094 15.52849578857421875 15.564198493957519531 15.593059539794921875 15.61156463623046875 15.626894950866699219 15.645307540893554688 15.663130760192871094 15.68373870849609375 15.709792137145996094 15.719709396362304688 15.69001007080078125 15.6287078857421875 15.561511993408203125 15.508133888244628906 15.480527877807617188 15.485354423522949219 15.518067359924316406 15.571734428405761719 15.639871597290039063 15.585389137268066406 15.327528953552246094 14.985953330993652344 14.623559951782226563 14.251286506652832031 14.051621437072753906 14.072634696960449219 14.231904983520507813 14.428423881530761719 14.510521888732910156 14.398951530456542969 14.167390823364257813 14.040307044982910156 14.203063011169433594 14.472906112670898438
15.435109138488769531 15.4470977783203125 15.473853111267089844 15.513842582702636719 15.555056571960449219 15.590435028076171875 15.616514205932617188 15.628190994262695313 15.638731002807617188 15.64643096923828125 15.655953407287597656 15.673381805419921875 15.696022987365722656 15.717775344848632813 15.733915328979492188 15.716938018798828125 15.6577301025390625 15.587289810180664063 15.527741432189941406 15.482476234436035156 15.45427703857421875 15.4450836181640625 15.45848846435546875 15.499467849731445313 15.5703125 15.596743583679199219 15.389947891235351563 15.018137931823730469 14.622790336608886719 14.265970230102539063 14.042412757873535156 14.028900146484375 14.171048164367675781 14.353089332580566406 14.428785324096679688 14.323473930358886719 14.094794273376464844 14.064362525939941406 14.330824851989746094 14.631761550903320313
15.551357269287109375 15.580713272094726563 15.61322021484375 15.643789291381835938 15.672296524047851563 15.696772575378417969 15.718023300170898438 15.734216690063476563 15.743401527404785156 15.74922943115234375 15.749035835266113281 15.745494842529296875 15.737181663513183594 15.738701820373535156 15.734717369079589844 15.688809394836425781 15.624416351318359375 15.567670822143554688 15.509867668151855469 15.463675498962402344 15.442783355712890625 15.43292999267578125 15.428303718566894531 15.446562767028808594 15.504047393798828125 15.563501358032226563 15.473741531372070313 15.136710166931152344 14.716119766235351563 14.335124015808105469 14.085894584655761719 14.01313018798828125 14.117918014526367188 14.272162437438964844 14.332463264465332031 14.221932411193847656 14.045981407165527344 14.165924072265625 14.514052391052246094 14.814069747924804688
15.7268829345703125 15.744080543518066406 15.769258499145507813 15.798475265502929688 15.830087661743164063 15.857252120971679688 15.867425918579101563 15.859241485595703125 15.838173866271972656 15.803225517272949219 15.768643379211425781 15.746558189392089844 15.737212181091308594 15.742400169372558594 15.709474563598632813 15.650834083557128906 15.60036468505859375 15.52684783935546875 15.440087318420410156 15.395252227783203125 15.394579887390136719 15.405668258666992188 15.408620834350585938 15.416211128234863281 15.458201408386230469 15.523944854736328125 15.522401809692382813 15.323488235473632813 14.934424400329589844 14.52130126953125 14.202754020690917969 14.077617645263671875 14.104990005493164063 14.18341064453125 14.20903778076171875 14.100392341613769531 14.129709243774414063 14.447503089904785156 14.814118385314941406 15.063761711120605469
