MapLinkProApp/griddata/temperature/ASCII/cmems_mod_glo_phy-thetao_anfc_0,083deg_P1D-m_1702458667101_643,6.asc
ncols        121
nrows        120
xllcorner    -30.041666666667
yllcorner    40.041666655981
cellsize     0.083333333333
NODATA_value  9.9692099683868690468e+36
[rows 54 to 71 of 120, columns 80 to 119 of 121]
10.541830062866210938 10.638531684875488281 10.758685111999511719 10.846529006958007813 10.862452507019042969 10.813549995422363281 10.708805084228515625 10.597270011901855469 10.529974937438964844 10.4442291259765625 10.4171142578125 10.458957672119140625 10.331177711486816406 10.296949386596679688 10.524311065673828125 10.785626411437988281 10.811841011047363281 10.684775352478027344 10.594267845153808594 10.559870719909667969 10.542952537536621094 10.535237312316894531 10.539431571960449219 10.550414085388183594 10.545720100402832031 10.512331008911132813 10.450695037841796875 10.361073493957519531 10.223845481872558594 10.06824493408203125 9.9181737899780273438 9.7807826995849609375 9.648040771484375 9.5822134017944335938 9.5612077713012695313 9.5689992904663085938 9.6553936004638671875 9.8066816329956054688 9.90505218505859375 9.9396219253540039063
11.082067489624023438 11.104757308959960938 11.051018714904785156 10.915658950805664063 10.747919082641601563 10.606793403625488281 10.502614021301269531 10.41327667236328125 10.329003334045410156 10.302641868591308594 10.315587997436523438 10.256792068481445313 10.211550712585449219 10.386866569519042969 10.685834884643554688 10.818488121032714844 10.725612640380859375 10.602408409118652344 10.516866683959960938 10.459673881530761719 10.445311546325683594 10.444012641906738281 10.437410354614257813 10.435472488403320313 10.434731483459472656 10.421466827392578125 10.381789207458496094 10.309548377990722656 10.210242271423339844 10.082899093627929688 9.951507568359375 9.8522348403930664063 9.766571044921875 9.7187204360961914063 9.714019775390625 9.7733106613159179688 9.87762451171875 9.9580316543579101563 9.97354888916015625 9.9670877456665039063
11.228697776794433594 11.099374771118164063 10.911654472351074219 10.7517547607421875 10.638936042785644531 10.585530281066894531 10.541147232055664063 10.463145256042480469 10.384281158447265625 10.345793724060058594 10.268195152282714844 10.18274688720703125 10.302679061889648438 10.532828330993652344 10.749239921569824219 10.773564338684082031 10.670948028564453125 10.585142135620117188 10.467658042907714844 10.364943504333496094 10.322442054748535156 10.290488243103027344 10.266364097595214844 10.260478019714355469 10.267292976379394531 10.267879486083984375 10.23746490478515625 10.184185981750488281 10.129670143127441406 10.049828529357910156 9.9794168472290039063 9.9194355010986328125 9.8917369842529296875 9.894680023193359375 9.9342699050903320313 9.9895925521850585938 10.006609916687011719 9.9927186965942382813 10.026675224304199219 10.10274505615234375
11.078607559204101563 10.91126251220703125 10.813124656677246094 10.786429405212402344 10.765411376953125 10.742940902709960938 10.736413955688476563 10.698788642883300781 10.635349273681640625 10.583513259887695313 10.436620712280273438 10.313126564025878906 10.426186561584472656 10.605129241943359375 10.751048088073730469 10.737047195434570313 10.656271934509277344 10.553117752075195313 10.395789146423339844 10.299109458923339844 10.242913246154785156 10.164133071899414063 10.103217124938964844 10.077726364135742188 10.084537506103515625 10.098779678344726563 10.098448753356933594 10.097821235656738281 10.081620216369628906 10.05682373046875 10.031760215759277344 10.015491485595703125 10.018299102783203125 10.031280517578125 10.028437614440917969 9.997539520263671875 10.04120635986328125 10.154948234558105469 10.295243263244628906 10.38587188720703125
10.986936569213867188 10.934363365173339844 10.988285064697265625 11.089735031127929688 11.150897026062011719 11.170193672180175781 11.199834823608398438 11.220226287841796875 11.1856536865234375 11.166481971740722656 11.046896934509277344 10.879795074462890625 10.873084068298339844 10.88549041748046875 10.837099075317382813 10.686652183532714844 10.54723358154296875 10.426889419555664063 10.302591323852539063 10.2240753173828125 10.158764839172363281 10.087855339050292969 10.023633003234863281 9.959804534912109375 9.9149141311645507813 9.8912897109985351563 9.8825225830078125 9.8972997665405273438 9.9166851043701171875 9.931549072265625 9.9303655624389648438 9.9370164871215820313 9.9539594650268554688 9.9699153900146484375 10.00691986083984375 10.102663993835449219 10.24013519287109375 10.330434799194335938 10.343886375427246094 10.365724563598632813
11.069571495056152344 11.078683853149414063 11.240626335144042969 11.337185859680175781 11.323505401611328125 11.31280517578125 11.332310676574707031 11.360141754150390625 11.344179153442382813 11.343744277954101563 11.319825172424316406 11.295651435852050781 11.250506401062011719 11.084639549255371094 10.860913276672363281 10.611695289611816406 10.427227973937988281 10.2892303466796875 10.161108970642089844 10.086923599243164063 10.058685302734375 10.059380531311035156 10.062154769897460938 10.026651382446289063 9.9720830917358398438 9.9233903884887695313 9.8677978515625 9.8172664642333984375 9.7924346923828125 9.7955751419067382813 9.8343105316162109375 9.9000616073608398438 9.9671163558959960938 10.078579902648925781 10.208148956298828125 10.285003662109375 10.279453277587890625 10.248429298400878906 10.301136970520019531 10.469702720642089844
11.177995681762695313 11.294293403625488281 11.442221641540527344 11.39612579345703125 11.310179710388183594 11.294393539428710938 11.281764030456542969 11.242837905883789063 11.277265548706054688 11.348989486694335938 11.405710220336914063 11.420113563537597656 11.311941146850585938 11.062630653381347656 10.796438217163085938 10.547174453735351563 10.372591972351074219 10.220801353454589844 10.059572219848632813 9.9450826644897460938 9.893558502197265625 9.8827915191650390625 9.9151554107666015625 9.9407711029052734375 9.9475717544555664063 9.967670440673828125 9.9745016098022460938 9.9436244964599609375 9.9086523056030273438 9.9093122482299804688 9.9555768966674804688 10.033056259155273438 10.108755111694335938 10.212430000305175781 10.278375625610351563 10.276157379150390625 10.239827156066894531 10.22263336181640625 10.30344390869140625 10.409190177917480469
11.352181434631347656 11.531404495239257813 11.516707420349121094 11.426055908203125 11.416025161743164063 11.370915412902832031 11.272706985473632813 11.19669342041015625 11.271365165710449219 11.334272384643554688 11.353762626647949219 11.258891105651855469 11.037088394165039063 10.806996345520019531 10.5482177734375 10.359581947326660156 10.237207412719726563 10.151154518127441406 10.072985649108886719 9.9570674896240234375 9.8402528762817382813 9.76229095458984375 9.73204803466796875 9.7322530746459960938 9.772716522216796875 9.8595333099365234375 9.95310211181640625 10.022488594055175781 10.060925483703613281 10.078248023986816406 10.108022689819335938 10.153517723083496094 10.198835372924804688 10.252414703369140625 10.282517433166503906 10.283833503723144531 10.290003776550292969 10.329529762268066406 10.399013519287109375 10.480492591857910156
11.475073814392089844 11.505780220031738281 11.39588165283203125 11.402456283569335938 11.446803092956542969 11.393172264099121094 11.268367767333984375 11.165552139282226563 11.19719696044921875 11.186588287353515625 11.08422088623046875 10.956930160522460938 10.802344322204589844 10.6153564453125 10.410960197448730469 10.301751136779785156 10.237034797668457031 10.263344764709472656 10.221536636352539063 10.068754196166992188 9.9418735504150390625 9.8904027938842773438 9.8597497940063476563 9.8303289413452148438 9.8383321762084960938 9.8952541351318359375 9.9819965362548828125 10.073568344116210938 10.143419265747070313 10.190004348754882813 10.231500625610351563 10.270040512084960938 10.300984382629394531 10.324643135070800781 10.338660240173339844 10.350217819213867188 10.382882118225097656 10.440393447875976563 10.497313499450683594 10.517691612243652344
11.396352767944335938 11.306193351745605469 11.288883209228515625 11.405812263488769531 11.49639129638671875 11.452095985412597656 11.304955482482910156 11.124515533447265625 11.065920829772949219 10.998758316040039063 10.883209228515625 10.789305686950683594 10.65964508056640625 10.508841514587402344 10.409955024719238281 10.371126174926757813 10.400933265686035156 10.399267196655273438 10.320959091186523438 10.246323585510253906 10.207888603210449219 10.189534187316894531 10.18306732177734375 10.142086982727050781 10.130234718322753906 10.171888351440429688 10.215672492980957031 10.239383697509765625 10.254284858703613281 10.287274360656738281 10.344801902770996094 10.397642135620117188 10.4303741455078125 10.4545745849609375 10.486519813537597656 10.544646263122558594 10.601357460021972656 10.631876945495605469 10.651399612426757813 10.626486778259277344
11.231678009033203125 11.149011611938476563 11.249155044555664063 11.412425041198730469 11.540728569030761719 11.559022903442382813 11.382811546325683594 11.15724945068359375 11.003516197204589844 10.910495758056640625 10.748145103454589844 10.694234848022460938 10.626532554626464844 10.545161247253417969 10.507696151733398438 10.486997604370117188 10.544195175170898438 10.591586112976074219 10.548717498779296875 10.521595001220703125 10.544280052185058594 10.552519798278808594 10.565267562866210938 10.539861679077148438 10.507715225219726563 10.492913246154785156 10.472927093505859375 10.444949150085449219 10.425868034362792969 10.4484710693359375 10.500121116638183594 10.544531822204589844 10.604403495788574219 10.686178207397460938 10.766333580017089844 10.843232154846191406 10.892139434814453125 10.917730331420898438 10.939740180969238281 10.917592048645019531
11.160913467407226563 11.125275611877441406 11.262298583984375 11.376226425170898438 11.493600845336914063 11.665435791015625 11.502939224243164063 11.242258071899414063 11.015203475952148438 10.97461700439453125 10.905557632446289063 10.831822395324707031 10.750783920288085938 10.654176712036132813 10.584470748901367188 10.51129913330078125 10.594066619873046875 10.712415695190429688 10.703131675720214844 10.700909614562988281 10.752453804016113281 10.783163070678710938 10.805314064025878906 10.793908119201660156 10.742533683776855469 10.6798095703125 10.618314743041992188 10.576208114624023438 10.569334983825683594 10.589059829711914063 10.658032417297363281 10.767427444458007813 10.911211013793945313 10.988667488098144531 10.903433799743652344 10.850566864013671875 10.885407447814941406 10.952986717224121094 11.02166748046875 11.04686737060546875
11.16259002685546875 11.209937095642089844 11.319366455078125 11.303293228149414063 11.408253669738769531 11.643563270568847656 11.63134765625 11.47406768798828125 11.253753662109375 11.039846420288085938 10.977358818054199219 10.958897590637207031 10.937032699584960938 10.84822845458984375 10.77478790283203125 10.647565841674804688 10.600708961486816406 10.700702667236328125 10.763425827026367188 10.810229301452636719 10.918652534484863281 11.01593017578125 11.049428939819335938 11.036525726318359375 10.966138839721679688 10.871657371520996094 10.776372909545898438 10.708238601684570313 10.695913314819335938 10.747873306274414063 10.844302177429199219 10.842425346374511719 10.784962654113769531 10.793644905090332031 10.778623580932617188 10.766562461853027344 10.853529930114746094 10.984361648559570313 11.036484718322753906 11.031515121459960938
11.151033401489257813 11.310345649719238281 11.274432182312011719 11.202798843383789063 11.321180343627929688 11.553010940551757813 11.65341949462890625 11.542886734008789063 11.431807518005371094 11.218881607055664063 11.01961517333984375 10.900975227355957031 10.800779342651367188 10.747297286987304688 10.723563194274902344 10.757443428039550781 10.631961822509765625 10.66727447509765625 10.807031631469726563 10.894805908203125 10.974010467529296875 11.045969963073730469 11.055059432983398438 11.055494308471679688 11.045392990112304688 10.992684364318847656 10.90218353271484375 10.87261962890625 10.897231101989746094 10.839495658874511719 10.672797203063964844 10.608737945556640625 10.727084159851074219 10.856137275695800781 10.909423828125 10.965349197387695313 11.051738739013671875 11.083065986633300781 11.011474609375 10.936150550842285156
11.232609748840332031 11.261122703552246094 11.140549659729003906 11.147515296936035156 11.255265235900878906 11.445796012878417969 11.570218086242675781 11.491106986999511719 11.366489410400390625 11.250149726867675781 11.1110076904296875 10.969255447387695313 10.853907585144042969 10.73809814453125 10.663794517517089844 10.701682090759277344 10.632915496826171875 10.58524322509765625 10.685800552368164063 10.799411773681640625 10.853853225708007813 10.896425247192382813 10.935710906982421875 10.999081611633300781 11.046336174011230469 11.038983345031738281 10.994528770446777344 10.95660400390625 10.846159934997558594 10.666954994201660156 10.633183479309082031 10.821442604064941406 10.988687515258789063 11.05294036865234375 11.125372886657714844 11.198133468627929688 11.209716796875 11.126023292541503906 10.979033470153808594 10.873209953308105469
11.059759140014648438 11.002125740051269531 10.970910072326660156 10.987356185913085938 11.099180221557617188 11.219511032104492188 11.31805419921875 11.309182167053222656 11.227275848388671875 11.160906791687011719 11.083088874816894531 10.990071296691894531 10.927872657775878906 10.827405929565429688 10.693141937255859375 10.631061553955078125 10.590310096740722656 10.54215240478515625 10.550168037414550781 10.558141708374023438 10.63292694091796875 10.723104476928710938 10.860495567321777344 10.979830741882324219 11.070940971374511719 11.066419601440429688 10.970385551452636719 10.865303993225097656 10.701521873474121094 10.576097488403320313 10.693778038024902344 10.866198539733886719 10.888791084289550781 10.926011085510253906 11.044118881225585938 11.125197410583496094 11.158201217651367188 11.137546539306640625 11.023491859436035156 10.877911567687988281
10.898767471313476563 10.835485458374023438 10.767663002014160156 10.832516670227050781 10.919116020202636719 10.965622901916503906 11.011505126953125 11.067187309265136719 11.048628807067871094 11.041227340698242188 10.997517585754394531 10.926824569702148438 10.851006507873535156 10.813287734985351563 10.718280792236328125 10.619981765747070313 10.573190689086914063 10.542857170104980469 10.520372390747070313 10.511669158935546875 10.506318092346191406 10.570469856262207031 10.749552726745605469 10.892093658447265625 11.023917198181152344 11.093827247619628906 10.956922531127929688 10.780780792236328125 10.57646942138671875 10.538720130920410156 10.729053497314453125 10.922571182250976563 10.935526847839355469 10.933266639709472656 10.978966712951660156 11.017460823059082031 11.035292625427246094 11.001295089721679688 10.935092926025390625 10.875975608825683594
10.808237075805664063 10.67873382568359375 10.6901397705078125 10.801608085632324219 10.842211723327636719 10.814091682434082031 10.822644233703613281 10.843462944030761719 10.852337837219238281 10.853877067565917969 10.87041473388671875 10.908039093017578125 10.853832244873046875 10.864411354064941406 10.793478012084960938 10.662640571594238281 10.549716949462890625 10.54709625244140625 10.537324905395507813 10.474452972412109375 10.480518341064453125 10.502018928527832031 10.565171241760253906 10.707636833190917969 10.875422477722167969 11.054229736328125 11.100483894348144531 10.86865997314453125 10.63106536865234375 10.551771163940429688 10.700371742248535156 10.99663543701171875 11.097338676452636719 11.047143936157226563 10.999180793762207031 11.002056121826171875 11.068015098571777344 11.044225692749023438 10.918341636657714844 10.857144355773925781
