MapLinkProApp/griddata/temperature/ASCII/cmems_mod_glo_phy-thetao_anfc_0,083deg_P1D-m_1702458667101_2533,3.asc
ncols        121
nrows        120
xllcorner    -30.041666666667
yllcorner    40.041666655981
cellsize     0.083333333333
NODATA_value  9.9692099683868690468e+36
[rows 36 to 53 of 120, columns 39 to 77 of 121]
3.0138640403747558594 2.9767420291900634766 2.9934558868408203125 9.9692099683868690468e+36 3.0201432704925537109 2.9727194309234619141 2.9564194679260253906 2.9334368705749511719 2.9177112579345703125 2.9045782089233398438 2.8950393199920654297 2.8944020271301269531 2.9078288078308105469 2.9376544952392578125 2.9811089038848876953 3.0359492301940917969 3.0744137763977050781 3.0902552604675292969 3.1015806198120117188 3.122386932373046875 3.1328110694885253906 3.1169812679290771484 3.1088106632232666016 3.1025805473327636719 3.0961484909057617188 3.0685927867889404297 3.0441131591796875 3.0258240699768066406 3.0162384510040283203 3.0206739902496337891 3.0340011119842529297 3.0547127723693847656 3.0780539512634277344 3.0770254135131835938 3.0554950237274169922 3.0294568538665771484 2.9866092205047607422 2.9517700672149658203 2.9269917011260986328
9.9692099683868690468e+36 9.9692099683868690468e+36 3.010211944580078125 3.0406446456909179688 3.0320889949798583984 2.9845583438873291016 2.9569678306579589844 2.9358487129211425781 2.9077651500701904297 2.9009273052215576172 2.9074373245239257813 2.9062533378601074219 2.9157831668853759766 2.9537458419799804688 3.0181410312652587891 3.069339752197265625 3.0929479598999023438 3.0849752426147460938 3.0942716598510742188 3.1307303905487060547 3.1620378494262695313 3.1428132057189941406 3.1049816608428955078 3.0937426090240478516 3.0932912826538085938 3.0821716785430908203 3.0610544681549072266 3.0328104496002197266 3.0169255733489990234 3.0198552608489990234 3.0443704128265380859 3.0761361122131347656 3.0810058116912841797 3.0746579170227050781 3.0522618293762207031 3.0215532779693603516 2.9788384437561035156 2.9402844905853271484 2.9100635051727294922
3.0273509025573730469 9.9692099683868690468e+36 3.0091068744659423828 3.0013413429260253906 2.9865546226501464844 2.9555051326751708984 2.9292719364166259766 2.9107787609100341797 2.9089074134826660156 2.92105865478515625 2.9283716678619384766 2.9399294853210449219 2.96524810791015625 3.0137636661529541016 3.0762090682983398438 3.1066248416900634766 3.1098816394805908203 3.1110744476318359375 3.1190760135650634766 3.1392979621887207031 3.1411697864532470703 3.1345005035400390625 3.1159656047821044922 3.0970075130462646484 3.0904715061187744141 3.0752110481262207031 3.0562682151794433594 3.0541727542877197266 3.0473723411560058594 3.0501501560211181641 3.0570940971374511719 3.0598299503326416016 3.0758793354034423828 3.0617206096649169922 3.0292711257934570313 2.9891567230224609375 2.9446179866790771484 2.91025543212890625 2.8838789463043212891
2.9872112274169921875 2.9923379421234130859 2.989521026611328125 2.9822735786437988281 2.9568381309509277344 2.9354062080383300781 2.9226026535034179688 2.9090635776519775391 2.9076638221740722656 2.9215273857116699219 2.9465789794921875 2.9813055992126464844 3.023834228515625 3.0704576969146728516 3.0996246337890625 3.115840911865234375 3.1246802806854248047 3.1151587963104248047 3.1173701286315917969 3.1176638603210449219 3.1337594985961914063 3.0919377803802490234 3.0975446701049804688 3.0910649299621582031 3.0609278678894042969 3.0310866832733154297 3.025608062744140625 3.0300736427307128906 3.0413305759429931641 3.0556929111480712891 3.0584447383880615234 3.0735354423522949219 3.0643725395202636719 3.0438284873962402344 2.9984967708587646484 2.9459779262542724609 2.8964426517486572266 2.8676588535308837891 2.8586456775665283203
3.0036022663116455078 2.9868793487548828125 2.9834816455841064453 2.9756224155426025391 2.9504961967468261719 2.9520163536071777344 2.9522411823272705078 2.9106814861297607422 2.8832886219024658203 2.9162855148315429688 2.9691753387451171875 3.0106554031372070313 3.0537230968475341797 3.0839719772338867188 3.1008539199829101563 3.1117289066314697266 3.1035389900207519531 3.0847961902618408203 3.0938303470611572266 3.0824100971221923828 3.0999143123626708984 3.0781178474426269531 3.0738310813903808594 3.0659563541412353516 3.0319020748138427734 3.0189633369445800781 3.0363945960998535156 3.0353384017944335938 3.0457391738891601563 3.0674300193786621094 3.0683424472808837891 3.0692338943481445313 3.0524439811706542969 3.0169820785522460938 2.9654483795166015625 2.9129691123962402344 2.8694913387298583984 2.8513083457946777344 2.8502614498138427734
3.0267291069030761719 2.9951450824737548828 2.9881958961486816406 2.9788634777069091797 9.9692099683868690468e+36 9.9692099683868690468e+36 9.9692099683868690468e+36 9.9692099683868690468e+36 2.9052290916442871094 2.9517257213592529297 2.989337921142578125 3.0064082145690917969 3.0272719860076904297 3.0679368972778320313 3.0985655784606933594 3.0983514785766601563 3.0594210624694824219 3.0273220539093017578 3.0259771347045898438 3.0236501693725585938 3.0433788299560546875 3.0439548492431640625 3.0522072315216064453 3.038867950439453125 3.0066187381744384766 2.9852750301361083984 3.0082056522369384766 3.0407774448394775391 3.0729770660400390625 3.0664861202239990234 3.0719096660614013672 3.0565915107727050781 3.024196624755859375 2.9750239849090576172 2.9202415943145751953 2.8727126121520996094 2.8405587673187255859 2.8336369991302490234 2.8421077728271484375
2.9931898117065429688 2.9791393280029296875 2.9807507991790771484 2.9925365447998046875 2.9698696136474609375 2.9272935390472412109 2.9152939319610595703 2.9175665378570556641 2.9330089092254638672 2.9619803428649902344 2.9637072086334228516 2.9470174312591552734 2.9592943191528320313 3.0125727653503417969 3.0566799640655517578 3.0583450794219970703 3.0246841907501220703 2.9892861843109130859 2.9739215373992919922 2.9766764640808105469 2.9968423843383789063 3.0048260688781738281 3.0226502418518066406 3.0206038951873779297 3.0176296234130859375 3.01369476318359375 3.0152044296264648438 3.0329544544219970703 3.0584924221038818359 3.0659017562866210938 3.0739271640777587891 3.0393185615539550781 2.9979577064514160156 2.9362714290618896484 2.8744866847991943359 2.8365223407745361328 2.8271787166595458984 2.8256878852844238281 2.8438646793365478516
3.0156881809234619141 2.9787745475769042969 3.0063762664794921875 3.0265278816223144531 3.0210003852844238281 3.0072772502899169922 2.9840414524078369141 2.9728910923004150391 2.9693622589111328125 2.9435803890228271484 2.9190783500671386719 2.9129633903503417969 2.9219784736633300781 2.9732446670532226563 3.0184357166290283203 3.0145175457000732422 2.9880766868591308594 2.9509358406066894531 2.9212975502014160156 2.9383099079132080078 2.9538617134094238281 2.9819872379302978516 3.0031611919403076172 3.0011737346649169922 3.0201396942138671875 3.0440859794616699219 3.0513195991516113281 3.0479311943054199219 3.0713291168212890625 3.0660042762756347656 3.0497465133666992188 3.0046377182006835938 2.9680109024047851563 2.9163236618041992188 2.8642783164978027344 2.8385083675384521484 2.8262255191802978516 2.8306941986083984375 2.8545947074890136719
9.9692099683868690468e+36 2.9977121353149414063 2.9945600032806396484 3.0211608409881591797 3.0434155464172363281 3.0344305038452148438 3.0149075984954833984 2.9937002658843994141 2.9523596763610839844 2.9084365367889404297 2.8893783092498779297 2.8903195858001708984 2.9047989845275878906 2.9371914863586425781 2.9705107212066650391 2.9679708480834960938 2.9461348056793212891 2.9233095645904541016 2.8941893577575683594 2.9117922782897949219 2.9254338741302490234 2.9462335109710693359 2.949176788330078125 2.9548752307891845703 2.9776260852813720703 3.0185635089874267578 3.0443944931030273438 3.0561830997467041016 3.0748400688171386719 3.0595459938049316406 3.02165985107421875 2.9736738204956054688 2.9198200702667236328 2.87139892578125 2.8335795402526855469 2.8148772716522216797 2.8049094676971435547 2.8337342739105224609 2.8772778511047363281
9.9692099683868690468e+36 2.9950747489929199219 2.9931647777557373047 3.0204248428344726563 3.0332014560699462891 3.0303914546966552734 3.0279469490051269531 3.0081763267517089844 2.9539382457733154297 2.9014995098114013672 2.8863399028778076172 2.8882422447204589844 2.9002718925476074219 2.9323062896728515625 2.9562556743621826172 2.9761016368865966797 2.9690015316009521484 2.9365308284759521484 2.8981387615203857422 2.8937802314758300781 2.9130704402923583984 2.9315359592437744141 2.9346766471862792969 2.9398641586303710938 2.9608783721923828125 3.0033762454986572266 3.0241603851318359375 3.0401458740234375 3.0471069812774658203 3.0162355899810791016 2.9830935001373291016 2.9365398883819580078 2.8927006721496582031 2.8484570980072021484 2.8239557743072509766 2.7938725948333740234 2.797698974609375 2.8357253074645996094 2.8728270530700683594
3.0500946044921875 3.05347442626953125 3.0728521347045898438 9.9692099683868690468e+36 3.0938332080841064453 3.0867581367492675781 3.0861546993255615234 3.0511143207550048828 2.9889123439788818359 2.9289622306823730469 2.8943307399749755859 2.8829708099365234375 2.8937728404998779297 2.9158527851104736328 2.9281971454620361328 2.941303253173828125 2.9535014629364013672 2.9414348602294921875 2.9279272556304931641 2.9030358791351318359 2.9181585311889648438 2.9476692676544189453 2.9434151649475097656 2.9395358562469482422 2.9683294296264648438 2.9923336505889892578 3.0066916942596435547 2.9931519031524658203 2.9916424751281738281 2.9684705734252929688 2.9492399692535400391 2.9000384807586669922 2.8712217807769775391 2.8432555198669433594 2.8077273368835449219 2.7942800521850585938 2.7956895828247070313 2.8056485652923583984 2.8426761627197265625
3.0449385643005371094 3.0705206394195556641 3.1145758628845214844 3.0825593471527099609 3.074123382568359375 3.0910942554473876953 3.078517913818359375 3.0385439395904541016 2.9829595088958740234 2.9258847236633300781 2.8936984539031982422 2.9024682044982910156 2.9255166053771972656 2.9287576675415039063 2.9300870895385742188 2.9304616451263427734 2.9255769252777099609 2.9316685199737548828 2.9400527477264404297 2.9335360527038574219 2.9422330856323242188 2.9622173309326171875 2.9578244686126708984 2.9427201747894287109 2.9531707763671875 3.0040080547332763672 3.0427670478820800781 3.0307142734527587891 2.9823317527770996094 2.9454510211944580078 2.9243767261505126953 2.8972191810607910156 2.8709208965301513672 2.8424468040466308594 2.8087890148162841797 2.7924869060516357422 2.7830500602722167969 2.7727978229522705078 2.79805755615234375
3.0254967212677001953 3.0620362758636474609 3.0599873065948486328 3.0476906299591064453 3.0475721359252929688 3.0407934188842773438 3.0240213871002197266 2.9903862476348876953 2.9553170204162597656 2.9326627254486083984 2.9292018413543701172 2.9403498172760009766 2.9381289482116699219 2.9233179092407226563 2.9128811359405517578 2.9027225971221923828 2.8935942649841308594 2.9079196453094482422 2.9138650894165039063 2.9160835742950439453 2.9459621906280517578 2.98503875732421875 2.9856479167938232422 2.9759967327117919922 2.9876842498779296875 3.0331685543060302734 3.1062059402465820313 3.0819725990295410156 3.0376296043395996094 2.9727556705474853516 2.9204714298248291016 2.8901987075805664063 2.8681361675262451172 2.8310334682464599609 2.8055541515350341797 2.7971680164337158203 2.7883572578430175781 2.7847962379455566406 2.7986290454864501953
2.9954741001129150391 3.0208795070648193359 3.0093531608581542969 2.9948587417602539063 2.9716777801513671875 2.9416189193725585938 2.9063749313354492188 2.8872287273406982422 2.8892858028411865234 2.8903069496154785156 2.8944363594055175781 2.9028801918029785156 2.8924524784088134766 2.8737943172454833984 2.8666062355041503906 2.8586437702178955078 2.8562886714935302734 2.8694264888763427734 2.8840248584747314453 2.9007651805877685547 2.9326088428497314453 2.9759528636932373047 2.986087799072265625 3.0027539730072021484 3.0094263553619384766 3.0571656227111816406 3.0948557853698730469 3.0766963958740234375 3.0647766590118408203 3.0339837074279785156 2.9729950428009033203 2.9217917919158935547 2.8767211437225341797 2.8334679603576660156 2.8133873939514160156 2.8162109851837158203 2.81902313232421875 2.8236637115478515625 2.8404507637023925781
2.9668374061584472656 2.9935889244079589844 9.9692099683868690468e+36 2.9755449295043945313 2.9003291130065917969 2.8735918998718261719 2.8494591712951660156 2.8383567333221435547 2.8406956195831298828 2.8345968723297119141 2.8293247222900390625 2.8352763652801513672 2.8335752487182617188 2.8303911685943603516 2.8420805931091308594 2.8424649238586425781 2.8301820755004882813 2.8432517051696777344 2.8756933212280273438 2.8907613754272460938 2.9319047927856445313 2.9601981639862060547 2.9591107368469238281 2.9881613254547119141 3.0029790401458740234 3.0528705120086669922 3.0829336643218994141 3.1051235198974609375 3.0897738933563232422 3.0617070198059082031 3.0315382480621337891 3.0037298202514648438 2.9540102481842041016 2.9018421173095703125 2.8651287555694580078 2.8777883052825927734 2.8772914409637451172 2.8668749332427978516 2.8902201652526855469
2.9308745861053466797 2.9490811824798583984 2.9498567581176757813 2.9067995548248291016 2.8657686710357666016 2.8481528759002685547 2.8305222988128662109 2.8136501312255859375 2.8057405948638916016 2.7937259674072265625 2.7901248931884765625 2.8037171363830566406 2.8132798671722412109 2.8182766437530517578 2.8315064907073974609 2.8425831794738769531 2.8340108394622802734 2.8366034030914306641 2.8567020893096923828 2.8785266876220703125 2.9149298667907714844 2.9405548572540283203 2.9452023506164550781 2.9604542255401611328 3.0151541233062744141 3.0771026611328125 3.1101057529449462891 3.1350998878479003906 3.1030976772308349609 3.0700380802154541016 3.0623505115509033203 3.0533821582794189453 3.0191073417663574219 2.9863417148590087891 2.93437957763671875 2.9138376712799072266 2.9193787574768066406 2.9223582744598388672 2.9522397518157958984
2.94902801513671875 2.9238801002502441406 2.9197461605072021484 2.9017248153686523438 2.877521514892578125 2.8517663478851318359 2.8284189701080322266 2.8147003650665283203 2.8094301223754882813 2.8067841529846191406 2.7968626022338867188 2.7918865680694580078 2.8017318248748779297 2.8091602325439453125 2.8123924732208251953 2.821025848388671875 2.8404996395111083984 2.86798858642578125 2.8840632438659667969 2.8828985691070556641 2.8978216648101806641 2.9270029067993164063 2.9534668922424316406 2.9868803024291992188 3.0260319709777832031 3.0762665271759033203 3.1181848049163818359 3.0916140079498291016 3.0658559799194335938 3.0655457973480224609 3.0770213603973388672 3.0767500400543212891 3.0594696998596191406 3.0240347385406494141 2.9884366989135742188 2.9679448604583740234 2.9663228988647460938 2.9678983688354492188 2.9841868877410888672
2.9621257781982421875 2.9410700798034667969 2.9227979183197021484 2.9063506126403808594 2.8784391880035400391 2.8682456016540527344 2.8425617218017578125 2.8327825069427490234 2.8310444355010986328 2.8256940841674804688 2.8266670703887939453 9.9692099683868690468e+36 9.9692099683868690468e+36 2.8010067939758300781 2.8152554035186767578 2.8337111473083496094 2.8695130348205566406 2.9001228809356689453 2.90837860107421875 2.8866703510284423828 2.8999230861663818359 2.9275772571563720703 2.9615800380706787109 3.002735137939453125 2.9920129776000976563 3.0454738140106201172 3.0780820846557617188 3.0435061454772949219 3.0282995700836181641 3.0677306652069091797 3.0842595100402832031 3.0659000873565673828 3.0573632717132568359 3.0358033180236816406 3.0089569091796875 3.0110297203063964844 3.0053613185882568359 3.0057320594787597656 2.99610137939453125
