MapLinkProApp/griddata/temperature/ASCII/cmems_mod_glo_phy-thetao_anfc_0,083deg_P1D-m_1702458667101_1,5.asc
ncols        121
nrows        120
xllcorner    -30.041666666667
yllcorner    40.041666655981
cellsize     0.083333333333
NODATA_value  9.9692099683868690468e+36
[rows 90 to 107 of 120, columns 0 to 39 of 121]
17.70444488525390625 17.688386917114257813 17.677686691284179688 17.6770477294921875 17.680049896240234375 17.686616897583007813 17.69243621826171875 17.691427230834960938 17.672943115234375 17.636152267456054688 17.57386016845703125 17.479398727416992188 17.359235763549804688 17.259798049926757813 17.143541336059570313 16.900339126586914063 16.5296630859375 16.446353912353515625 16.615060806274414063 16.855966567993164063 17.166276931762695313 17.424594879150390625 17.589935302734375 17.5998687744140625 17.49567413330078125 17.370960235595703125 17.315965652465820313 17.252660751342773438 17.164258956909179688 17.048391342163085938 16.944162368774414063 17.003293991088867188 17.078435897827148438 16.9049530029296875 16.717990875244140625 16.587352752685546875 16.543262481689453125 16.954387664794921875 17.568181991577148438 18.021306991577148438
17.724224090576171875 17.724443435668945313 17.722570419311523438 17.720249176025390625 17.717151641845703125 17.712221145629882813 17.700958251953125 17.689058303833007813 17.66120147705078125 17.597532272338867188 17.49938201904296875 17.38661956787109375 17.27434539794921875 17.152204513549804688 16.959407806396484375 16.658357620239257813 16.40926361083984375 16.635370254516601563 16.834506988525390625 17.112308502197265625 17.345861434936523438 17.531463623046875 17.617977142333984375 17.5783538818359375 17.443307876586914063 17.303516387939453125 17.2257843017578125 17.16553497314453125 17.087285995483398438 17.025537490844726563 17.010341644287109375 17.0870513916015625 17.09517669677734375 16.938234329223632813 16.71753692626953125 16.6265716552734375 17.158367156982421875 17.9871826171875 18.346242904663085938 18.403360366821289063
17.63299560546875 17.64488983154296875 17.65628814697265625 17.664249420166015625 17.665163040161132813 17.661220550537109375 17.651050567626953125 17.6320648193359375 17.582029342651367188 17.492136001586914063 17.371717453002929688 17.255601882934570313 17.136981964111328125 16.984148025512695313 16.780994415283203125 16.605833053588867188 16.679555892944335938 16.871881484985351563 17.0567474365234375 17.255861282348632813 17.4166412353515625 17.546064376831054688 17.607339859008789063 17.583599090576171875 17.487218856811523438 17.35500335693359375 17.2612457275390625 17.200761795043945313 17.1500091552734375 17.134580612182617188 17.149244308471679688 17.149164199829101563 17.042711257934570313 16.842350006103515625 16.885028839111328125 17.562677383422851563 18.251630783081054688 18.4178009033203125 18.407857894897460938 18.33025360107421875
17.546983718872070313 17.556560516357421875 17.5701446533203125 17.575845718383789063 17.570711135864257813 17.5556182861328125 17.533029556274414063 17.491176605224609375 17.425884246826171875 17.338445663452148438 17.238664627075195313 17.139667510986328125 17.0272674560546875 16.903133392333984375 16.811433792114257813 16.830629348754882813 16.9514923095703125 17.053009033203125 17.2047576904296875 17.315250396728515625 17.403524398803710938 17.481433868408203125 17.535356521606445313 17.565423965454101563 17.537933349609375 17.453149795532226563 17.377775192260742188 17.317501068115234375 17.267232894897460938 17.217937469482421875 17.133283615112304688 16.991403579711914063 16.925256729125976563 17.363237380981445313 18.04732513427734375 18.37420654296875 18.432886123657226563 18.413293838500976563 18.356496810913085938 18.292049407958984375
17.490758895874023438 17.49265289306640625 17.48963165283203125 17.48073577880859375 17.465452194213867188 17.439989089965820313 17.408487319946289063 17.366893768310546875 17.31172943115234375 17.243623733520507813 17.168117523193359375 17.09647369384765625 17.023372650146484375 16.974941253662109375 16.975324630737304688 17.02007293701171875 17.095399856567382813 17.192487716674804688 17.273189544677734375 17.310827255249023438 17.345798492431640625 17.372257232666015625 17.413532257080078125 17.476511001586914063 17.483661651611328125 17.431018829345703125 17.37442779541015625 17.30170440673828125 17.201747894287109375 17.077358245849609375 16.956315994262695313 17.004259109497070313 17.730581283569335938 18.325374603271484375 18.4235382080078125 18.432291030883789063 18.455402374267578125 18.456628799438476563 18.443660736083984375 18.3762359619140625
17.477151870727539063 17.458148956298828125 17.440084457397460938 17.42064666748046875 17.396741867065429688 17.368532180786132813 17.33576202392578125 17.301616668701171875 17.258220672607421875 17.210367202758789063 17.16289520263671875 17.120542526245117188 17.084686279296875 17.066900253295898438 17.078775405883789063 17.137422561645507813 17.209981918334960938 17.248682022094726563 17.271390914916992188 17.281129837036132813 17.272089004516601563 17.26318359375 17.287113189697265625 17.337114334106445313 17.354612350463867188 17.320354461669921875 17.257078170776367188 17.1665496826171875 17.057056427001953125 16.987506866455078125 17.102813720703125 17.77285003662109375 18.367130279541015625 18.432222366333007813 18.428911209106445313 18.457637786865234375 18.491695404052734375 18.489152908325195313 18.460239410400390625 18.39577484130859375
17.47338104248046875 17.471202850341796875 17.462373733520507813 17.44113922119140625 17.4093780517578125 17.37248992919921875 17.3340911865234375 17.300035476684570313 17.265863418579101563 17.233797073364257813 17.200120925903320313 17.163610458374023438 17.130161285400390625 17.12491607666015625 17.174968719482421875 17.231006622314453125 17.240098953247070313 17.242715835571289063 17.243709564208984375 17.227640151977539063 17.199705123901367188 17.181581497192382813 17.191417694091796875 17.211048126220703125 17.209804534912109375 17.179706573486328125 17.127668380737304688 17.053373336791992188 17.001071929931640625 17.081907272338867188 17.496372222900390625 18.235166549682617188 18.430707931518554688 18.426492691040039063 18.411981582641601563 18.431957244873046875 18.4349365234375 18.450025558471679688 18.472166061401367188 18.481534957885742188
17.384737014770507813 17.387979507446289063 17.396266937255859375 17.405103683471679688 17.409481048583984375 17.396617889404296875 17.368640899658203125 17.331752777099609375 17.292760848999023438 17.2481689453125 17.200883865356445313 17.153005599975585938 17.133388519287109375 17.167009353637695313 17.227121353149414063 17.237117767333984375 17.22185516357421875 17.214330673217773438 17.204303741455078125 17.183406829833984375 17.1609039306640625 17.15508270263671875 17.163579940795898438 17.16839599609375 17.149694442749023438 17.10837554931640625 17.054538726806640625 16.991962432861328125 16.9659576416015625 17.08919525146484375 17.52895355224609375 18.156335830688476563 18.426563262939453125 18.418363571166992188 18.367238998413085938 18.344219207763671875 18.322637557983398438 18.335802078247070313 18.39510345458984375 18.469091415405273438
17.377492904663085938 17.37158966064453125 17.343240737915039063 17.318155288696289063 17.312274932861328125 17.3139801025390625 17.304212570190429688 17.273962020874023438 17.23217010498046875 17.192470550537109375 17.155115127563476563 17.139621734619140625 17.15671539306640625 17.20262908935546875 17.228834152221679688 17.20970916748046875 17.180202484130859375 17.171144485473632813 17.164562225341796875 17.154066085815429688 17.151258468627929688 17.164234161376953125 17.18360137939453125 17.1876373291015625 17.167774200439453125 17.127704620361328125 17.080524444580078125 17.021039962768554688 16.970977783203125 16.992956161499023438 17.21895599365234375 17.704374313354492188 18.189479827880859375 18.37453460693359375 18.36553955078125 18.3275604248046875 18.269489288330078125 18.219516754150390625 18.214344024658203125 18.276462554931640625
17.412324905395507813 17.40738677978515625 17.382091522216796875 17.323995590209960938 17.26653289794921875 17.241481781005859375 17.231454849243164063 17.212738037109375 17.18896484375 17.178052902221679688 17.177484512329101563 17.188318252563476563 17.206502914428710938 17.215456008911132813 17.201124191284179688 17.166088104248046875 17.13262939453125 17.121761322021484375 17.127557754516601563 17.143159866333007813 17.172094345092773438 17.212848663330078125 17.253004074096679688 17.277713775634765625 17.268787384033203125 17.229639053344726563 17.174844741821289063 17.122045516967773438 17.078823089599609375 17.064617156982421875 17.117116928100585938 17.323522567749023438 17.692369461059570313 18.086015701293945313 18.27419281005859375 18.274663925170898438 18.193477630615234375 18.1211395263671875 18.108156204223632813 18.103420257568359375
17.469297409057617188 17.448944091796875 17.40824127197265625 17.347749710083007813 17.292236328125 17.260181427001953125 17.246686935424804688 17.238351821899414063 17.233154296875 17.235036849975585938 17.2395172119140625 17.238231658935546875 17.225780487060546875 17.205369949340820313 17.173976898193359375 17.140642166137695313 17.118005752563476563 17.1127471923828125 17.1199951171875 17.143115997314453125 17.180568695068359375 17.232723236083984375 17.28548431396484375 17.341432571411132813 17.3743896484375 17.378244400024414063 17.344430923461914063 17.282861709594726563 17.213224411010742188 17.161725997924804688 17.152196884155273438 17.198566436767578125 17.36392974853515625 17.647195816040039063 17.852972030639648438 17.874248504638671875 17.810794830322265625 17.749536514282226563 17.828622817993164063 17.975984573364257813
17.504266738891601563 17.464399337768554688 17.426469802856445313 17.38189697265625 17.343936920166015625 17.324476242065429688 17.308198928833007813 17.293840408325195313 17.286914825439453125 17.2870941162109375 17.2870330810546875 17.279911041259765625 17.261545181274414063 17.2372589111328125 17.209949493408203125 17.189517974853515625 17.1821441650390625 17.18714141845703125 17.195810317993164063 17.209936141967773438 17.231821060180664063 17.26566314697265625 17.290294647216796875 17.328798294067382813 17.374464035034179688 17.4218292236328125 17.442653656005859375 17.42856597900390625 17.386331558227539063 17.33269500732421875 17.29019927978515625 17.265844345092773438 17.2672576904296875 17.319082260131835938 17.404191970825195313 17.458440780639648438 17.524148941040039063 17.616390228271484375 17.773349761962890625 17.941278457641601563
17.5232696533203125 17.490818023681640625 17.469476699829101563 17.4595794677734375 17.4724578857421875 17.484483718872070313 17.48082733154296875 17.470312118530273438 17.457536697387695313 17.440904617309570313 17.418024063110351563 17.39550018310546875 17.382532119750976563 17.388677597045898438 17.417598724365234375 17.470386505126953125 17.531438827514648438 17.580930709838867188 17.600236892700195313 17.597522735595703125 17.574712753295898438 17.541204452514648438 17.488309860229492188 17.441534042358398438 17.415594100952148438 17.417409896850585938 17.441974639892578125 17.462057113647460938 17.468219757080078125 17.458831787109375 17.46059417724609375 17.466556549072265625 17.496007919311523438 17.560764312744140625 17.662233352661132813 17.862911224365234375 18.08818817138671875 18.26894378662109375 18.421253204345703125 18.51427459716796875
17.583065032958984375 17.585330963134765625 17.629421234130859375 17.724790573120117188 17.839559555053710938 17.897695541381835938 17.891416549682617188 17.851572036743164063 17.81191253662109375 17.769580841064453125 17.728116989135742188 17.73138427734375 17.801319122314453125 17.927896499633789063 18.077327728271484375 18.20656585693359375 18.288272857666015625 18.317150115966796875 18.320308685302734375 18.30554962158203125 18.265527725219726563 18.19580078125 18.065549850463867188 17.868518829345703125 17.710651397705078125 17.614839553833007813 17.539068222045898438 17.495298385620117188 17.4745025634765625 17.460245132446289063 17.587930679321289063 17.820919036865234375 18.072216033935546875 18.29598236083984375 18.566469192504882813 18.727811813354492188 18.795375823974609375 18.831075668334960938 18.843618392944335938 18.843648910522460938
17.696401596069335938 17.763759613037109375 17.900188446044921875 18.080402374267578125 18.22161102294921875 18.258211135864257813 18.22554779052734375 18.19246673583984375 18.181238174438476563 18.167993545532226563 18.165758132934570313 18.230604171752929688 18.348224639892578125 18.452863693237304688 18.505937576293945313 18.520740509033203125 18.513025283813476563 18.497783660888671875 18.49254608154296875 18.505031585693359375 18.5198516845703125 18.521524429321289063 18.491245269775390625 18.362524032592773438 18.173456192016601563 18.017139434814453125 17.87384796142578125 17.751161575317382813 17.568454742431640625 17.549226760864257813 17.98043060302734375 18.451904296875 18.756954193115234375 18.834516525268554688 18.855760574340820313 18.854764938354492188 18.844320297241210938 18.840572357177734375 18.84471893310546875 18.851840972900390625
17.802663803100585938 17.895875930786132813 18.069156646728515625 18.261379241943359375 18.389312744140625 18.427541732788085938 18.405015945434570313 18.380689620971679688 18.393688201904296875 18.403150558471679688 18.40785980224609375 18.450212478637695313 18.511854171752929688 18.540134429931640625 18.54931640625 18.522012710571289063 18.468027114868164063 18.413820266723632813 18.38930511474609375 18.408233642578125 18.446142196655273438 18.493408203125 18.531475067138671875 18.539068222045898438 18.469026565551757813 18.372041702270507813 18.261163711547851563 18.080892562866210938 17.712276458740234375 17.8081817626953125 18.315357208251953125 18.663120269775390625 18.804388046264648438 18.838582992553710938 18.8403472900390625 18.834932327270507813 18.83213043212890625 18.836965560913085938 18.848079681396484375 18.861528396606445313
17.973737716674804688 17.980588912963867188 18.038944244384765625 18.157711029052734375 18.301509857177734375 18.430185317993164063 18.485692977905273438 18.484165191650390625 18.490234375 18.508554458618164063 18.521078109741210938 18.541599273681640625 18.57708740234375 18.591745376586914063 18.58868408203125 18.54962921142578125 18.480455398559570313 18.397649765014648438 18.35729217529296875 18.367410659790039063 18.400918960571289063 18.440668106079101563 18.4960784912109375 18.565631866455078125 18.589235305786132813 18.538843154907226563 18.43985748291015625 18.179632186889648438 17.8405914306640625 18.01656341552734375 18.42887115478515625 18.730045318603515625 18.83339691162109375 18.857954025268554688 18.850851058959960938 18.825183868408203125 18.809274673461914063 18.812778472900390625 18.829074859619140625 18.84825897216796875
18.061632156372070313 18.101411819458007813 18.115839004516601563 18.1285858154296875 18.159610748291015625 18.2234649658203125 18.342510223388671875 18.455537796020507813 18.50034332275390625 18.521070480346679688 18.540731430053710938 18.565570831298828125 18.59339141845703125 18.598285675048828125 18.584720611572265625 18.531900405883789063 18.446363449096679688 18.34064483642578125 18.317962646484375 18.341051101684570313 18.400234222412109375 18.458875656127929688 18.49798583984375 18.56804656982421875 18.625501632690429688 18.581518173217773438 18.427089691162109375 18.124420166015625 17.9474639892578125 18.213380813598632813 18.546142578125 18.766744613647460938 18.84283447265625 18.847198486328125 18.80376434326171875 18.76371002197265625 18.758512496948242188 18.771951675415039063 18.800884246826171875 18.8258514404296875
