MapLinkProApp/griddata/temperature/ASCII/cmems_mod_glo_phy-thetao_anfc_0,083deg_P1D-m_1702458667101_65,8.asc
ncols        121
nrows        120
xllcorner    -30.041666666667
yllcorner    40.041666655981
cellsize     0.083333333333
NODATA_value  9.9692099683868690468e+36
[rows 72 to 89 of 120, columns 0 to 39 of 121]
17.358839035034179688 17.35370635986328125 17.3407135009765625 17.330930709838867188 17.325136184692382813 17.324201583862304688 17.327367782592773438 17.329496383666992188 17.310802459716796875 17.185947418212890625 17.011932373046875 16.701284408569335938 16.272304534912109375 15.942461013793945313 15.795635223388671875 15.770850181579589844 15.819643974304199219 15.870428085327148438 15.897291183471679688 15.780843734741210938 15.562129020690917969 15.3794708251953125 15.296625137329101563 15.336660385131835938 15.485182762145996094 15.737824440002441406 16.276651382446289063 16.853792190551757813 17.094509124755859375 17.153087615966796875 17.1743011474609375 17.176229476928710938 17.13652801513671875 17.078569412231445313 17.037317276000976563 17.015201568603515625 17.004375457763671875 16.998975753784179688 16.99393463134765625 16.988645553588867188
17.335979461669921875 17.337354660034179688 17.328222274780273438 17.312219619750976563 17.296535491943359375 17.28302764892578125 17.273517608642578125 17.267469406127929688 17.274198532104492188 17.292387008666992188 17.30420684814453125 17.234960556030273438 16.911710739135742188 16.481924057006835938 16.17543792724609375 16.0327301025390625 16.006649017333984375 15.992383956909179688 15.974341392517089844 15.883667945861816406 15.655207633972167969 15.4502105712890625 15.374250411987304688 15.5351715087890625 15.913377761840820313 16.42128753662109375 16.8926544189453125 17.05721282958984375 17.068332672119140625 17.118803024291992188 17.176025390625 17.165647506713867188 17.073080062866210938 16.977621078491210938 16.92040252685546875 16.87784576416015625 16.845026016235351563 16.821880340576171875 16.807291030883789063 16.805755615234375
17.28139495849609375 17.296382904052734375 17.303867340087890625 17.298919677734375 17.288797378540039063 17.27605438232421875 17.268222808837890625 17.25476837158203125 17.241037368774414063 17.223482131958007813 17.22226715087890625 17.24617767333984375 17.2156219482421875 16.967540740966796875 16.61728668212890625 16.35889434814453125 16.195791244506835938 16.05728912353515625 15.928008079528808594 15.761628150939941406 15.556972503662109375 15.457685470581054688 15.758190155029296875 16.267133712768554688 16.77046966552734375 16.931873321533203125 16.996603012084960938 17.021764755249023438 17.048931121826171875 17.078321456909179688 17.118244171142578125 17.044641494750976563 16.863832473754882813 16.7253570556640625 16.6573333740234375 16.605968475341796875 16.566196441650390625 16.534559249877929688 16.517877578735351563 16.518993377685546875
17.228778839111328125 17.236867904663085938 17.25223541259765625 17.258937835693359375 17.260828018188476563 17.252435684204101563 17.247528076171875 17.244180679321289063 17.242963790893554688 17.221099853515625 17.1900177001953125 17.182355880737304688 17.22381591796875 17.208978652954101563 16.888805389404296875 16.524112701416015625 16.229318618774414063 15.930159568786621094 15.708086967468261719 15.569651603698730469 15.560487747192382813 16.006872177124023438 16.597249984741210938 16.919923782348632813 16.939519882202148438 16.937044143676757813 16.948040008544921875 16.943815231323242188 16.935003280639648438 16.977313995361328125 17.03247833251953125 16.918012619018554688 16.672857284545898438 16.520910263061523438 16.458116531372070313 16.42230987548828125 16.402227401733398438 16.385778427124023438 16.377351760864257813 16.373155593872070313
17.24434661865234375 17.235809326171875 17.238861083984375 17.240549087524414063 17.24654388427734375 17.247533798217773438 17.2439727783203125 17.24134063720703125 17.239339828491210938 17.226436614990234375 17.202236175537109375 17.16693878173828125 17.187524795532226563 17.241250991821289063 17.047153472900390625 16.6011810302734375 16.15377044677734375 15.767693519592285156 15.621104240417480469 15.725766181945800781 16.177734375 16.69054412841796875 16.905359268188476563 16.913057327270507813 16.909784317016601563 16.904302597045898438 16.898529052734375 16.889276504516601563 16.88776397705078125 16.932847976684570313 16.978006362915039063 16.809051513671875 16.532907485961914063 16.415714263916015625 16.392705917358398438 16.376653671264648438 16.36981964111328125 16.361959457397460938 16.358488082885742188 16.356046676635742188
17.407926559448242188 17.346811294555664063 17.300626754760742188 17.27138519287109375 17.25543975830078125 17.252344131469726563 17.248577117919921875 17.247100830078125 17.246006011962890625 17.239641189575195313 17.216897964477539063 17.180356979370117188 17.162624359130859375 17.22995758056640625 17.12038421630859375 16.666830062866210938 16.092723846435546875 15.732537269592285156 15.835817337036132813 16.278341293334960938 16.744846343994140625 16.89893341064453125 16.9150543212890625 16.909570693969726563 16.90337371826171875 16.8903656005859375 16.88167572021484375 16.870306015014648438 16.856275558471679688 16.897481918334960938 16.931924819946289063 16.716922760009765625 16.418491363525390625 16.363023757934570313 16.368497848510742188 16.356414794921875 16.359439849853515625 16.364612579345703125 16.37091064453125 16.380750656127929688
17.6711883544921875 17.59519195556640625 17.51088714599609375 17.427398681640625 17.357257843017578125 17.312347412109375 17.279859542846679688 17.26966094970703125 17.2597503662109375 17.260066986083984375 17.231649398803710938 17.209796905517578125 17.161884307861328125 17.216983795166015625 17.167844772338867188 16.747898101806640625 16.131305694580078125 15.809821128845214844 16.091876983642578125 16.604284286499023438 16.86139678955078125 16.907260894775390625 16.918493270874023438 16.9146728515625 16.882396697998046875 16.859880447387695313 16.848897933959960938 16.8356475830078125 16.822675704956054688 16.869577407836914063 16.897058486938476563 16.65509796142578125 16.369089126586914063 16.35211944580078125 16.370676040649414063 16.367427825927734375 16.399690628051757813 16.431278228759765625 16.452596664428710938 16.481292724609375
17.75714111328125 17.725351333618164063 17.669788360595703125 17.599260330200195313 17.51801300048828125 17.452953338623046875 17.394317626953125 17.358839035034179688 17.323945999145507813 17.306097030639648438 17.260164260864257813 17.248905181884765625 17.188913345336914063 17.215789794921875 17.220441818237304688 16.848583221435546875 16.228857040405273438 15.894078254699707031 16.181936264038085938 16.6607513427734375 16.858068466186523438 16.904125213623046875 16.919483184814453125 16.901575088500976563 16.8454437255859375 16.818056106567382813 16.804952621459960938 16.791408538818359375 16.793426513671875 16.849399566650390625 16.87709808349609375 16.621702194213867188 16.351446151733398438 16.360857009887695313 16.401510238647460938 16.421772003173828125 16.468812942504882813 16.505466461181640625 16.53387451171875 16.566232681274414063
17.6950225830078125 17.72791290283203125 17.733697891235351563 17.710926055908203125 17.6642608642578125 17.615774154663085938 17.548458099365234375 17.4886474609375 17.424543380737304688 17.375255584716796875 17.31103515625 17.289011001586914063 17.24855804443359375 17.22307586669921875 17.266752243041992188 16.993106842041015625 16.405385971069335938 16.01446533203125 16.210947036743164063 16.6209869384765625 16.829578399658203125 16.898525238037109375 16.91998291015625 16.868883132934570313 16.799547195434570313 16.7653045654296875 16.748266220092773438 16.741239547729492188 16.757764816284179688 16.817012786865234375 16.86719512939453125 16.617750167846679688 16.348209381103515625 16.38092803955078125 16.431665420532226563 16.442190170288085938 16.487012863159179688 16.544195175170898438 16.600229263305664063 16.638963699340820313
17.556013107299804688 17.628625869750976563 17.688089370727539063 17.713228225708007813 17.699827194213867188 17.66289520263671875 17.597110748291015625 17.538240432739257813 17.475618362426757813 17.416669845581054688 17.349214553833007813 17.318965911865234375 17.310419082641601563 17.254079818725585938 17.29067230224609375 17.1175994873046875 16.576486587524414063 16.153842926025390625 16.239809036254882813 16.577478408813476563 16.806549072265625 16.897012710571289063 16.896648406982421875 16.808658599853515625 16.744579315185546875 16.713693618774414063 16.69586944580078125 16.696706771850585938 16.72026824951171875 16.777927398681640625 16.866069793701171875 16.656759262084960938 16.357084274291992188 16.380939483642578125 16.425661087036132813 16.413961410522460938 16.445871353149414063 16.51450347900390625 16.592561721801757813 16.64722442626953125
17.492212295532226563 17.539537429809570313 17.61002349853515625 17.663255691528320313 17.672788619995117188 17.646511077880859375 17.598154067993164063 17.5588531494140625 17.501016616821289063 17.437837600708007813 17.374897003173828125 17.346160888671875 17.348840713500976563 17.282503128051757813 17.302276611328125 17.217935562133789063 16.714445114135742188 16.267978668212890625 16.291606903076171875 16.58939361572265625 16.812761306762695313 16.888574600219726563 16.834432601928710938 16.7436981201171875 16.687097549438476563 16.6597747802734375 16.652578353881835938 16.668853759765625 16.694540023803710938 16.74002838134765625 16.850498199462890625 16.704044342041015625 16.383054733276367188 16.365192413330078125 16.400875091552734375 16.36400604248046875 16.359220504760742188 16.42978668212890625 16.539154052734375 16.6297760009765625
17.476970672607421875 17.485143661499023438 17.54396820068359375 17.604274749755859375 17.640142440795898438 17.646087646484375 17.625745773315429688 17.598234176635742188 17.539813995361328125 17.485383987426757813 17.434057235717773438 17.404903411865234375 17.39946746826171875 17.30803680419921875 17.310415267944335938 17.297159194946289063 16.847991943359375 16.38018035888671875 16.3650970458984375 16.620721817016601563 16.802312850952148438 16.816272735595703125 16.730192184448242188 16.6582794189453125 16.606515884399414063 16.5943756103515625 16.620052337646484375 16.667963027954101563 16.7020263671875 16.7124481201171875 16.80377197265625 16.788267135620117188 16.452543258666992188 16.337034225463867188 16.364034652709960938 16.320520401000976563 16.276735305786132813 16.315298080444335938 16.435413360595703125 16.561929702758789063
17.46958160400390625 17.472681045532226563 17.511606216430664063 17.562595367431640625 17.610662460327148438 17.63758087158203125 17.64243316650390625 17.632047653198242188 17.59166717529296875 17.554004669189453125 17.507688522338867188 17.470499038696289063 17.437868118286132813 17.325830459594726563 17.314197540283203125 17.322925567626953125 16.930637359619140625 16.466096878051757813 16.426717758178710938 16.628549575805664063 16.737462997436523438 16.69348907470703125 16.61521148681640625 16.563615798950195313 16.54199981689453125 16.574533462524414063 16.653959274291992188 16.7323150634765625 16.774600982666015625 16.740383148193359375 16.765350341796875 16.8530731201171875 16.562200546264648438 16.319314956665039063 16.325450897216796875 16.289113998413085938 16.248506546020507813 16.278051376342773438 16.3759307861328125 16.506315231323242188
17.460968017578125 17.469041824340820313 17.5013427734375 17.550870895385742188 17.597929000854492188 17.630548477172851563 17.645967483520507813 17.645204544067382813 17.622297286987304688 17.59363555908203125 17.550548553466796875 17.515123367309570313 17.464494705200195313 17.34307861328125 17.324048995971679688 17.325687408447265625 16.946544647216796875 16.509052276611328125 16.459924697875976563 16.607385635375976563 16.640180587768554688 16.586397171020507813 16.526376724243164063 16.512332916259765625 16.54721832275390625 16.649404525756835938 16.784952163696289063 16.883363723754882813 16.908233642578125 16.82765960693359375 16.769773483276367188 16.872739791870117188 16.63509368896484375 16.319803237915039063 16.29248809814453125 16.269845962524414063 16.27880096435546875 16.356960296630859375 16.469928741455078125 16.5922698974609375
17.466876983642578125 17.487394332885742188 17.52831268310546875 17.577045440673828125 17.613584518432617188 17.635906219482421875 17.643812179565429688 17.643306732177734375 17.633068084716796875 17.616720199584960938 17.58351898193359375 17.558954238891601563 17.50368499755859375 17.375631332397460938 17.332912445068359375 17.317770004272460938 16.920442581176757813 16.538608551025390625 16.494924545288085938 16.561460494995117188 16.523252487182617188 16.485582351684570313 16.501008987426757813 16.591432571411132813 16.74086761474609375 16.93497467041015625 17.105709075927734375 17.185939788818359375 17.1465301513671875 16.9735107421875 16.820642471313476563 16.889739990234375 16.700103759765625 16.336862564086914063 16.27494049072265625 16.307401657104492188 16.372480392456054688 16.521116256713867188 16.722650527954101563 16.8846588134765625
17.540058135986328125 17.553661346435546875 17.57978057861328125 17.604043960571289063 17.612331390380859375 17.617290496826171875 17.620471954345703125 17.627805709838867188 17.626955032348632813 17.623548507690429688 17.607021331787109375 17.586084365844726563 17.525606155395507813 17.392904281616210938 17.33496856689453125 17.279674530029296875 16.856691360473632813 16.535894393920898438 16.517892837524414063 16.48326873779296875 16.450094223022460938 16.515262603759765625 16.665117263793945313 16.881772994995117188 17.175539016723632813 17.40401458740234375 17.501003265380859375 17.49454498291015625 17.37512969970703125 17.115652084350585938 16.892095565795898438 16.908794403076171875 16.758335113525390625 16.39151763916015625 16.296436309814453125 16.357892990112304688 16.406391143798828125 16.535037994384765625 16.732700347900390625 16.960468292236328125
17.5769805908203125 17.581935882568359375 17.588129043579101563 17.593257904052734375 17.59581756591796875 17.602085113525390625 17.612010955810546875 17.628488540649414063 17.634778976440429688 17.629217147827148438 17.619106292724609375 17.589771270751953125 17.514307022094726563 17.386259078979492188 17.328472137451171875 17.201122283935546875 16.772474288940429688 16.5132904052734375 16.48334503173828125 16.433488845825195313 16.5243377685546875 16.70992279052734375 16.953073501586914063 17.29421234130859375 17.556707382202148438 17.599061965942382813 17.58624267578125 17.555070877075195313 17.439350128173828125 17.165462493896484375 16.933607101440429688 16.919088363647460938 16.825067520141601563 16.490322113037109375 16.365819931030273438 16.40621185302734375 16.411357879638671875 16.470043182373046875 16.60628509521484375 16.8314361572265625
17.616102218627929688 17.606817245483398438 17.601985931396484375 17.60565948486328125 17.614559173583984375 17.624294281005859375 17.641584396362304688 17.6595001220703125 17.656614303588867188 17.644823074340820313 17.6225433349609375 17.55934906005859375 17.448520660400390625 17.335191726684570313 17.25841522216796875 17.04401397705078125 16.603357315063476563 16.425243377685546875 16.422107696533203125 16.556118011474609375 16.776378631591796875 17.043439865112304688 17.382394790649414063 17.58719635009765625 17.59288787841796875 17.525814056396484375 17.473140716552734375 17.430511474609375 17.331102371215820313 17.1214447021484375 16.9459686279296875 16.930860519409179688 16.934942245483398438 16.6961822509765625 16.536655426025390625 16.497880935668945313 16.454463958740234375 16.458784103393554688 16.593044281005859375 16.941099166870117188
