MapLinkProApp/griddata/temperature/ASCII/cmems_mod_glo_phy-thetao_anfc_0,083deg_P1D-m_1702458667101_3220,8.asc
ncols        121
nrows        120
xllcorner    -30.041666666667
yllcorner    40.041666655981
cellsize     0.083333333333
NODATA_value  9.9692099683868690468e+36
[rows 34 to 50 of 120, columns 76 to 113 of 121]
9.9692099683868690468e+36 9.9692099683868690468e+36 2.4642770290374755859 2.4213466644287109375 2.3909785747528076172 2.3844473361968994141 2.3905494213104248047 2.4000120162963867188 2.4036972522735595703 2.3963057994842529297 2.4049255847930908203 2.4340167045593261719 2.4583804607391357422 2.4731881618499755859 2.4842865467071533203 2.4857196807861328125 2.4990940093994140625 2.5094254016876220703 2.5012469291687011719 2.5007734298706054688 2.5063693523406982422 2.4933216571807861328 2.48333740234375 2.4949612617492675781 2.4906485080718994141 2.4651050567626953125 2.4414136409759521484 2.4213941097259521484 2.4038856029510498047 2.4019539356231689453 2.4143941402435302734 2.409862518310546875 2.4272205829620361328 2.4561586380004882813 2.4789972305297851563 2.4956872463226318359 2.5046694278717041016 2.5063135623931884766
9.9692099683868690468e+36 2.4937860965728759766 2.4684205055236816406 2.4275104999542236328 2.4015357494354248047 2.3995893001556396484 2.3988447189331054688 2.3929045200347900391 2.3907885551452636719 2.3952374458312988281 2.4084177017211914063 2.4302437305450439453 2.449554443359375 2.46355438232421875 2.4797294139862060547 2.4908461570739746094 2.5025184154510498047 2.511508941650390625 2.5084624290466308594 2.5121448040008544922 2.5035033226013183594 2.4902696609497070313 2.4891490936279296875 2.49147796630859375 2.4853851795196533203 2.4669020175933837891 2.4430391788482666016 2.4179449081420898438 2.4060106277465820313 2.4130542278289794922 2.4205682277679443359 2.4343824386596679688 2.4448649883270263672 2.4610636234283447266 2.4778685569763183594 2.4880473613739013672 2.4821512699127197266 2.4756767749786376953
9.9692099683868690468e+36 2.5109095573425292969 2.4521853923797607422 2.3966860771179199219 2.3854341506958007813 2.3872964382171630859 2.3877778053283691406 2.3893387317657470703 2.4000160694122314453 2.4175074100494384766 2.4213044643402099609 2.4486064910888671875 2.4921216964721679688 2.4684679508209228516 2.4821579456329345703 2.489471435546875 2.4894831180572509766 2.4966652393341064453 2.4983251094818115234 2.4984037876129150391 2.4971773624420166016 2.50121307373046875 2.5099954605102539063 2.5111734867095947266 2.4965167045593261719 2.477031707763671875 2.4559478759765625 2.4414758682250976563 2.4349970817565917969 2.4454452991485595703 2.4639675617218017578 2.47313690185546875 2.4742369651794433594 2.4765911102294921875 2.4936552047729492188 2.4895122051239013672 2.4831509590148925781 2.4689533710479736328
2.5780341625213623047 2.5228393077850341797 2.4598815441131591797 2.40087127685546875 2.3807806968688964844 2.3990004062652587891 2.4268157482147216797 2.4126102924346923828 2.4061963558197021484 2.4300367832183837891 2.4318304061889648438 2.4308447837829589844 2.4543244838714599609 2.4771902561187744141 2.4985680580139160156 2.4954116344451904297 2.4834427833557128906 2.4720220565795898438 2.4774270057678222656 2.4947161674499511719 2.5227916240692138672 2.5446221828460693359 2.5420720577239990234 2.52874755859375 2.5164198875427246094 2.5047669410705566406 2.4881663322448730469 2.4762473106384277344 2.4738180637359619141 2.4866135120391845703 2.4993643760681152344 2.5151832103729248047 2.5367279052734375 2.5339162349700927734 2.5388801097869873047 2.5263605117797851563 2.5148653984069824219 2.4904530048370361328
2.5125560760498046875 2.4935491085052490234 2.4393672943115234375 2.4047706127166748047 2.4092414379119873047 2.4487199783325195313 9.9692099683868690468e+36 9.9692099683868690468e+36 2.4762487411499023438 2.4613165855407714844 2.4598088264465332031 2.4666135311126708984 2.4809172153472900391 2.4952843189239501953 2.4878370761871337891 2.4739468097686767578 2.4709079265594482422 2.4603137969970703125 2.4650409221649169922 2.4885778427124023438 2.5201349258422851563 2.5333623886108398438 2.5363705158233642578 2.5276045799255371094 2.5118966102600097656 2.4875247478485107422 2.4722855091094970703 2.4604003429412841797 2.4663910865783691406 2.4833123683929443359 2.4977664947509765625 2.526500701904296875 2.5672008991241455078 2.5920629501342773438 2.5932180881500244141 2.5782694816589355469 2.5643780231475830078 2.5374267101287841797
2.4788122177124023438 2.4538626670837402344 2.428569793701171875 2.4349257946014404297 2.4516932964324951172 2.4691014289855957031 2.4915995597839355469 2.4896266460418701172 2.4869687557220458984 2.4793791770935058594 2.4651963710784912109 2.4649260044097900391 2.4780709743499755859 2.4869794845581054688 2.4706461429595947266 2.4496443271636962891 2.4448337554931640625 2.4472072124481201172 2.4548563957214355469 2.47006988525390625 2.4913694858551025391 2.498077392578125 2.4915678501129150391 2.4867296218872070313 2.4676988124847412109 2.4392220973968505859 2.4334073066711425781 2.4258556365966796875 2.4543738365173339844 2.4923806190490722656 2.5203068256378173828 2.5486502647399902344 2.5832266807556152344 2.6080148220062255859 2.6063783168792724609 2.5937891006469726563 2.5806615352630615234 2.5611202716827392578
2.4294514656066894531 2.4354240894317626953 2.440185546875 2.4486532211303710938 2.4591050148010253906 2.4646759033203125 2.4712555408477783203 2.4751155376434326172 2.4835975170135498047 2.4878098964691162109 2.4886686801910400391 2.4808974266052246094 2.4753279685974121094 2.4720807075500488281 2.4524540901184082031 2.4453339576721191406 2.4395017623901367188 2.42971038818359375 2.43660736083984375 2.4514889717102050781 2.4849550724029541016 2.4891717433929443359 2.4727270603179931641 2.4525918960571289063 2.4269239902496337891 2.4011607170104980469 2.4079198837280273438 2.4340863227844238281 2.4855620861053466797 2.5261282920837402344 2.5444254875183105469 2.5652611255645751953 2.5766816139221191406 2.5873372554779052734 2.6023306846618652344 2.6013767719268798828 2.5929360389709472656 2.5748832225799560547
2.3985612392425537109 2.4173374176025390625 2.4380354881286621094 2.4680626392364501953 2.4809563159942626953 2.4798312187194824219 2.4793910980224609375 2.4847013950347900391 2.4881041049957275391 2.4833722114562988281 2.4824938774108886719 2.4742565155029296875 2.4624488353729248047 2.4562633037567138672 2.4422333240509033203 2.4311075210571289063 2.4276945590972900391 2.4258987903594970703 2.4305558204650878906 2.4401555061340332031 2.4577150344848632813 2.4689693450927734375 2.457183837890625 2.44211578369140625 2.4118142127990722656 2.3817632198333740234 2.3940112590789794922 2.4330067634582519531 2.4857401847839355469 2.5236287117004394531 2.5308539867401123047 2.5437557697296142578 2.5715727806091308594 2.5958201885223388672 2.6076159477233886719 2.6077864170074462891 2.5985383987426757813 2.5779967308044433594
2.4015181064605712891 2.4165155887603759766 2.4428231716156005859 2.4673125743865966797 2.4713287353515625 2.4878125190734863281 2.5091302394866943359 2.5233488082885742188 2.5232379436492919922 2.5164256095886230469 2.5092530250549316406 2.4951882362365722656 2.4819302558898925781 2.4714496135711669922 2.4558236598968505859 2.4438574314117431641 2.4360549449920654297 2.4259054660797119141 2.4224717617034912109 2.4187157154083251953 2.4212625026702880859 2.4220049381256103516 2.4166674613952636719 2.4226443767547607422 2.4148757457733154297 2.3913438320159912109 2.3826034069061279297 2.4070568084716796875 2.4613099098205566406 2.5070140361785888672 2.5387508869171142578 2.5639364719390869141 2.593296051025390625 2.6176581382751464844 2.6238217353820800781 2.6171438694000244141 2.5976111888885498047 2.5894360542297363281
2.4185914993286132813 2.4498524665832519531 2.4857375621795654297 2.4866557121276855469 2.4737670421600341797 2.4560072422027587891 2.4792590141296386719 2.4992299079895019531 2.5071156024932861328 2.5089833736419677734 2.5067665576934814453 2.4875211715698242188 2.4602284431457519531 2.4390890598297119141 2.4335885047912597656 2.4448173046112060547 2.4451878070831298828 2.4250774383544921875 2.4183452129364013672 2.4327461719512939453 2.4309022426605224609 2.4169933795928955078 2.4076948165893554688 2.4117600917816162109 2.4225382804870605469 2.411190032958984375 2.3970606327056884766 2.4298226833343505859 2.4798033237457275391 2.5228571891784667969 2.5539765357971191406 2.5699634552001953125 2.5974056720733642578 2.6267533302307128906 2.6305606365203857422 2.6370482444763183594 2.6185233592987060547 2.6052827835083007813
2.4430265426635742188 2.4643676280975341797 2.4913058280944824219 2.4948999881744384766 2.4866111278533935547 2.4327309131622314453 2.4170358180999755859 2.4191377162933349609 2.4262394905090332031 2.4358985424041748047 2.4425528049468994141 2.4348003864288330078 2.4235320091247558594 2.4208221435546875 2.4313170909881591797 2.4413626194000244141 2.4349050521850585938 2.4242105484008789063 2.4298830032348632813 2.4510185718536376953 2.4509427547454833984 2.4347774982452392578 2.4267256259918212891 2.4226224422454833984 2.4261493682861328125 2.4208490848541259766 2.4183456897735595703 2.449375152587890625 2.4938807487487792969 2.5325610637664794922 2.5585625171661376953 2.5677890777587890625 2.5865223407745361328 2.6016707420349121094 2.6143898963928222656 2.6120877265930175781 2.6000394821166992188 2.6017422676086425781
2.4263982772827148438 2.4340677261352539063 2.4570658206939697266 2.4474756717681884766 9.9692099683868690468e+36 9.9692099683868690468e+36 2.4028899669647216797 2.3797202110290527344 2.3744957447052001953 2.3768901824951171875 2.3743619918823242188 2.3699839115142822266 2.3854722976684570313 2.4052622318267822266 2.4183974266052246094 2.4209277629852294922 2.4180321693420410156 2.429248809814453125 2.4578425884246826172 2.4886057376861572266 2.4859943389892578125 2.4612147808074951172 2.4553403854370117188 2.4551761150360107422 2.4472322463989257813 2.4452321529388427734 2.4446845054626464844 2.4698116779327392578 2.4930067062377929688 2.5007114410400390625 2.51572418212890625 2.5168559551239013672 2.5213634967803955078 2.5294940471649169922 2.5595409870147705078 2.5681982040405273438 2.5489156246185302734 2.56507110595703125
2.4653644561767578125 2.4259195327758789063 2.433444976806640625 2.4272518157958984375 2.4051547050476074219 2.403148651123046875 2.3571045398712158203 2.3573453426361083984 2.3576109409332275391 2.3351538181304931641 2.3152594566345214844 2.3103964328765869141 2.3417062759399414063 2.3748900890350341797 2.3888204097747802734 2.3995037078857421875 2.4176163673400878906 2.4450986385345458984 2.4721307754516601563 2.4859807491302490234 2.4842352867126464844 2.4748158454895019531 2.4752442836761474609 2.4819543361663818359 2.4786601066589355469 2.466876983642578125 2.4598879814147949219 2.4720971584320068359 2.4886353015899658203 2.4929189682006835938 2.4881479740142822266 2.4729342460632324219 2.4779481887817382813 2.4996297359466552734 2.5349876880645751953 2.5309674739837646484 2.5300383567810058594 2.5527672767639160156
9.9692099683868690468e+36 2.4360942840576171875 2.4214606285095214844 2.3949816226959228516 2.3713364601135253906 2.3494250774383544922 2.3442442417144775391 2.3722431659698486328 2.3703706264495849609 2.3152279853820800781 2.2772951126098632813 2.2676427364349365234 2.2945637702941894531 2.3347017765045166016 2.3615882396697998047 2.3789167404174804688 2.4004418849945068359 2.4317235946655273438 2.4638195037841796875 2.4885575771331787109 2.5088019371032714844 2.5229914188385009766 2.5308890342712402344 2.5212001800537109375 2.4998247623443603516 2.4741420745849609375 2.4807224273681640625 2.4896726608276367188 2.4963812828063964844 2.5018413066864013672 2.5046551227569580078 2.4971063137054443359 2.5012331008911132813 2.51340484619140625 2.5219607353210449219 2.5302302837371826172 2.5520043373107910156 2.5727376937866210938
9.9692099683868690468e+36 2.4540896415710449219 2.4358303546905517578 2.3978519439697265625 2.3789496421813964844 2.3517985343933105469 2.3430292606353759766 2.3578603267669677734 2.3648762702941894531 2.3571498394012451172 2.3275139331817626953 2.2983920574188232422 2.29389190673828125 2.3123407363891601563 2.3400576114654541016 2.3636705875396728516 2.3845140933990478516 2.4186112880706787109 2.4637362957000732422 2.4979543685913085938 2.5148336887359619141 2.5364549160003662109 2.5703876018524169922 2.5713484287261962891 2.5315849781036376953 2.49874114990234375 2.4942073822021484375 2.5096001625061035156 2.5284955501556396484 2.5454943180084228516 2.5540537834167480469 2.5463645458221435547 2.5384454727172851563 2.5353045463562011719 2.5414857864379882813 2.5558311939239501953 2.5637688636779785156 2.5826005935668945313
2.5138697624206542969 2.4513404369354248047 2.4298639297485351563 2.4308130741119384766 2.4134595394134521484 2.3889853954315185547 2.3640828132629394531 2.3507723808288574219 2.3539144992828369141 2.3653752803802490234 2.3669073581695556641 2.3571753501892089844 2.3355243206024169922 2.3218419551849365234 2.326633453369140625 2.3385143280029296875 2.3636307716369628906 2.3992981910705566406 2.4392385482788085938 2.4690062999725341797 2.4767518043518066406 2.4895045757293701172 2.5216147899627685547 2.5469138622283935547 2.5423843860626220703 2.5249383449554443359 2.5222852230072021484 2.5339276790618896484 2.558948516845703125 2.5818457603454589844 2.5946483612060546875 2.5901970863342285156 2.5694353580474853516 2.5432133674621582031 2.5324218273162841797 2.5433471202850341797 2.5609545707702636719 2.5753426551818847656
2.5346350669860839844 2.4871416091918945313 2.4578669071197509766 2.4960036277770996094 2.4999616146087646484 2.4570348262786865234 2.4347057342529296875 2.4251525402069091797 2.3952641487121582031 2.3766052722930908203 2.3824965953826904297 2.3961493968963623047 2.3905045986175537109 2.3643426895141601563 2.3430228233337402344 2.3444578647613525391 2.3573637008666992188 2.380615234375 2.4012432098388671875 2.4182410240173339844 2.4324297904968261719 2.44686126708984375 2.4731094837188720703 2.5025656223297119141 2.5277667045593261719 2.5274524688720703125 2.5355074405670166016 2.5622906684875488281 2.5792739391326904297 2.5932722091674804688 2.6016068458557128906 2.6007888317108154297 2.5794413089752197266 2.5506052970886230469 2.5371181964874267578 2.5406482219696044922 2.5518426895141601563 2.5562980175018310547
