MapLinkProApp/griddata/temperature/ASCII/cmems_mod_glo_phy-thetao_anfc_0,083deg_P1D-m_1702458667101_34,4.asc
ncols        121
nrows        120
xllcorner    -30.041666666667
yllcorner    40.041666655981
cellsize     0.083333333333
NODATA_value  9.9692099683868690468e+36
[rows 72 to 89 of 120, columns 0 to 39 of 121]
17.357999801635742188 17.353097915649414063 17.340496063232421875 17.330631256103515625 17.324460983276367188 17.323516845703125 17.327304840087890625 17.333856582641601563 17.336717605590820313 17.320892333984375 17.257680892944335938 17.076406478881835938 16.743921279907226563 16.32245635986328125 15.998033523559570313 15.848402976989746094 15.8401336669921875 15.880755424499511719 15.911206245422363281 15.801141738891601563 15.583465576171875 15.392137527465820313 15.301008224487304688 15.351121902465820313 15.515760421752929688 15.924268722534179688 16.577037811279296875 17.01621246337890625 17.14185333251953125 17.153577804565429688 17.172273635864257813 17.174329757690429688 17.134096145629882813 17.075212478637695313 17.033199310302734375 17.010915756225585938 16.999895095825195313 16.994131088256835938 16.989017486572265625 16.983766555786132813
17.334581375122070313 17.336307525634765625 17.32802581787109375 17.31298828125 17.297513961791992188 17.284282684326171875 17.275011062622070313 17.268945693969726563 17.274408340454101563 17.290582656860351563 17.305631637573242188 17.286434173583984375 17.125604629516601563 16.79534149169921875 16.433963775634765625 16.170841217041015625 16.05326080322265625 16.0072479248046875 15.986702919006347656 15.893972396850585938 15.662189483642578125 15.455541610717773438 15.389653205871582031 15.687469482421875 16.128566741943359375 16.68161773681640625 17.022897720336914063 17.05587005615234375 17.065950393676757813 17.117139816284179688 17.174112319946289063 17.162881851196289063 17.0701751708984375 16.974102020263671875 16.91587066650390625 16.872570037841796875 16.839422225952148438 16.815347671508789063 16.7996368408203125 16.797590255737304688
17.280101776123046875 17.295093536376953125 17.303030014038085938 17.29901885986328125 17.289705276489257813 17.27734375 17.269807815551757813 17.256685256958007813 17.243373870849609375 17.225925445556640625 17.223196029663085938 17.247159957885742188 17.249568939208984375 17.110340118408203125 16.80959320068359375 16.465383529663085938 16.235614776611328125 16.067348480224609375 15.931984901428222656 15.762364387512207031 15.561375617980957031 15.54630279541015625 16.004215240478515625 16.571590423583984375 16.874750137329101563 16.978536605834960938 16.994770050048828125 17.01985931396484375 17.04650115966796875 17.075139999389648438 17.114414215087890625 17.041608810424804688 16.860963821411132813 16.721223831176757813 16.651929855346679688 16.600553512573242188 16.560396194458007813 16.5283966064453125 16.51129913330078125 16.51202392578125
17.229541778564453125 17.237140655517578125 17.252231597900390625 17.259256362915039063 17.261548995971679688 17.253545761108398438 17.248935699462890625 17.245647430419921875 17.244564056396484375 17.223419189453125 17.192853927612304688 17.182506561279296875 17.225000381469726563 17.243366241455078125 17.044025421142578125 16.631229400634765625 16.2768402099609375 15.946455955505371094 15.711517333984375 15.58130645751953125 15.72866058349609375 16.283477783203125 16.824888229370117188 16.930101394653320313 16.938535690307617188 16.935949325561523438 16.94629669189453125 16.94097137451171875 16.93182373046875 16.97443389892578125 17.029489517211914063 16.915981292724609375 16.672048568725585938 16.518323898315429688 16.455003738403320313 16.417982101440429688 16.397228240966796875 16.380825042724609375 16.372409820556640625 16.3678131103515625
17.24945831298828125 17.23853302001953125 17.2407073974609375 17.241847991943359375 17.24745941162109375 17.248815536499023438 17.245677947998046875 17.243162155151367188 17.2408905029296875 17.22815704345703125 17.20476531982421875 17.168766021728515625 17.187305450439453125 17.246667861938476563 17.137401580810546875 16.723855972290039063 16.22878265380859375 15.795351028442382813 15.640295982360839844 15.853034019470214844 16.419004440307617188 16.810367584228515625 16.908098220825195313 16.912244796752929688 16.908761978149414063 16.903066635131835938 16.896471023559570313 16.886997222900390625 16.88553619384765625 16.930782318115234375 16.975576400756835938 16.808637619018554688 16.53374481201171875 16.413188934326171875 16.388761520385742188 16.372331619262695313 16.364824295043945313 16.357286453247070313 16.354330062866210938 16.352672576904296875
17.433147430419921875 17.366838455200195313 17.31455230712890625 17.280759811401367188 17.260545730590820313 17.255357742309570313 17.250644683837890625 17.249059677124023438 17.247529983520507813 17.240591049194335938 17.218206405639648438 17.18123626708984375 17.162622451782226563 17.232244491577148438 17.195018768310546875 16.813516616821289063 16.196506500244140625 15.769899368286132813 15.891428947448730469 16.451894760131835938 16.796207427978515625 16.8994140625 16.915203094482421875 16.909433364868164063 16.9026641845703125 16.888982772827148438 16.879903793334960938 16.86872100830078125 16.85477447509765625 16.8958740234375 16.931362152099609375 16.726108551025390625 16.428007125854492188 16.360666275024414063 16.365690231323242188 16.353542327880859375 16.356058120727539063 16.362173080444335938 16.368671417236328125 16.379131317138671875
17.680744171142578125 17.609081268310546875 17.52619171142578125 17.445011138916015625 17.374582290649414063 17.323566436767578125 17.286363601684570313 17.274259567260742188 17.263275146484375 17.260946273803710938 17.232412338256835938 17.210172653198242188 17.16190338134765625 17.217885971069335938 17.22994232177734375 16.907384872436523438 16.2596282958984375 15.85538482666015625 16.15485382080078125 16.670923233032226563 16.860429763793945313 16.907312393188476563 16.918758392333984375 16.915142059326171875 16.882734298706054688 16.858707427978515625 16.847278594970703125 16.833873748779296875 16.821302413940429688 16.86810302734375 16.90233612060546875 16.675048828125 16.379434585571289063 16.35052490234375 16.36829376220703125 16.364694595336914063 16.398191452026367188 16.428295135498046875 16.451875686645507813 16.483135223388671875
17.756320953369140625 17.729364395141601563 17.678037643432617188 17.611288070678710938 17.53327178955078125 17.468858718872070313 17.40843963623046875 17.369518280029296875 17.331346511840820313 17.309213638305664063 17.261701583862304688 17.248189926147460938 17.18868255615234375 17.21459197998046875 17.254550933837890625 17.012289047241210938 16.374114990234375 15.94892120361328125 16.227556228637695313 16.685384750366210938 16.856687545776367188 16.904285430908203125 16.920103073120117188 16.902801513671875 16.84630584716796875 16.817417144775390625 16.803747177124023438 16.789928436279296875 16.792444229125976563 16.847490310668945313 16.885782241821289063 16.644550323486328125 16.362529754638671875 16.359224319458007813 16.399805068969726563 16.417165756225585938 16.46683502197265625 16.50382232666015625 16.535516738891601563 16.56974029541015625
17.693187713623046875 17.7269287109375 17.734468460083007813 17.713657379150390625 17.67018890380859375 17.622789382934570313 17.555023193359375 17.494634628295898438 17.43035888671875 17.378259658813476563 17.313077926635742188 17.289964675903320313 17.247507095336914063 17.219995498657226563 17.27101898193359375 17.136308670043945313 16.567949295043945313 16.087522506713867188 16.232339859008789063 16.627185821533203125 16.829050064086914063 16.89861297607421875 16.921163558959960938 16.87113189697265625 16.80040740966796875 16.764921188354492188 16.747463226318359375 16.740406036376953125 16.756622314453125 16.815349578857421875 16.873102188110351563 16.660961151123046875 16.364963531494140625 16.378810882568359375 16.430463790893554688 16.436235427856445313 16.480310440063476563 16.536359786987304688 16.591264724731445313 16.634372711181640625
17.556398391723632813 17.627307891845703125 17.686685562133789063 17.71263885498046875 17.700368881225585938 17.663585662841796875 17.600048065185546875 17.540866851806640625 17.478118896484375 17.418214797973632813 17.350917816162109375 17.31998443603515625 17.309953689575195313 17.25054931640625 17.289453506469726563 17.243375778198242188 16.766910552978515625 16.245210647583007813 16.25505828857421875 16.584245681762695313 16.807193756103515625 16.8968505859375 16.898052215576171875 16.811115264892578125 16.745286941528320313 16.713476181030273438 16.69525909423828125 16.6959228515625 16.719371795654296875 16.776567459106445313 16.86376953125 16.718509674072265625 16.384082794189453125 16.377672195434570313 16.423337936401367188 16.406703948974609375 16.437297821044921875 16.509729385375976563 16.587507247924804688 16.6454925537109375
17.503644943237304688 17.5416412353515625 17.609457015991210938 17.66199493408203125 17.672296524047851563 17.647430419921875 17.600332260131835938 17.561859130859375 17.503736495971679688 17.441072463989257813 17.378271102905273438 17.34819793701171875 17.349721908569335938 17.279428482055664063 17.300439834594726563 17.296550750732421875 16.909948348999023438 16.372518539428710938 16.311223983764648438 16.596632003784179688 16.812923431396484375 16.888639450073242188 16.836124420166015625 16.74538421630859375 16.687076568603515625 16.658954620361328125 16.651447296142578125 16.66829681396484375 16.6945343017578125 16.738613128662109375 16.846851348876953125 16.78717041015625 16.426637649536132813 16.359958648681640625 16.39533233642578125 16.350240707397460938 16.347576141357421875 16.42357635498046875 16.533557891845703125 16.626514434814453125
17.496461868286132813 17.49330902099609375 17.544431686401367188 17.603178024291992188 17.6391448974609375 17.646062850952148438 17.627077102661132813 17.600734710693359375 17.543827056884765625 17.49078369140625 17.4395904541015625 17.408008575439453125 17.401147842407226563 17.307647705078125 17.307619094848632813 17.324371337890625 17.033954620361328125 16.500627517700195313 16.3896484375 16.624906539916992188 16.80190277099609375 16.816314697265625 16.731693267822265625 16.659112930297851563 16.606084823608398438 16.59378814697265625 16.6210784912109375 16.669672012329101563 16.705322265625 16.713092803955078125 16.800075531005859375 16.867666244506835938 16.522039413452148438 16.350091934204101563 16.353368759155273438 16.298908233642578125 16.2557373046875 16.30620574951171875 16.424320220947265625 16.556600570678710938
17.481449127197265625 17.478450775146484375 17.51202392578125 17.56188201904296875 17.609447479248046875 17.636846542358398438 17.642292022705078125 17.632839202880859375 17.594217300415039063 17.558208465576171875 17.51219940185546875 17.473428726196289063 17.440698623657226563 17.326757431030273438 17.310214996337890625 17.329183578491210938 17.098997116088867188 16.589935302734375 16.451263427734375 16.62937164306640625 16.736082077026367188 16.693773269653320313 16.61563873291015625 16.562541961669921875 16.54228973388671875 16.577543258666992188 16.663286209106445313 16.743429183959960938 16.785665512084960938 16.749271392822265625 16.764570236206054688 16.889513015747070313 16.628000259399414063 16.369802474975585938 16.309572219848632813 16.264537811279296875 16.237308502197265625 16.27597808837890625 16.3759002685546875 16.501010894775390625
17.464502334594726563 17.47109222412109375 17.502161026000976563 17.55086517333984375 17.597494125366210938 17.630201339721679688 17.645603179931640625 17.645298004150390625 17.623579025268554688 17.596281051635742188 17.552934646606445313 17.517206192016601563 17.467493057250976563 17.344530105590820313 17.3183746337890625 17.327787399291992188 17.104793548583984375 16.619777679443359375 16.48108673095703125 16.605854034423828125 16.638092041015625 16.585691452026367188 16.525310516357421875 16.512409210205078125 16.553548812866210938 16.674531936645507813 16.81967926025390625 16.917364120483398438 16.935228347778320313 16.853265762329101563 16.772457122802734375 16.886705398559570313 16.696315765380859375 16.392749786376953125 16.284236907958984375 16.270183563232421875 16.286289215087890625 16.366832733154296875 16.511936187744140625 16.625904083251953125
17.471082687377929688 17.49184417724609375 17.5308380126953125 17.57818603515625 17.61367034912109375 17.635316848754882813 17.6434326171875 17.643123626708984375 17.6333160400390625 17.61736297607421875 17.584300994873046875 17.560255050659179688 17.506931304931640625 17.378393173217773438 17.330297470092773438 17.321781158447265625 17.089704513549804688 16.63204193115234375 16.50931549072265625 16.559663772583007813 16.521432876586914063 16.484773635864257813 16.503574371337890625 16.60951995849609375 16.804269790649414063 17.023439407348632813 17.184423446655273438 17.246301651000976563 17.197505950927734375 17.036876678466796875 16.844379425048828125 16.888113021850585938 16.770338058471679688 16.429409027099609375 16.290813446044921875 16.316623687744140625 16.37142181396484375 16.523151397705078125 16.756788253784179688 16.937032699584960938
17.542356491088867188 17.556016921997070313 17.581079483032226563 17.60406494140625 17.611932754516601563 17.616579055786132813 17.619867324829101563 17.627565383911132813 17.62636566162109375 17.622888565063476563 17.606517791748046875 17.586151123046875 17.528421401977539063 17.39676666259765625 17.334991455078125 17.293199539184570313 17.032213211059570313 16.60467529296875 16.524766921997070313 16.480852127075195313 16.451141357421875 16.517660140991210938 16.698854446411132813 16.985561370849609375 17.283582687377929688 17.46958160400390625 17.52801513671875 17.518785476684570313 17.418127059936523438 17.203327178955078125 16.9306182861328125 16.9001922607421875 16.853366851806640625 16.503149032592773438 16.3451080322265625 16.364435195922851563 16.402557373046875 16.533704757690429688 16.7617340087890625 16.988832473754882813
17.577089309692382813 17.5817413330078125 17.587766647338867188 17.592485427856445313 17.594989776611328125 17.600711822509765625 17.611158370971679688 17.628221511840820313 17.634099960327148438 17.62870025634765625 17.618200302124023438 17.589433670043945313 17.515277862548828125 17.391223907470703125 17.332525253295898438 17.247402191162109375 16.92563629150390625 16.561780929565429688 16.482656478881835938 16.435655593872070313 16.527669906616210938 16.736621856689453125 17.064237594604492188 17.401947021484375 17.585338592529296875 17.602874755859375 17.588781356811523438 17.557455062866210938 17.457284927368164063 17.250734329223632813 16.973031997680664063 16.913400650024414063 16.933345794677734375 16.601673126220703125 16.440450668334960938 16.418375015258789063 16.41094970703125 16.468122482299804688 16.643972396850585938 16.90950775146484375
17.620477676391601563 17.60895538330078125 17.603414535522460938 17.6060028076171875 17.614820480346679688 17.623882293701171875 17.641832351684570313 17.659494400024414063 17.65643310546875 17.6439208984375 17.620962142944335938 17.560480117797851563 17.454235076904296875 17.341135025024414063 17.27339935302734375 17.119997024536132813 16.76975250244140625 16.45395660400390625 16.43729400634765625 16.562854766845703125 16.811199188232421875 17.136505126953125 17.446504592895507813 17.598222732543945313 17.593835830688476563 17.525415420532226563 17.474384307861328125 17.434930801391601563 17.345037460327148438 17.178705215454101563 16.963871002197265625 16.938146591186523438 17.010122299194335938 16.753833770751953125 16.603982925415039063 16.513515472412109375 16.457454681396484375 16.472272872924804688 16.7140045166015625 17.125448226928710938
