MapLinkProApp/griddata/temperature/ASCII/cmems_mod_glo_phy-thetao_anfc_0,083deg_P1D-m_1702458667101_15,8.asc
ncols        121
nrows        120
xllcorner    -30.041666666667
yllcorner    40.041666655981
cellsize     0.083333333333
NODATA_value  9.9692099683868690468e+36
[rows 18 to 35 of 120, columns 0 to 39 of 121]
13.995800018310546875 13.86629486083984375 13.720212936401367188 13.582583427429199219 13.580488204956054688 13.782887458801269531 13.96561431884765625 13.845677375793457031 13.478289604187011719 13.093961715698242188 12.818933486938476563 12.664628028869628906 12.606357574462890625 12.600630760192871094 12.609462738037109375 12.626857757568359375 12.63311767578125 12.604188919067382813 12.629985809326171875 12.746123313903808594 12.963720321655273438 13.169650077819824219 13.341410636901855469 13.375388145446777344 13.336501121520996094 13.284539222717285156 13.175989151000976563 13.173922538757324219 12.952341079711914063 12.521402359008789063 12.275266647338867188 12.261991500854492188 12.335587501525878906 12.409116744995117188 12.374614715576171875 12.25388336181640625 12.156929969787597656 12.09154510498046875 12.166818618774414063 12.36449432373046875
13.99721527099609375 13.831071853637695313 13.687109947204589844 13.613709449768066406 13.661362648010253906 13.849206924438476563 14.033847808837890625 13.995833396911621094 13.687808036804199219 13.287802696228027344 12.964570999145507813 12.753177642822265625 12.631626129150390625 12.590104103088378906 12.602482795715332031 12.604763031005859375 12.594181060791015625 12.681115150451660156 12.89415740966796875 13.145154953002929688 13.405270576477050781 13.594301223754882813 13.703764915466308594 13.654467582702636719 13.528200149536132813 13.432153701782226563 13.320958137512207031 13.221247673034667969 13.212136268615722656 12.9909210205078125 12.582006454467773438 12.287547111511230469 12.215525627136230469 12.267060279846191406 12.295724868774414063 12.257951736450195313 12.19208526611328125 12.124685287475585938 12.201173782348632813 12.395104408264160156
13.922060966491699219 13.757187843322753906 13.6717376708984375 13.682089805603027344 13.77889251708984375 13.944150924682617188 14.093329429626464844 14.059821128845214844 13.778981208801269531 13.379893302917480469 13.026469230651855469 12.779978752136230469 12.638250350952148438 12.5871734619140625 12.590200424194335938 12.631437301635742188 12.753015518188476563 12.998300552368164063 13.301201820373535156 13.585352897644042969 13.818723678588867188 13.955713272094726563 13.975443840026855469 13.841539382934570313 13.663935661315917969 13.529839515686035156 13.431062698364257813 13.320317268371582031 13.242067337036132813 13.185027122497558594 13.007067680358886719 12.718252182006835938 12.441281318664550781 12.282334327697753906 12.24382781982421875 12.225825309753417969 12.182198524475097656 12.152384757995605469 12.240143775939941406 12.396836280822753906
13.791480064392089844 13.734302520751953125 13.783276557922363281 13.876157760620117188 13.983102798461914063 14.087901115417480469 14.150031089782714844 14.076555252075195313 13.781129837036132813 13.361800193786621094 12.979199409484863281 12.71413421630859375 12.601059913635253906 12.614415168762207031 12.667566299438476563 12.769225120544433594 13.044850349426269531 13.45755767822265625 13.801590919494628906 14.043979644775390625 14.196377754211425781 14.243444442749023438 14.154815673828125 13.983187675476074219 13.769641876220703125 13.646615028381347656 13.559267044067382813 13.478046417236328125 13.356319427490234375 13.224111557006835938 13.128137588500976563 13.0185394287109375 12.825930595397949219 12.565271377563476563 12.362794876098632813 12.2568359375 12.188251495361328125 12.188445091247558594 12.273084640502929688 12.357335090637207031
13.836152076721191406 13.899476051330566406 13.99114227294921875 14.062170028686523438 14.117015838623046875 14.161820411682128906 14.166041374206542969 14.0211334228515625 13.670607566833496094 13.233443260192871094 12.8584442138671875 12.648295402526855469 12.610844612121582031 12.635303497314453125 12.711562156677246094 12.984683990478515625 13.467999458312988281 13.850970268249511719 14.094287872314453125 14.228792190551757813 14.310860633850097656 14.320180892944335938 14.213833808898925781 14.045935630798339844 13.830103874206542969 13.715785026550292969 13.65074920654296875 13.594168663024902344 13.521714210510253906 13.384265899658203125 13.227963447570800781 13.082768440246582031 12.932339668273925781 12.753577232360839844 12.531717300415039063 12.359112739562988281 12.248213768005371094 12.2256622314453125 12.282179832458496094 12.328339576721191406
14.041710853576660156 14.081423759460449219 14.095356941223144531 14.104706764221191406 14.138417243957519531 14.170277595520019531 14.109689712524414063 13.90348052978515625 13.519825935363769531 13.0714569091796875 12.739537239074707031 12.611285209655761719 12.631387710571289063 12.758077621459960938 13.118993759155273438 13.634371757507324219 13.988558769226074219 14.186071395874023438 14.303145408630371094 14.360881805419921875 14.411413192749023438 14.424014091491699219 14.360445976257324219 14.195791244506835938 13.952826499938964844 13.763006210327148438 13.698781967163085938 13.655755996704101563 13.632000923156738281 13.570558547973632813 13.460555076599121094 13.347937583923339844 13.083700180053710938 12.830309867858886719 12.648191452026367188 12.487165451049804688 12.352452278137207031 12.280211448669433594 12.275249481201171875 12.291376113891601563
14.117460250854492188 14.097548484802246094 14.067708015441894531 14.041879653930664063 14.064576148986816406 14.138902664184570313 14.095614433288574219 13.832840919494628906 13.413451194763183594 12.987920761108398438 12.74332427978515625 12.718675613403320313 12.861684799194335938 13.271150588989257813 13.830845832824707031 14.130426406860351563 14.27892303466796875 14.357285499572753906 14.381762504577636719 14.390362739562988281 14.415160179138183594 14.427385330200195313 14.420462608337402344 14.336701393127441406 14.108855247497558594 13.848225593566894531 13.730665206909179688 13.689707756042480469 13.672616958618164063 13.692013740539550781 13.644286155700683594 13.608574867248535156 13.450474739074707031 13.060644149780273438 12.7116851806640625 12.516606330871582031 12.396679878234863281 12.3072052001953125 12.25556182861328125 12.253050804138183594
14.063401222229003906 14.025486946105957031 13.992246627807617188 13.970035552978515625 13.98355865478515625 14.06081390380859375 14.078858375549316406 13.874161720275878906 13.485699653625488281 13.133026123046875 12.981279373168945313 13.117419242858886719 13.549759864807128906 14.022297859191894531 14.254755973815917969 14.336534500122070313 14.369878768920898438 14.388474464416503906 14.408298492431640625 14.437408447265625 14.457848548889160156 14.441789627075195313 14.404355049133300781 14.383511543273925781 14.194985389709472656 13.921191215515136719 13.773224830627441406 13.739591598510742188 13.752841949462890625 13.809467315673828125 13.827619552612304688 13.78765106201171875 13.781968116760253906 13.578279495239257813 13.109320640563964844 12.700425148010253906 12.460142135620117188 12.340605735778808594 12.269914627075195313 12.245924949645996094
13.882877349853515625 13.874230384826660156 13.935238838195800781 14.025931358337402344 14.070748329162597656 14.087920188903808594 14.086800575256347656 13.933077812194824219 13.626598358154296875 13.390614509582519531 13.490706443786621094 13.902570724487304688 14.254354476928710938 14.35915374755859375 14.363385200500488281 14.366957664489746094 14.418651580810546875 14.497496604919433594 14.577157020568847656 14.64493560791015625 14.665205955505371094 14.624795913696289063 14.526762008666992188 14.481466293334960938 14.268561363220214844 13.999970436096191406 13.841254234313964844 13.813084602355957031 13.836131095886230469 13.8317718505859375 13.822162628173828125 13.779020309448242188 13.800500869750976563 13.823233604431152344 13.539696693420410156 13.054620742797851563 12.653167724609375 12.432135581970214844 12.304324150085449219 12.275463104248046875
13.637675285339355469 13.693635940551757813 13.815897941589355469 13.886280059814453125 13.905653953552246094 13.908422470092773438 13.848634719848632813 13.718111991882324219 13.599051475524902344 13.722673416137695313 14.038299560546875 14.251024246215820313 14.331776618957519531 14.312219619750976563 14.336310386657714844 14.411762237548828125 14.513020515441894531 14.627095222473144531 14.733727455139160156 14.825781822204589844 14.859317779541015625 14.823834419250488281 14.732387542724609375 14.619951248168945313 14.443777084350585938 14.116763114929199219 13.946192741394042969 13.8905792236328125 13.861480712890625 13.741733551025390625 13.6961517333984375 13.719908714294433594 13.759104728698730469 13.8426971435546875 13.723880767822265625 13.337108612060546875 12.875185966491699219 12.591220855712890625 12.410580635070800781 12.384002685546875
13.518985748291015625 13.609346389770507813 13.697826385498046875 13.748727798461914063 13.785968780517578125 13.837322235107421875 13.906718254089355469 13.988691329956054688 14.094523429870605469 14.231493949890136719 14.319574356079101563 14.312342643737792969 14.295764923095703125 14.294782638549804688 14.323900222778320313 14.382907867431640625 14.492867469787597656 14.624733924865722656 14.763581275939941406 14.86981201171875 14.912777900695800781 14.888180732727050781 14.823034286499023438 14.731669425964355469 14.601144790649414063 14.341505050659179688 14.119048118591308594 14.023784637451171875 13.911248207092285156 13.709928512573242188 13.628749847412109375 13.808106422424316406 13.889171600341796875 13.938275337219238281 13.88022613525390625 13.612420082092285156 13.1841583251953125 12.859455108642578125 12.62192535400390625 12.616948127746582031
13.719029426574707031 13.854642868041992188 13.944561958312988281 14.010708808898925781 14.061902046203613281 14.119077682495117188 14.181200981140136719 14.245577812194824219 14.301799774169921875 14.315450668334960938 14.275279998779296875 14.218991279602050781 14.191412925720214844 14.20203399658203125 14.240772247314453125 14.318316459655761719 14.415975570678710938 14.527758598327636719 14.660776138305664063 14.7840118408203125 14.857832908630371094 14.845579147338867188 14.780797004699707031 14.705571174621582031 14.61272430419921875 14.478245735168457031 14.274051666259765625 14.169027328491210938 14.004535675048828125 13.752119064331054688 13.647023200988769531 13.858365058898925781 14.071673393249511719 14.093495368957519531 14.021441459655761719 13.767609596252441406 13.3842315673828125 13.048799514770507813 12.847071647644042969 12.835584640502929688
13.955888748168945313 14.02144622802734375 14.053952217102050781 14.086167335510253906 14.126249313354492188 14.1798095703125 14.24086761474609375 14.270668983459472656 14.241570472717285156 14.168557167053222656 14.089599609375 14.040213584899902344 14.027406692504882813 14.0474853515625 14.117483139038085938 14.236268997192382813 14.349730491638183594 14.440545082092285156 14.528705596923828125 14.639966011047363281 14.745265007019042969 14.798305511474609375 14.771019935607910156 14.69582366943359375 14.586313247680664063 14.482256889343261719 14.365887641906738281 14.287577629089355469 14.138820648193359375 13.837266921997070313 13.674523353576660156 13.781079292297363281 14.039828300476074219 14.115769386291503906 14.0499114990234375 13.808145523071289063 13.472509384155273438 13.179594993591308594 13.031341552734375 12.9694976806640625
14.034501075744628906 14.000033378601074219 13.965640068054199219 13.959572792053222656 13.984385490417480469 14.026453018188476563 14.0299072265625 13.971405029296875 13.880313873291015625 13.798405647277832031 13.751629829406738281 13.734447479248046875 13.75046539306640625 13.810731887817382813 13.922751426696777344 14.071045875549316406 14.225862503051757813 14.3325958251953125 14.390123367309570313 14.446070671081542969 14.544729232788085938 14.653094291687011719 14.719659805297851563 14.716495513916015625 14.651438713073730469 14.538924217224121094 14.427306175231933594 14.333505630493164063 14.209595680236816406 13.94858551025390625 13.727674484252929688 13.680441856384277344 13.755345344543457031 13.838558197021484375 13.786334991455078125 13.622213363647460938 13.387422561645507813 13.206628799438476563 13.173131942749023438 13.133671760559082031
13.974046707153320313 13.886138916015625 13.819208145141601563 13.7893218994140625 13.79473876953125 13.783339500427246094 13.725163459777832031 13.643327713012695313 13.574919700622558594 13.538491249084472656 13.526897430419921875 13.533646583557128906 13.562196731567382813 13.621013641357421875 13.724233627319335938 13.876279830932617188 14.061596870422363281 14.226367950439453125 14.316730499267578125 14.349663734436035156 14.390738487243652344 14.478128433227539063 14.584336280822753906 14.661450386047363281 14.677683830261230469 14.627043724060058594 14.521416664123535156 14.409470558166503906 14.268316268920898438 14.051966667175292969 13.824754714965820313 13.68665313720703125 13.63958740234375 13.634410858154296875 13.590372085571289063 13.50167083740234375 13.393522262573242188 13.310547828674316406 13.367409706115722656 13.387029647827148438
13.862216949462890625 13.760851860046386719 13.697678565979003906 13.672081947326660156 13.653188705444335938 13.615049362182617188 13.557893753051757813 13.507472991943359375 13.487732887268066406 13.491115570068359375 13.49726104736328125 13.50312042236328125 13.506262779235839844 13.512607574462890625 13.540227890014648438 13.607913970947265625 13.738247871398925781 13.9215545654296875 14.108835220336914063 14.238259315490722656 14.3009033203125 14.345564842224121094 14.409679412841796875 14.493321418762207031 14.5791778564453125 14.633418083190917969 14.623288154602050781 14.566000938415527344 14.493020057678222656 14.381200790405273438 14.209692001342773438 14.036822319030761719 13.914770126342773438 13.839064598083496094 13.758722305297851563 13.666190147399902344 13.634374618530273438 13.617046356201171875 13.691059112548828125 13.689972877502441406
13.807634353637695313 13.727307319641113281 13.67188262939453125 13.642154693603515625 13.613751411437988281 13.581655502319335938 13.55454254150390625 13.539223670959472656 13.537478446960449219 13.538071632385253906 13.540396690368652344 13.551970481872558594 13.553119659423828125 13.544318199157714844 13.530114173889160156 13.524110794067382813 13.552103042602539063 13.63640594482421875 13.786434173583984375 13.972012519836425781 14.142220497131347656 14.267388343811035156 14.357287406921386719 14.415279388427734375 14.457410812377929688 14.529771804809570313 14.609080314636230469 14.616729736328125 14.586150169372558594 14.56219482421875 14.532898902893066406 14.454484939575195313 14.361644744873046875 14.263124465942382813 14.158186912536621094 14.063454627990722656 14.010524749755859375 13.979556083679199219 14.013922691345214844 13.965748786926269531
13.788732528686523438 13.728960990905761719 13.700489044189453125 13.678252220153808594 13.648133277893066406 13.6185455322265625 13.596875190734863281 13.585638046264648438 13.584359169006347656 13.591121673583984375 13.600716590881347656 13.608908653259277344 13.613743782043457031 13.610835075378417969 13.59710693359375 13.5719757080078125 13.545691490173339844 13.548685073852539063 13.598008155822753906 13.69170379638671875 13.822871208190917969 13.986975669860839844 14.172336578369140625 14.343953132629394531 14.437716484069824219 14.440360069274902344 14.460113525390625 14.536856651306152344 14.577355384826660156 14.567633628845214844 14.564556121826171875 14.573721885681152344 14.571813583374023438 14.547957420349121094 14.509490966796875 14.450017929077148438 14.362535476684570313 14.27291107177734375 14.186452865600585938 14.030923843383789063
