MapLinkProApp/griddata/temperature/ASCII/cmems_mod_glo_phy-thetao_anfc_0,083deg_P1D-m_1702458667101_902,3.asc
ncols        121
nrows        120
xllcorner    -30.041666666667
yllcorner    40.041666655981
cellsize     0.083333333333
NODATA_value  9.9692099683868690468e+36
[rows 0 to 17 of 120, columns 0 to 39 of 121]
4.5442256927490234375 4.646152496337890625 4.6438937187194824219 4.6258788108825683594 4.644084930419921875 4.6782984733581542969 4.7407536506652832031 4.8128342628479003906 4.8816957473754882813 4.9196338653564453125 4.9439172744750976563 4.9582371711730957031 4.9792027473449707031 5.0036978721618652344 5.017559051513671875 5.018146514892578125 5.0132718086242675781 5.01186370849609375 5.01806640625 5.0128245353698730469 4.962940216064453125 4.9070110321044921875 4.8489065170288085938 4.8019833564758300781 4.7627396583557128906 4.6515517234802246094 4.5369272232055664063 4.4830241203308105469 4.4923143386840820313 4.5065107345581054688 4.4993443489074707031 4.5052380561828613281 4.4872226715087890625 4.4456729888916015625 4.3755545616149902344 4.3391833305358886719 4.3484654426574707031 4.401454925537109375 4.4797062873840332031 4.5603508949279785156
4.572208404541015625 4.6545996665954589844 4.594570159912109375 4.5931830406188964844 4.6057405471801757813 4.6647734642028808594 4.7212519645690917969 4.7839560508728027344 4.8567986488342285156 4.9243159294128417969 4.9723768234252929688 4.9954986572265625 5.0101456642150878906 5.0089006423950195313 5.0129332542419433594 5.0344038009643554688 5.050571441650390625 5.0607657432556152344 5.1000952720642089844 5.1565341949462890625 5.14490509033203125 5.0504994392395019531 4.9687466621398925781 4.8825078010559082031 4.83148956298828125 4.7855715751647949219 4.6734566688537597656 4.5505976676940917969 4.5095691680908203125 4.5224065780639648438 4.5479211807250976563 4.5723853111267089844 4.5278377532958984375 4.4393200874328613281 4.3610973358154296875 4.3354916572570800781 4.3716640472412109375 4.4579186439514160156 4.545383453369140625 4.6334681510925292969
4.6050744056701660156 4.6420459747314453125 4.6172952651977539063 4.5953512191772460938 4.5906805992126464844 4.6129655838012695313 4.6777863502502441406 4.7410988807678222656 4.80915069580078125 4.8740825653076171875 4.9126563072204589844 4.9312481880187988281 4.9499411582946777344 4.9655065536499023438 4.9745044708251953125 4.9924106597900390625 5.0234584808349609375 5.0653905868530273438 5.1389408111572265625 5.2223658561706542969 5.2156119346618652344 5.1337223052978515625 5.0660762786865234375 5.0173921585083007813 4.9515109062194824219 4.8999075889587402344 4.847560882568359375 4.7496390342712402344 4.6740427017211914063 4.634166717529296875 4.6482796669006347656 4.6360769271850585938 4.539615631103515625 4.4369111061096191406 4.4251828193664550781 4.452037811279296875 4.4833579063415527344 4.5542187690734863281 4.65174102783203125 4.7134070396423339844
4.6878190040588378906 4.6852955818176269531 4.6188607215881347656 4.5655984878540039063 4.568878173828125 4.6144433021545410156 4.6843309402465820313 4.7617363929748535156 4.8364481925964355469 4.8767981529235839844 4.8825554847717285156 4.8759083747863769531 4.8661732673645019531 4.878696441650390625 4.902118682861328125 4.93874359130859375 5.010955810546875 5.1096358299255371094 5.2024974822998046875 5.2257785797119140625 5.1706743240356445313 5.1515955924987792969 5.1799411773681640625 5.1554107666015625 5.0850195884704589844 5.01080322265625 4.9542741775512695313 4.8902435302734375 4.8168840408325195313 4.7569684982299804688 4.7387971878051757813 4.6565275192260742188 4.5311923027038574219 4.4696192741394042969 4.4841036796569824219 4.4968786239624023438 4.5557904243469238281 4.6451630592346191406 4.7048635482788085938 4.6933774948120117188
4.7273006439208984375 4.6669774055480957031 4.5729627609252929688 4.5147948265075683594 4.546375274658203125 4.6418704986572265625 4.7640414237976074219 4.8522291183471679688 4.8902764320373535156 4.8983664512634277344 4.9102473258972167969 4.8951206207275390625 4.868434906005859375 4.8482346534729003906 4.8571834564208984375 4.9136338233947753906 5.003398895263671875 5.1003470420837402344 5.16245269775390625 5.1557049751281738281 5.2019104957580566406 5.2837877273559570313 5.3446335792541503906 5.3501696586608886719 5.2801003456115722656 5.1778941154479980469 5.1079726219177246094 5.0389690399169921875 4.9489812850952148438 4.8599839210510253906 4.7463254928588867188 4.6201620101928710938 4.5309295654296875 4.5177340507507324219 4.5540819168090820313 4.595306396484375 4.6719527244567871094 4.7195105552673339844 4.686992645263671875 4.6293158531188964844
4.6117944717407226563 4.5370287895202636719 4.508411407470703125 4.5087151527404785156 4.5385618209838867188 4.6637163162231445313 4.8183116912841796875 4.8748865127563476563 4.8844766616821289063 4.9150357246398925781 4.9163885116577148438 4.8968172073364257813 4.8844289779663085938 4.8739199638366699219 4.8779306411743164063 4.9194893836975097656 4.9787220954895019531 5.018951416015625 5.0522999763488769531 5.1220698356628417969 5.2177309989929199219 5.2928218841552734375 5.3804941177368164063 5.4200615882873535156 5.3833460807800292969 5.2823634147644042969 5.206523895263671875 5.1178226470947265625 4.9950947761535644531 4.8489093780517578125 4.7208795547485351563 4.6436276435852050781 4.5900492668151855469 4.57321929931640625 4.6026711463928222656 4.6653842926025390625 4.7160797119140625 4.6839475631713867188 4.6303439140319824219 4.6117010116577148438
4.4901003837585449219 4.4999804496765136719 4.5515756607055664063 4.5546221733093261719 4.5453295707702636719 4.6346278190612792969 4.7901716232299804688 4.8803782463073730469 4.9014806747436523438 4.9172201156616210938 4.8947095870971679688 4.8764667510986328125 4.8805480003356933594 4.8762907981872558594 4.8754734992980957031 4.903728485107421875 4.9422488212585449219 4.9867482185363769531 5.0654616355895996094 5.152210235595703125 5.2173700332641601563 5.2651081085205078125 5.3028664588928222656 5.3420200347900390625 5.3634128570556640625 5.2986574172973632813 5.2219805717468261719 5.1149148941040039063 4.9762530326843261719 4.8392920494079589844 4.746143341064453125 4.6746935844421386719 4.6225171089172363281 4.6016345024108886719 4.60968780517578125 4.6522831916809082031 4.6340470314025878906 4.5710806846618652344 4.5475287437438964844 4.555789947509765625
4.4766564369201660156 4.5329732894897460938 4.5930294990539550781 4.6054677963256835938 4.5951161384582519531 4.5901784896850585938 4.6797542572021484375 4.7904849052429199219 4.8342843055725097656 4.8838582038879394531 4.8802990913391113281 4.8468475341796875 4.8447928428649902344 4.8576250076293945313 4.8694176673889160156 4.8843593597412109375 4.8985505104064941406 4.9340453147888183594 5.0001378059387207031 5.0824031829833984375 5.1442480087280273438 5.2063813209533691406 5.2102108001708984375 5.2157530784606933594 5.2422556877136230469 5.2241883277893066406 5.1699361801147460938 5.0882058143615722656 4.9708166122436523438 4.8571763038635253906 4.7237577438354492188 4.606121063232421875 4.5564713478088378906 4.5465021133422851563 4.5466566085815429688 4.5434846878051757813 4.5082607269287109375 4.4838805198669433594 4.4918193817138671875 4.5262241363525390625
4.4554734230041503906 4.5200567245483398438 4.5806441307067871094 4.595417022705078125 4.6133432388305664063 4.5880489349365234375 4.6229305267333984375 4.7047853469848632813 4.7705540657043457031 4.8258728981018066406 4.8162302970886230469 4.7877321243286132813 4.7920765876770019531 4.8024244308471679688 4.8054995536804199219 4.8233165740966796875 4.8468542098999023438 4.875980377197265625 4.9459991455078125 5.0037755966186523438 5.0414566993713378906 5.1137604713439941406 5.1466574668884277344 5.15777587890625 5.1381101608276367188 5.1066851615905761719 5.0730133056640625 5.0550980567932128906 4.989162445068359375 4.8805227279663085938 4.7233242988586425781 4.5638346672058105469 4.4751381874084472656 4.4369020462036132813 4.4088382720947265625 4.4120607376098632813 4.4296422004699707031 4.4447584152221679688 4.4730653762817382813 4.5126500129699707031
4.4881114959716796875 4.5419163703918457031 4.6068692207336425781 4.6318364143371582031 4.6067752838134765625 4.5891757011413574219 4.5922236442565917969 4.6448855400085449219 4.7230482101440429688 4.7878026962280273438 4.7660918235778808594 4.7273192405700683594 4.7314734458923339844 4.7336935997009277344 4.7180585861206054688 4.7285456657409667969 4.7803282737731933594 4.8543605804443359375 4.9142427444458007813 4.9669098854064941406 4.9917740821838378906 5.0322089195251464844 5.0936312675476074219 5.0943365097045898438 5.0645251274108886719 5.0353083610534667969 4.9975190162658691406 4.9803409576416015625 4.9588260650634765625 4.9097285270690917969 4.7879872322082519531 4.5916180610656738281 4.4092569351196289063 4.3278355598449707031 4.2980365753173828125 4.2983522415161132813 4.3106932640075683594 4.3290414810180664063 4.3939223289489746094 4.4817323684692382813
4.6384344100952148438 4.6212987899780273438 4.6290707588195800781 4.6716098785400390625 4.6459746360778808594 4.6279263496398925781 4.6175899505615234375 4.6140384674072265625 4.6837801933288574219 4.7573995590209960938 4.744564056396484375 4.7062168121337890625 4.701930999755859375 4.6787080764770507813 4.6504530906677246094 4.6734814643859863281 4.7148623466491699219 4.7620959281921386719 4.7742261886596679688 4.8249921798706054688 4.8952260017395019531 4.9666352272033691406 5.0749793052673339844 5.1068682670593261719 5.0995688438415527344 5.0484156608581542969 4.9985036849975585938 4.9457116127014160156 4.9164214134216308594 4.8704543113708496094 4.7705135345458984375 4.5931410789489746094 4.3793191909790039063 4.2394270896911621094 4.2169833183288574219 4.2488646507263183594 4.2775616645812988281 4.28600311279296875 4.3303265571594238281 4.4264554977416992188
4.8163485527038574219 4.7845458984375 4.7136483192443847656 4.6843400001525878906 4.699024200439453125 4.6711568832397460938 4.6332454681396484375 4.6128420829772949219 4.6456303596496582031 4.7207474708557128906 4.7292418479919433594 4.689403533935546875 4.6754045486450195313 4.6278591156005859375 4.5351619720458984375 4.5217485427856445313 4.5715918540954589844 4.5553736686706542969 4.5231509208679199219 4.5721077919006347656 4.6610918045043945313 4.8335933685302734375 5.0669107437133789063 5.1415934562683105469 5.1326451301574707031 5.0665230751037597656 5.0773706436157226563 5.0223178863525390625 4.9156847000122070313 4.8168311119079589844 4.724338531494140625 4.5673990249633789063 4.3901791572570800781 4.2149267196655273438 4.1155042648315429688 4.1404519081115722656 4.2018384933471679688 4.2417244911193847656 4.2476339340209960938 4.2726912498474121094
4.8880553245544433594 4.8845610618591308594 4.826572418212890625 4.7553467750549316406 4.7623867988586425781 4.7229056358337402344 4.6866707801818847656 4.6508393287658691406 4.6488022804260253906 4.6994600296020507813 4.7163052558898925781 4.6611227989196777344 4.6368556022644042969 4.5966320037841796875 4.4730625152587890625 4.4034128189086914063 4.4101338386535644531 4.3780608177185058594 4.3371105194091796875 4.3735775947570800781 4.4225139617919921875 4.5821108818054199219 4.8556385040283203125 5.0406413078308105469 5.0933942794799804688 5.0525465011596679688 5.01668548583984375 5.0431485176086425781 4.9517164230346679688 4.7964501380920410156 4.6927938461303710938 4.5399098396301269531 4.3796296119689941406 4.2142214775085449219 4.0701436996459960938 4.0325331687927246094 4.0818371772766113281 4.1385445594787597656 4.1646208763122558594 4.1767220497131347656
5.023471832275390625 4.9951229095458984375 4.9322543144226074219 4.848445892333984375 4.8264169692993164063 4.8089985847473144531 4.75687408447265625 4.7122445106506347656 4.7015204429626464844 4.7232770919799804688 4.6786284446716308594 4.6172494888305664063 4.6135091781616210938 4.5613641738891601563 4.43097686767578125 4.3567190170288085938 4.3415670394897460938 4.3318867683410644531 4.2965908050537109375 4.305667877197265625 4.3811092376708984375 4.5088868141174316406 4.6539130210876464844 4.7807297706604003906 4.8324785232543945313 4.9104700088500976563 4.8953423500061035156 4.9357366561889648438 4.9529700279235839844 4.7934508323669433594 4.6649990081787109375 4.5356297492980957031 4.3803162574768066406 4.2290334701538085938 4.1090321540832519531 4.0421972274780273438 4.04085540771484375 4.0696625709533691406 4.0870208740234375 4.0995898246765136719
5.1990895271301269531 5.1685352325439453125 5.0840606689453125 4.9567923545837402344 4.9300203323364257813 4.9417624473571777344 4.9073805809020996094 4.8640766143798828125 4.80786895751953125 4.7582311630249023438 4.7247495651245117188 4.7035589218139648438 4.6677336692810058594 4.5619401931762695313 4.4259309768676757813 4.37197113037109375 4.3639378547668457031 4.3414530754089355469 4.3452367782592773438 4.2951822280883789063 4.3331089019775390625 4.4153738021850585938 4.5746140480041503906 4.693996429443359375 4.7217545509338378906 4.7337679862976074219 4.738216400146484375 4.8366875648498535156 4.9221487045288085938 4.8380007743835449219 4.6399402618408203125 4.4769639968872070313 4.3292469978332519531 4.220794677734375 4.1315140724182128906 4.0906186103820800781 4.0827622413635253906 4.0974674224853515625 4.1686758995056152344 4.1993870735168457031
5.2972874641418457031 5.30271148681640625 5.2015881538391113281 5.0700306892395019531 5.0227193832397460938 4.9872508049011230469 4.9507975578308105469 4.9026656150817871094 4.8168544769287109375 4.7530064582824707031 4.7012562751770019531 4.6784238815307617188 4.64473724365234375 4.563243865966796875 4.4874300956726074219 4.4500918388366699219 4.4766230583190917969 4.4889569282531738281 4.4303727149963378906 4.361034393310546875 4.3905892372131347656 4.4130234718322753906 4.5244045257568359375 4.6415734291076660156 4.6671690940856933594 4.6256213188171386719 4.6207003593444824219 4.7199358940124511719 4.8638491630554199219 4.8276987075805664063 4.7051863670349121094 4.5036530494689941406 4.3466157913208007813 4.2618918418884277344 4.1986284255981445313 4.1723237037658691406 4.1506752967834472656 4.1549310684204101563 4.2340064048767089844 4.2983837127685546875
5.4005780220031738281 5.4219737052917480469 5.3371539115905761719 5.1979107856750488281 5.1386075019836425781 5.1086435317993164063 5.0767889022827148438 5.0549831390380859375 4.9320921897888183594 4.8171095848083496094 4.7918310165405273438 4.7462496757507324219 4.634124755859375 4.54331207275390625 4.4987988471984863281 4.4937033653259277344 4.5612883567810058594 4.5779104232788085938 4.5443892478942871094 4.5841126441955566406 4.5667104721069335938 4.4578943252563476563 4.4771132469177246094 4.6221103668212890625 4.6868953704833984375 4.6140279769897460938 4.62816619873046875 4.7337360382080078125 4.7722020149230957031 4.7177128791809082031 4.6905698776245117188 4.5852785110473632813 4.4725522994995117188 4.4029855728149414063 4.3454546928405761719 4.2852940559387207031 4.232814788818359375 4.2115530967712402344 4.2244954109191894531 4.2618618011474609375
5.4894976615905761719 5.50969696044921875 5.4097075462341308594 5.2599883079528808594 5.1799945831298828125 5.1519961357116699219 5.1762709617614746094 5.1677880287170410156 4.9951424598693847656 4.8548040390014648438 4.8603024482727050781 4.8690004348754882813 4.7802286148071289063 4.6416273117065429688 4.5301690101623535156 4.5046601295471191406 4.5636582374572753906 4.6176953315734863281 4.7331323623657226563 4.9063391685485839844 4.9046459197998046875 4.8437290191650390625 4.8263115882873535156 4.75180816650390625 4.7342705726623535156 4.740978240966796875 4.6766405105590820313 4.7965798377990722656 4.7869858741760253906 4.7051863670349121094 4.6829257011413574219 4.6190471649169921875 4.5311055183410644531 4.4349093437194824219 4.3278870582580566406 4.2054867744445800781 4.1350650787353515625 4.1614046096801757813 4.1951413154602050781 4.2110323905944824219
