MapLinkProApp/griddata/temperature/ASCII/cmems_mod_glo_phy-thetao_anfc_0,083deg_P1D-m_1702458667101_2,6.asc
ncols        121
nrows        120
xllcorner    -30.041666666667
yllcorner    40.041666655981
cellsize     0.083333333333
NODATA_value  9.9692099683868690468e+36
[rows 0 to 17 of 120, columns 0 to 39 of 121]
12.564375877380371094 12.547510147094726563 12.532494544982910156 12.58400726318359375 12.648031234741210938 12.631066322326660156 12.580293655395507813 12.544064521789550781 12.563210487365722656 12.640608787536621094 12.704707145690917969 12.739168167114257813 12.7545013427734375 12.746385574340820313 12.722386360168457031 12.6852874755859375 12.622018814086914063 12.536953926086425781 12.455160140991210938 12.382326126098632813 12.3104705810546875 12.23040771484375 12.132412910461425781 11.995551109313964844 11.808778762817382813 11.567537307739257813 11.3250732421875 11.111441612243652344 10.970026016235351563 10.856570243835449219 10.751879692077636719 10.649950027465820313 10.611399650573730469 10.657079696655273438 10.895253181457519531 11.067317008972167969 11.247476577758789063 11.532703399658203125 11.827130317687988281 12.037706375122070313
12.533745765686035156 12.522309303283691406 12.506299972534179688 12.566921234130859375 12.638916969299316406 12.619768142700195313 12.566258430480957031 12.523031234741210938 12.539713859558105469 12.621811866760253906 12.691815376281738281 12.715020179748535156 12.714440345764160156 12.70241546630859375 12.686079025268554688 12.673094749450683594 12.659722328186035156 12.637093544006347656 12.606049537658691406 12.571852684020996094 12.532809257507324219 12.485894203186035156 12.425045013427734375 12.336464881896972656 12.204737663269042969 12.025053977966308594 11.787796974182128906 11.530770301818847656 11.279610633850097656 11.086813926696777344 10.929297447204589844 10.804262161254882813 10.726172447204589844 10.783408164978027344 10.95428466796875 11.129732131958007813 11.407778739929199219 11.727750778198242188 11.981866836547851563 12.088023185729980469
12.449926376342773438 12.451738357543945313 12.491587638854980469 12.581851005554199219 12.629594802856445313 12.587650299072265625 12.538865089416503906 12.494559288024902344 12.498223304748535156 12.566838264465332031 12.628535270690917969 12.640827178955078125 12.628203392028808594 12.612933158874511719 12.598336219787597656 12.585004806518554688 12.573984146118164063 12.565339088439941406 12.560755729675292969 12.560338973999023438 12.559942245483398438 12.555273056030273438 12.545529365539550781 12.525435447692871094 12.471828460693359375 12.367069244384765625 12.221184730529785156 12.034135818481445313 11.770685195922851563 11.52341461181640625 11.286931991577148438 11.101737022399902344 10.957181930541992188 10.975291252136230469 11.080872535705566406 11.341138839721679688 11.670983314514160156 11.933713912963867188 12.049159049987792969 12.032611846923828125
12.409719467163085938 12.450290679931640625 12.529912948608398438 12.602244377136230469 12.600277900695800781 12.544192314147949219 12.504290580749511719 12.463314056396484375 12.463635444641113281 12.510117530822753906 12.551662445068359375 12.555879592895507813 12.537037849426269531 12.522267341613769531 12.517861366271972656 12.514127731323242188 12.504134178161621094 12.490976333618164063 12.48564910888671875 12.494764328002929688 12.506649971008300781 12.520895957946777344 12.536833763122558594 12.546250343322753906 12.543530464172363281 12.492621421813964844 12.401823043823242188 12.265229225158691406 12.039154052734375 11.777073860168457031 11.505743980407714844 11.255916595458984375 11.100098609924316406 11.092158317565917969 11.253587722778320313 11.555082321166992188 11.832227706909179688 12.012402534484863281 12.006908416748046875 11.982485771179199219
12.459503173828125 12.503938674926757813 12.540065765380859375 12.569643974304199219 12.529492378234863281 12.490532875061035156 12.474562644958496094 12.431652069091796875 12.425055503845214844 12.448849678039550781 12.464980125427246094 12.459825515747070313 12.439885139465332031 12.422637939453125 12.420292854309082031 12.4278564453125 12.438212394714355469 12.451348304748535156 12.46489715576171875 12.479165077209472656 12.487944602966308594 12.496744155883789063 12.510447502136230469 12.529103279113769531 12.539095878601074219 12.532177925109863281 12.491003990173339844 12.390932083129882813 12.205132484436035156 11.931245803833007813 11.63359832763671875 11.360671043395996094 11.250370025634765625 11.304553985595703125 11.53409576416015625 11.772932052612304688 11.9495391845703125 12.006848335266113281 11.916307449340820313 11.902410507202148438
12.425685882568359375 12.461617469787597656 12.464342117309570313 12.493899345397949219 12.472787857055664063 12.469140052795410156 12.458882331848144531 12.412981986999511719 12.395888328552246094 12.401063919067382813 12.398958206176757813 12.388673782348632813 12.384266853332519531 12.387864112854003906 12.396487236022949219 12.410427093505859375 12.429207801818847656 12.449601173400878906 12.468591690063476563 12.486987113952636719 12.504343032836914063 12.516776084899902344 12.519513130187988281 12.525836944580078125 12.528992652893066406 12.52605438232421875 12.504697799682617188 12.416247367858886719 12.251018524169921875 11.970208168029785156 11.668980598449707031 11.450504302978515625 11.431330680847167969 11.563906669616699219 11.769500732421875 11.926075935363769531 12.019614219665527344 11.948770523071289063 11.832416534423828125 11.836151123046875
12.569665908813476563 12.62749481201171875 12.558897018432617188 12.508493423461914063 12.475118637084960938 12.46733856201171875 12.460085868835449219 12.415334701538085938 12.393819808959960938 12.391748428344726563 12.382768630981445313 12.367104530334472656 12.361509323120117188 12.368495941162109375 12.380478858947753906 12.393246650695800781 12.4064788818359375 12.421629905700683594 12.440453529357910156 12.464764595031738281 12.493931770324707031 12.518957138061523438 12.529326438903808594 12.526749610900878906 12.514893531799316406 12.500756263732910156 12.478550910949707031 12.3945159912109375 12.222601890563964844 11.958998680114746094 11.731966972351074219 11.654990196228027344 11.717527389526367188 11.847983360290527344 11.948718070983886719 12.03519439697265625 12.023818016052246094 11.863849639892578125 11.780340194702148438 11.772100448608398438
13.157323837280273438 13.180018424987792969 13.037502288818359375 12.764316558837890625 12.565791130065917969 12.491183280944824219 12.476487159729003906 12.446136474609375 12.423055648803710938 12.413041114807128906 12.39471435546875 12.363211631774902344 12.346832275390625 12.355596542358398438 12.370260238647460938 12.3761749267578125 12.375874519348144531 12.377859115600585938 12.389692306518554688 12.413051605224609375 12.444037437438964844 12.484697341918945313 12.519044876098632813 12.524388313293457031 12.501669883728027344 12.463169097900390625 12.429352760314941406 12.367938041687011719 12.205714225769042969 12.009548187255859375 11.886487960815429688 11.895501136779785156 12.00171661376953125 12.132109642028808594 12.180729866027832031 12.118785858154296875 11.941911697387695313 11.804814338684082031 11.75919342041015625 11.731348991394042969
13.401759147644042969 13.396200180053710938 13.37703704833984375 13.101747512817382813 12.758542060852050781 12.565164566040039063 12.504948616027832031 12.485476493835449219 12.472751617431640625 12.46265411376953125 12.434330940246582031 12.386499404907226563 12.34822845458984375 12.344206809997558594 12.357972145080566406 12.360860824584960938 12.354132652282714844 12.349445343017578125 12.349083900451660156 12.356151580810546875 12.373514175415039063 12.411146163940429688 12.462778091430664063 12.501940727233886719 12.500995635986328125 12.448929786682128906 12.373997688293457031 12.309847831726074219 12.203515052795410156 12.057225227355957031 11.991373062133789063 12.030153274536132813 12.113820075988769531 12.143185615539550781 12.068143844604492188 11.940301895141601563 11.809991836547851563 11.732356071472167969 11.706417083740234375 11.692004203796386719
13.470551490783691406 13.453099250793457031 13.499217033386230469 13.484919548034667969 13.135287284851074219 12.777202606201171875 12.585789680480957031 12.52935028076171875 12.528174400329589844 12.530547142028808594 12.511303901672363281 12.457503318786621094 12.388448715209960938 12.3458404541015625 12.342782974243164063 12.352739334106445313 12.354987144470214844 12.354364395141601563 12.351920127868652344 12.343408584594726563 12.330148696899414063 12.325606346130371094 12.345127105712890625 12.399618148803710938 12.466256141662597656 12.479930877685546875 12.405389785766601563 12.287991523742675781 12.184203147888183594 12.090247154235839844 12.041365623474121094 12.061394691467285156 12.076358795166015625 12.027834892272949219 11.983712196350097656 12.112065315246582031 12.143017768859863281 12.072246551513671875 11.967977523803710938 11.858420372009277344
13.485938072204589844 13.531941413879394531 13.496539115905761719 13.603348731994628906 13.412029266357421875 12.995669364929199219 12.690008163452148438 12.563806533813476563 12.552575111389160156 12.570818901062011719 12.574214935302734375 12.535277366638183594 12.46033477783203125 12.393134117126464844 12.360088348388671875 12.358448982238769531 12.376416206359863281 12.389813423156738281 12.399377822875976563 12.395092010498046875 12.377682685852050781 12.348388671875 12.31404876708984375 12.307847976684570313 12.366047859191894531 12.452343940734863281 12.457286834716796875 12.365317344665527344 12.23711395263671875 12.128200531005859375 12.061906814575195313 12.0714111328125 12.093273162841796875 12.123064041137695313 12.330750465393066406 12.478672027587890625 12.494028091430664063 12.401720046997070313 12.212531089782714844 11.995401382446289063
13.362753868103027344 13.474307060241699219 13.504171371459960938 13.614482879638671875 13.628829002380371094 13.256528854370117188 12.851222038269042969 12.628157615661621094 12.573548316955566406 12.596184730529785156 12.627642631530761719 12.618089675903320313 12.5511474609375 12.469994544982910156 12.423734664916992188 12.417911529541015625 12.437062263488769531 12.464030265808105469 12.491925239562988281 12.509144783020019531 12.512307167053222656 12.49323272705078125 12.435147285461425781 12.348427772521972656 12.283282279968261719 12.328227996826171875 12.427659034729003906 12.418329238891601563 12.323587417602539063 12.193619728088378906 12.094694137573242188 12.081616401672363281 12.103060722351074219 12.191472053527832031 12.440610885620117188 12.536410331726074219 12.471346855163574219 12.309146881103515625 12.158404350280761719 12.093912124633789063
13.41101837158203125 13.381375312805175781 13.415461540222167969 13.527781486511230469 13.724522590637207031 13.50423431396484375 13.048175811767578125 12.720187187194824219 12.597658157348632813 12.60462188720703125 12.655737876892089844 12.666399002075195313 12.603033065795898438 12.518663406372070313 12.480706214904785156 12.48972320556640625 12.50604248046875 12.519253730773925781 12.544438362121582031 12.575631141662597656 12.615079879760742188 12.637714385986328125 12.610208511352539063 12.507950782775878906 12.344432830810546875 12.254122734069824219 12.331492424011230469 12.392994880676269531 12.331791877746582031 12.22118377685546875 12.115458488464355469 12.092005729675292969 12.122101783752441406 12.444299697875976563 12.559474945068359375 12.510966300964355469 12.401116371154785156 12.331274986267089844 12.340627670288085938 12.397464752197265625
13.460017204284667969 13.402323722839355469 13.3732757568359375 13.403301239013671875 13.659824371337890625 13.656782150268554688 13.259280204772949219 12.855395317077636719 12.643253326416015625 12.606912612915039063 12.660553932189941406 12.691948890686035156 12.641572952270507813 12.558282852172851563 12.512743949890136719 12.501923561096191406 12.50252532958984375 12.532373428344726563 12.588099479675292969 12.648456573486328125 12.712166786193847656 12.761301040649414063 12.779294967651367188 12.731806755065917969 12.56011962890625 12.326590538024902344 12.236721992492675781 12.326450347900390625 12.26140594482421875 12.1937408447265625 12.117896080017089844 12.111652374267578125 12.203171730041503906 12.504796028137207031 12.595417976379394531 12.529091835021972656 12.499670982360839844 12.504384994506835938 12.492506027221679688 12.456902503967285156
13.612069129943847656 13.536554336547851563 13.448494911193847656 13.382366180419921875 13.551754951477050781 13.737576484680175781 13.477751731872558594 13.033431053161621094 12.721454620361328125 12.61260223388671875 12.642193794250488281 12.692716598510742188 12.667025566101074219 12.578297615051269531 12.507463455200195313 12.488840103149414063 12.519426345825195313 12.586926460266113281 12.634735107421875 12.662235260009765625 12.698312759399414063 12.764896392822265625 12.851130485534667969 12.894190788269042969 12.856791496276855469 12.567570686340332031 12.263596534729003906 12.22519683837890625 12.236313819885253906 12.162966728210449219 12.140851974487304688 12.17823028564453125 12.375947952270507813 12.568683624267578125 12.645380020141601563 12.609424591064453125 12.536748886108398438 12.409387588500976563 12.253557205200195313 12.149217605590820313
13.732391357421875 13.655627250671386719 13.542100906372070313 13.422011375427246094 13.517469406127929688 13.757572174072265625 13.621832847595214844 13.192265510559082031 12.817735671997070313 12.634020805358886719 12.611602783203125 12.665656089782714844 12.677242279052734375 12.6056671142578125 12.525403976440429688 12.49761199951171875 12.527155876159667969 12.576017379760742188 12.5693359375 12.562093734741210938 12.587456703186035156 12.68479156494140625 12.787667274475097656 12.876703262329101563 12.951982498168945313 12.872870445251464844 12.505784988403320313 12.231906890869140625 12.258936882019042969 12.194976806640625 12.21617889404296875 12.304739952087402344 12.520810127258300781 12.65369415283203125 12.680777549743652344 12.597629547119140625 12.418096542358398438 12.22249603271484375 12.081632614135742188 12.086107254028320313
13.872144699096679688 13.775409698486328125 13.650195121765136719 13.496265411376953125 13.513291358947753906 13.761493682861328125 13.774839401245117188 13.427231788635253906 13.010098457336425781 12.729505538940429688 12.606044769287109375 12.605421066284179688 12.652505874633789063 12.653733253479003906 12.596843719482421875 12.552919387817382813 12.565694808959960938 12.59088897705078125 12.550500869750976563 12.527052879333496094 12.566510200500488281 12.718898773193359375 12.856136322021484375 12.963917732238769531 12.983098030090332031 13.000599861145019531 12.962627410888671875 12.51177978515625 12.241961479187011719 12.24951934814453125 12.283631324768066406 12.414477348327636719 12.570446014404296875 12.627420425415039063 12.545281410217285156 12.36197662353515625 12.182224273681640625 12.0634765625 12.063129425048828125 12.2020721435546875
13.94609832763671875 13.843264579772949219 13.702044486999511719 13.544859886169433594 13.528698921203613281 13.7582244873046875 13.874760627746582031 13.628127098083496094 13.212961196899414063 12.86458587646484375 12.65871429443359375 12.584827423095703125 12.606479644775390625 12.646366119384765625 12.635550498962402344 12.609525680541992188 12.623129844665527344 12.622502326965332031 12.566611289978027344 12.545135498046875 12.640931129455566406 12.813729286193847656 13.003811836242675781 13.079146385192871094 13.122884750366210938 13.049193382263183594 13.1010589599609375 12.919007301330566406 12.4438629150390625 12.246671676635742188 12.272377967834472656 12.3577728271484375 12.486803054809570313 12.546732902526855469 12.428600311279296875 12.231183052062988281 12.105639457702636719 12.047312736511230469 12.119986534118652344 12.320734977722167969
