MapLinkProApp/griddata/temperature/ASCII/cmems_mod_glo_phy-thetao_anfc_0,083deg_P1D-m_1702458667101_643,6.asc
ncols        121
nrows        120
xllcorner    -30.041666666667
yllcorner    40.041666655981
cellsize     0.083333333333
NODATA_value  9.9692099683868690468e+36
[rows 72 to 89 of 120, columns 80 to 119 of 121]
10.851702690124511719 10.705663681030273438 10.6932220458984375 10.761997222900390625 10.785457611083984375 10.675771713256835938 10.667507171630859375 10.687816619873046875 10.665719985961914063 10.658181190490722656 10.700585365295410156 10.792749404907226563 10.831057548522949219 10.862218856811523438 10.743472099304199219 10.627889633178710938 10.544674873352050781 10.474331855773925781 10.464583396911621094 10.465368270874023438 10.384396553039550781 10.347227096557617188 10.378729820251464844 10.508172035217285156 10.665350914001464844 10.892979621887207031 11.147160530090332031 11.115260124206542969 10.926333427429199219 10.755787849426269531 10.753755569458007813 10.985836029052734375 11.119740486145019531 11.088129997253417969 11.031763076782226563 10.987600326538085938 10.998102188110351563 10.986707687377929688 10.928452491760253906 10.907887458801269531
11.004160881042480469 10.840657234191894531 10.7767333984375 10.698149681091308594 10.634659767150878906 10.574622154235839844 10.541856765747070313 10.575687408447265625 10.616845130920410156 10.5988616943359375 10.581925392150878906 10.614579200744628906 10.637427330017089844 10.640170097351074219 10.550715446472167969 10.544165611267089844 10.528879165649414063 10.530851364135742188 10.518996238708496094 10.462365150451660156 10.344072341918945313 10.260336875915527344 10.307514190673828125 10.405306816101074219 10.498140335083007813 10.640096664428710938 10.833065986633300781 11.053865432739257813 11.170530319213867188 11.113780021667480469 11.125097274780273438 11.232480049133300781 11.18597412109375 11.114409446716308594 11.047756195068359375 10.966597557067871094 10.927102088928222656 10.897844314575195313 10.8781890869140625 10.879673957824707031
10.946208953857421875 10.939612388610839844 10.857943534851074219 10.696106910705566406 10.576037406921386719 10.4783172607421875 10.47235870361328125 10.5532379150390625 10.674228668212890625 10.673145294189453125 10.579352378845214844 10.539158821105957031 10.578738212585449219 10.553332328796386719 10.515703201293945313 10.533596992492675781 10.510969161987304688 10.520032882690429688 10.537508010864257813 10.475827217102050781 10.392833709716796875 10.360523223876953125 10.388345718383789063 10.485301017761230469 10.537158966064453125 10.580798149108886719 10.686718940734863281 10.801648139953613281 10.9504852294921875 11.044047355651855469 11.124548912048339844 11.174963951110839844 11.11067962646484375 11.111089706420898438 11.079243659973144531 10.946247100830078125 10.842955589294433594 10.806172370910644531 10.84133148193359375 10.878458976745605469
10.839606285095214844 10.829248428344726563 10.730996131896972656 10.570981025695800781 10.467841148376464844 10.405185699462890625 10.412516593933105469 10.556446075439453125 10.831610679626464844 10.905237197875976563 10.798329353332519531 10.697417259216308594 10.611783027648925781 10.599651336669921875 10.615160942077636719 10.593853950500488281 10.596829414367675781 10.571595191955566406 10.538349151611328125 10.508273124694824219 10.508493423461914063 10.525591850280761719 10.540210723876953125 10.564249038696289063 10.592165946960449219 10.617037773132324219 10.679863929748535156 10.775669097900390625 10.861742973327636719 10.944735527038574219 11.012342453002929688 11.080810546875 11.105988502502441406 11.095673561096191406 11.0151519775390625 10.900862693786621094 10.820581436157226563 10.789008140563964844 10.848705291748046875 10.886773109436035156
10.679890632629394531 10.654644966125488281 10.602321624755859375 10.480119705200195313 10.359181404113769531 10.287996292114257813 10.272975921630859375 10.428297996520996094 10.735921859741210938 10.943056106567382813 11.011876106262207031 11.047442436218261719 10.942553520202636719 10.847754478454589844 10.799560546875 10.760896682739257813 10.695721626281738281 10.645771980285644531 10.627933502197265625 10.644190788269042969 10.66802978515625 10.674641609191894531 10.632504463195800781 10.592836380004882813 10.581942558288574219 10.572722434997558594 10.623020172119140625 10.706692695617675781 10.787363052368164063 10.848316192626953125 10.891119956970214844 10.945554733276367188 10.940915107727050781 10.906479835510253906 10.85477447509765625 10.830774307250976563 10.834528923034667969 10.826313972473144531 10.846953392028808594 10.865935325622558594
10.575211524963378906 10.537524223327636719 10.461541175842285156 10.361660003662109375 10.258782386779785156 10.181540489196777344 10.222078323364257813 10.4511260986328125 10.663961410522460938 10.804749488830566406 10.990201950073242188 11.138559341430664063 11.176318168640136719 11.161622047424316406 11.110863685607910156 11.073993682861328125 11.028491973876953125 10.994112014770507813 10.96379852294921875 10.940846443176269531 10.930169105529785156 10.913534164428710938 10.849201202392578125 10.761028289794921875 10.705397605895996094 10.659093856811523438 10.645281791687011719 10.66342926025390625 10.697073936462402344 10.705165863037109375 10.709589958190917969 10.751114845275878906 10.785300254821777344 10.824670791625976563 10.847423553466796875 10.889048576354980469 10.890485763549804688 10.827829360961914063 10.835057258605957031 10.874415397644042969
10.501012802124023438 10.453472137451171875 10.387090682983398438 10.301276206970214844 10.229528427124023438 10.21868133544921875 10.300029754638671875 10.500621795654296875 10.706628799438476563 10.836606979370117188 10.990468978881835938 11.137106895446777344 11.212543487548828125 11.232754707336425781 11.210657119750976563 11.189494132995605469 11.159162521362304688 11.144459724426269531 11.142466545104980469 11.114527702331542969 11.100817680358886719 11.079985618591308594 11.045675277709960938 11.018495559692382813 10.982754707336425781 10.930097579956054688 10.8699188232421875 10.834813117980957031 10.829506874084472656 10.80693817138671875 10.818513870239257813 10.872797966003417969 10.893926620483398438 10.918774604797363281 10.937135696411132813 10.952809333801269531 10.911713600158691406 10.825555801391601563 10.862329483032226563 10.898571968078613281
10.415742874145507813 10.403325080871582031 10.366296768188476563 10.304624557495117188 10.277384757995605469 10.323781967163085938 10.473080635070800781 10.631264686584472656 10.768079757690429688 10.883581161499023438 11.012436866760253906 11.152636528015136719 11.203314781188964844 11.165913581848144531 11.117131233215332031 11.11803436279296875 11.095387458801269531 11.080135345458984375 11.061780929565429688 11.046326637268066406 11.033118247985839844 11.036099433898925781 11.048901557922363281 11.064259529113769531 11.071932792663574219 11.061005592346191406 11.040790557861328125 11.03237152099609375 11.015741348266601563 11.002033233642578125 11.011318206787109375 11.006407737731933594 11.011379241943359375 11.024893760681152344 11.016482353210449219 10.993517875671386719 10.918255805969238281 10.828289985656738281 10.882824897766113281 10.910757064819335938
10.357945442199707031 10.357428550720214844 10.314073562622070313 10.308765411376953125 10.327139854431152344 10.393260955810546875 10.455941200256347656 10.540936470031738281 10.622981071472167969 10.749016761779785156 10.941180229187011719 11.069894790649414063 11.104688644409179688 11.070010185241699219 11.0194244384765625 10.980225563049316406 10.918354988098144531 10.882592201232910156 10.859574317932128906 10.848430633544921875 10.847097396850585938 10.870914459228515625 10.898473739624023438 10.934869766235351563 10.963162422180175781 10.984788894653320313 11.000169754028320313 11.014794349670410156 11.014346122741699219 11.010064125061035156 11.001665115356445313 11.001658439636230469 10.995306968688964844 10.982088088989257813 10.969740867614746094 10.9296112060546875 10.851514816284179688 10.808008193969726563 10.867959022521972656 10.940046310424804688
10.3444366455078125 10.316819190979003906 10.314072608947753906 10.284707069396972656 10.259940147399902344 10.241961479187011719 10.237641334533691406 10.310176849365234375 10.465441703796386719 10.544283866882324219 10.70360565185546875 10.845961570739746094 10.877778053283691406 10.843888282775878906 10.794375419616699219 10.715888023376464844 10.623197555541992188 10.558926582336425781 10.536706924438476563 10.547133445739746094 10.571742057800292969 10.607000350952148438 10.635781288146972656 10.67378997802734375 10.693699836730957031 10.728899002075195313 10.768160820007324219 10.804686546325683594 10.831986427307128906 10.845612525939941406 10.846390724182128906 10.853875160217285156 10.84380340576171875 10.8232879638671875 10.791185379028320313 10.749238967895507813 10.718039512634277344 10.743275642395019531 10.837835311889648438 10.8920135498046875
10.321141242980957031 10.343179702758789063 10.378778457641601563 10.350293159484863281 10.299164772033691406 10.210681915283203125 10.120812416076660156 10.093229293823242188 10.268715858459472656 10.461008071899414063 10.50647735595703125 10.617868423461914063 10.676304817199707031 10.661961555480957031 10.614954948425292969 10.499625205993652344 10.340625762939453125 10.246354103088378906 10.227130889892578125 10.276088714599609375 10.338911056518554688 10.455754280090332031 10.526894569396972656 10.555572509765625 10.542580604553222656 10.537532806396484375 10.562748908996582031 10.616143226623535156 10.672787666320800781 10.707501411437988281 10.712990760803222656 10.71816253662109375 10.728291511535644531 10.737833976745605469 10.728869438171386719 10.6961212158203125 10.693818092346191406 10.723092079162597656 10.734895706176757813 10.701926231384277344
10.33917236328125 10.344634056091308594 10.335394859313964844 10.324130058288574219 10.32033538818359375 10.306118011474609375 10.216783523559570313 10.075228691101074219 10.057404518127441406 10.274667739868164063 10.349199295043945313 10.425048828125 10.540675163269042969 10.596234321594238281 10.542473793029785156 10.359571456909179688 10.131468772888183594 10.016164779663085938 10.032204627990722656 10.080029487609863281 10.135087966918945313 10.301784515380859375 10.485768318176269531 10.558498382568359375 10.559368133544921875 10.509075164794921875 10.443589210510253906 10.43138885498046875 10.471574783325195313 10.530716896057128906 10.576549530029296875 10.605236053466796875 10.613836288452148438 10.606858253479003906 10.598015785217285156 10.591198921203613281 10.58686065673828125 10.603383064270019531 10.642513275146484375 10.67829132080078125
10.443032264709472656 10.372462272644042969 10.332758903503417969 10.302298545837402344 10.276207923889160156 10.254733085632324219 10.252374649047851563 10.199622154235839844 10.045684814453125 10.033720016479492188 10.201272010803222656 10.262071609497070313 10.378879547119140625 10.472087860107421875 10.448384284973144531 10.23015594482421875 9.9904994964599609375 9.9249620437622070313 9.959430694580078125 9.9596405029296875 9.9804782867431640625 10.156199455261230469 10.373415946960449219 10.521792411804199219 10.580327987670898438 10.584479331970214844 10.539137840270996094 10.465663909912109375 10.392971992492675781 10.367625236511230469 10.377941131591796875 10.404137611389160156 10.418854713439941406 10.425920486450195313 10.418843269348144531 10.419568061828613281 10.424302101135253906 10.433078765869140625 10.448177337646484375 10.46738433837890625
10.487008094787597656 10.408910751342773438 10.395657539367675781 10.362105369567871094 10.337621688842773438 10.303485870361328125 10.211483955383300781 10.192284584045410156 10.074281692504882813 9.9547910690307617188 10.073130607604980469 10.150644302368164063 10.226973533630371094 10.31339263916015625 10.28833770751953125 10.112570762634277344 9.9151315689086914063 9.8650188446044921875 9.9320087432861328125 9.9031171798706054688 9.9349527359008789063 10.151845932006835938 10.400679588317871094 10.524636268615722656 10.570394515991210938 10.588385581970214844 10.594340324401855469 10.576310157775878906 10.5329742431640625 10.488651275634765625 10.451692581176757813 10.435857772827148438 10.431265830993652344 10.437753677368164063 10.445597648620605469 10.451254844665527344 10.459610939025878906 10.460288047790527344 10.4661712646484375 10.468724250793457031
10.482923507690429688 10.4860687255859375 10.467707633972167969 10.396363258361816406 10.309328079223632813 10.282659530639648438 10.24111175537109375 10.187283515930175781 10.110246658325195313 9.9432926177978515625 9.9663324356079101563 10.115387916564941406 10.116246223449707031 10.142972946166992188 10.134345054626464844 10.011274337768554688 9.8780956268310546875 9.8440914154052734375 9.8591785430908203125 9.80401611328125 9.9258546829223632813 10.227085113525390625 10.453020095825195313 10.568674087524414063 10.616483688354492188 10.630029678344726563 10.618517875671386719 10.612888336181640625 10.600249290466308594 10.583367347717285156 10.561495780944824219 10.541434288024902344 10.516588211059570313 10.488207817077636719 10.455605506896972656 10.425985336303710938 10.412073135375976563 10.403861045837402344 10.418056488037109375 10.43304443359375
10.548246383666992188 10.553680419921875 10.450872421264648438 10.316541671752929688 10.223569869995117188 10.204661369323730469 10.204030990600585938 10.145368576049804688 10.07196044921875 9.913120269775390625 9.901058197021484375 10.027156829833984375 10.062344551086425781 10.03678131103515625 9.999195098876953125 9.928394317626953125 9.8129873275756835938 9.7801218032836914063 9.7062425613403320313 9.8002767562866210938 10.13129425048828125 10.439043998718261719 10.60565185546875 10.622548103332519531 10.601607322692871094 10.582491874694824219 10.547909736633300781 10.516821861267089844 10.485756874084472656 10.451102256774902344 10.405705451965332031 10.374912261962890625 10.344152450561523438 10.319918632507324219 10.308065414428710938 10.304624557495117188 10.305856704711914063 10.310032844543457031 10.323629379272460938 10.339440345764160156
10.592223167419433594 10.464414596557617188 10.261384963989257813 10.119898796081542969 10.078331947326660156 10.118794441223144531 10.145488739013671875 10.054082870483398438 9.9621572494506835938 9.83161163330078125 9.73309326171875 9.74565887451171875 9.8330554962158203125 9.8277521133422851563 9.765682220458984375 9.681865692138671875 9.5626811981201171875 9.5647230148315429688 9.6638011932373046875 10.1053619384765625 10.477902412414550781 10.593381881713867188 10.58928680419921875 10.587717056274414063 10.546965599060058594 10.470679283142089844 10.423453330993652344 10.405236244201660156 10.381155014038085938 10.361081123352050781 10.360982894897460938 10.364026069641113281 10.369281768798828125 10.36891937255859375 10.360706329345703125 10.343753814697265625 10.323429107666015625 10.303514480590820313 10.289908409118652344 10.299893379211425781
10.44561004638671875 10.233321189880371094 10.094052314758300781 10.007688522338867188 9.9718675613403320313 10.011410713195800781 10.049988746643066406 9.997974395751953125 9.891757965087890625 9.7675571441650390625 9.6635036468505859375 9.62093353271484375 9.5834856033325195313 9.527374267578125 9.4716129302978515625 9.4390783309936523438 9.4511241912841796875 9.6447668075561523438 10.104669570922851563 10.529284477233886719 10.625500679016113281 10.56609344482421875 10.566119194030761719 10.569360733032226563 10.510397911071777344 10.447210311889648438 10.404971122741699219 10.384535789489746094 10.383595466613769531 10.398283004760742188 10.413280487060546875 10.415120124816894531 10.429681777954101563 10.444455146789550781 10.444626808166503906 10.433478355407714844 10.415656089782714844 10.383418083190917969 10.330965042114257813 10.303008079528808594
