MapLinkProApp/griddata/temperature/ASCII/cmems_mod_glo_phy-thetao_anfc_0,083deg_P1D-m_1702458667101_186,1.asc
ncols        121
nrows        120
xllcorner    -30.041666666667
yllcorner    40.041666655981
cellsize     0.083333333333
NODATA_value  9.9692099683868690468e+36
[rows 72 to 89 of 120, columns 80 to 119 of 121]
14.392732620239257813 14.422719001770019531 14.341382026672363281 14.277923583984375 14.277729988098144531 14.2835693359375 14.166009902954101563 14.017420768737792969 13.902988433837890625 13.816170692443847656 13.754232406616210938 13.741255760192871094 13.758396148681640625 13.6389923095703125 13.569707870483398438 13.611911773681640625 13.673684120178222656 13.764301300048828125 13.851161956787109375 13.879666328430175781 13.841803550720214844 13.845200538635253906 13.889774322509765625 13.940505027770996094 13.872066497802734375 13.669333457946777344 13.628026962280273438 13.684981346130371094 13.703643798828125 13.742319107055664063 13.782381057739257813 13.892630577087402344 13.911459922790527344 13.958958625793457031 14.064073562622070313 13.914422988891601563 13.575787544250488281 13.264654159545898438 13.16812896728515625 13.284556388854980469
14.050678253173828125 14.077287673950195313 14.107204437255859375 14.176479339599609375 14.255385398864746094 14.382642745971679688 14.309183120727539063 14.1341094970703125 13.990999221801757813 13.904771804809570313 13.838129043579101563 13.754633903503417969 13.635881423950195313 13.567005157470703125 13.614790916442871094 13.693281173706054688 13.745490074157714844 13.818644523620605469 13.897830963134765625 13.913909912109375 13.886411666870117188 13.894246101379394531 13.932239532470703125 13.929822921752929688 13.89176177978515625 13.86069488525390625 13.769588470458984375 13.678338050842285156 13.611667633056640625 13.62743377685546875 13.676008224487304688 13.736096382141113281 13.781096458435058594 14.005871772766113281 14.18010711669921875 14.078195571899414063 13.794093132019042969 13.421936988830566406 13.249368667602539063 13.367870330810546875
13.913726806640625 13.98331451416015625 14.101084709167480469 14.238781929016113281 14.331417083740234375 14.246295928955078125 13.882251739501953125 13.691289901733398438 13.567846298217773438 13.487721443176269531 13.599989891052246094 13.726174354553222656 13.740346908569335938 13.676336288452148438 13.721003532409667969 13.77707672119140625 13.782364845275878906 13.806248664855957031 13.865298271179199219 13.876879692077636719 13.860317230224609375 13.865654945373535156 13.908637046813964844 13.966296195983886719 13.942934989929199219 13.874075889587402344 13.841264724731445313 13.809428215026855469 13.749440193176269531 13.682291030883789063 13.719702720642089844 13.776787757873535156 13.926001548767089844 14.152286529541015625 14.171100616455078125 14.0343475341796875 13.776829719543457031 13.429108619689941406 13.2578125 13.269231796264648438
14.322210311889648438 14.420096397399902344 14.443027496337890625 14.357401847839355469 14.010446548461914063 13.472925186157226563 13.197207450866699219 13.194619178771972656 13.149603843688964844 13.109053611755371094 13.132907867431640625 13.233366966247558594 13.425539970397949219 13.590617179870605469 13.729448318481445313 13.824711799621582031 13.887896537780761719 13.908214569091796875 13.93068695068359375 13.944893836975097656 13.941213607788085938 13.922397613525390625 13.917837142944335938 13.961159706115722656 13.999101638793945313 14.002411842346191406 13.968331336975097656 13.943284034729003906 13.92529296875 13.909412384033203125 13.964505195617675781 14.014491081237792969 14.110376358032226563 14.169338226318359375 14.072126388549804688 13.903067588806152344 13.630084037780761719 13.311891555786132813 13.196646690368652344 13.212597846984863281
14.355868339538574219 14.396742820739746094 14.313619613647460938 14.124835968017578125 13.661334037780761719 13.242310523986816406 13.170048713684082031 13.176383018493652344 13.239023208618164063 13.308521270751953125 13.337914466857910156 13.205695152282714844 13.091208457946777344 13.175579071044921875 13.283704757690429688 13.349091529846191406 13.422514915466308594 13.493734359741210938 13.561785697937011719 13.598315238952636719 13.590574264526367188 13.559659004211425781 13.549123764038085938 13.599783897399902344 13.7138214111328125 13.848499298095703125 13.912880897521972656 13.962099075317382813 13.985129356384277344 14.000415802001953125 14.049409866333007813 14.074473381042480469 14.075367927551269531 13.983653068542480469 13.845548629760742188 13.715615272521972656 13.487830162048339844 13.274321556091308594 13.220149040222167969 13.215950965881347656
13.774226188659667969 13.884840011596679688 13.836164474487304688 13.639868736267089844 13.405903816223144531 13.294576644897460938 13.264759063720703125 13.252054214477539063 13.344456672668457031 13.407278060913085938 13.415968894958496094 13.350795745849609375 13.213741302490234375 13.091925621032714844 13.049777030944824219 13.049478530883789063 13.081265449523925781 13.126284599304199219 13.149505615234375 13.149862289428710938 13.157181739807128906 13.146491050720214844 13.151886940002441406 13.225545883178710938 13.341408729553222656 13.475202560424804688 13.595853805541992188 13.70766448974609375 13.733620643615722656 13.76512908935546875 13.805987358093261719 13.811783790588378906 13.753506660461425781 13.624332427978515625 13.534906387329101563 13.487743377685546875 13.322481155395507813 13.183225631713867188 13.127298355102539063 13.148579597473144531
13.385990142822265625 13.449139595031738281 13.471155166625976563 13.43698883056640625 13.347812652587890625 13.282805442810058594 13.255466461181640625 13.308085441589355469 13.412450790405273438 13.436305999755859375 13.336309432983398438 13.195618629455566406 13.118573188781738281 13.046919822692871094 12.979416847229003906 12.979262351989746094 12.992455482482910156 12.997303009033203125 13.002678871154785156 12.991464614868164063 12.989603042602539063 12.990537643432617188 12.998131752014160156 13.032070159912109375 13.072552680969238281 13.141303062438964844 13.239910125732421875 13.317792892456054688 13.36826324462890625 13.426403999328613281 13.466763496398925781 13.476698875427246094 13.433071136474609375 13.376758575439453125 13.407773971557617188 13.37911224365234375 13.202661514282226563 13.123574256896972656 13.075963020324707031 13.133833885192871094
13.313459396362304688 13.314037322998046875 13.301945686340332031 13.255603790283203125 13.22949981689453125 13.288083076477050781 13.350164413452148438 13.417439460754394531 13.462091445922851563 13.4141082763671875 13.271001815795898438 13.186178207397460938 13.092608451843261719 13.056890487670898438 13.028115272521972656 13.0447845458984375 13.069272041320800781 13.059945106506347656 13.046893119812011719 13.042932510375976563 13.0381927490234375 13.018952369689941406 13.012995719909667969 13.004757881164550781 13.007806777954101563 13.029483795166015625 13.064634323120117188 13.104221343994140625 13.152918815612792969 13.204015731811523438 13.257650375366210938 13.269436836242675781 13.247670173645019531 13.261381149291992188 13.276231765747070313 13.131346702575683594 13.027631759643554688 13.138921737670898438 13.150712966918945313 13.215250968933105469
13.360502243041992188 13.336271286010742188 13.311614990234375 13.297087669372558594 13.285464286804199219 13.355168342590332031 13.399689674377441406 13.423439979553222656 13.457696914672851563 13.383170127868652344 13.258584976196289063 13.18149566650390625 13.134543418884277344 13.142025947570800781 13.153874397277832031 13.193219184875488281 13.221653938293457031 13.228529930114746094 13.264826774597167969 13.259258270263671875 13.254270553588867188 13.227311134338378906 13.195185661315917969 13.156097412109375 13.115233421325683594 13.083889961242675781 13.062329292297363281 13.063093185424804688 13.081480026245117188 13.085446357727050781 13.09467315673828125 13.069234848022460938 13.078844070434570313 13.120583534240722656 13.089903831481933594 12.930340766906738281 13.028038978576660156 13.332539558410644531 13.287899017333984375 13.275608062744140625
13.644842147827148438 13.462198257446289063 13.381988525390625 13.378703117370605469 13.389471054077148438 13.380039215087890625 13.366772651672363281 13.375614166259765625 13.484292984008789063 13.535824775695800781 13.429657936096191406 13.325304031372070313 13.357445716857910156 13.42189788818359375 13.458725929260253906 13.452708244323730469 13.425861358642578125 13.413692474365234375 13.387644767761230469 13.371797561645507813 13.393893241882324219 13.394278526306152344 13.415383338928222656 13.442349433898925781 13.450512886047363281 13.440755844116210938 13.406391143798828125 13.3660430908203125 13.35311126708984375 13.34381103515625 13.360715866088867188 13.378374099731445313 13.422840118408203125 13.445161819458007813 13.417197227478027344 13.379702568054199219 13.508747100830078125 13.752359390258789063 13.600635528564453125 13.394974708557128906
13.969061851501464844 13.884003639221191406 13.663338661193847656 13.511624336242675781 13.442712783813476563 13.367781639099121094 13.289467811584472656 13.2993927001953125 13.416405677795410156 13.583870887756347656 13.614679336547851563 13.500798225402832031 13.508536338806152344 13.582669258117675781 13.429781913757324219 13.334097862243652344 13.214830398559570313 13.086859703063964844 13.04721832275390625 12.993907928466796875 12.962227821350097656 12.954155921936035156 12.95191192626953125 13.042341232299804688 13.205506324768066406 13.369943618774414063 13.489259719848632813 13.544818878173828125 13.570699691772460938 13.571885108947753906 13.572803497314453125 13.573260307312011719 13.5809326171875 13.589560508728027344 13.639560699462890625 13.744253158569335938 13.831053733825683594 13.876473426818847656 13.725988388061523438 13.492600440979003906
13.917654991149902344 13.982323646545410156 13.82118988037109375 13.587873458862304688 13.447973251342773438 13.35115814208984375 13.337529182434082031 13.2667388916015625 13.273054122924804688 13.4279632568359375 13.540124893188476563 13.543187141418457031 13.495153427124023438 13.479537010192871094 13.366209983825683594 13.227126121520996094 13.098943710327148438 13.029916763305664063 13.018894195556640625 13.018055915832519531 13.0282745361328125 12.946048736572265625 12.776745796203613281 12.67461395263671875 12.647939682006835938 12.758845329284667969 12.907118797302246094 13.032877922058105469 13.129731178283691406 13.224490165710449219 13.264074325561523438 13.259494781494140625 13.200662612915039063 13.12384796142578125 13.106751441955566406 13.160197257995605469 13.202911376953125 13.238126754760742188 13.29317474365234375 13.393585205078125
13.898923873901367188 13.940416336059570313 13.792483329772949219 13.566715240478515625 13.362012863159179688 13.251678466796875 13.228821754455566406 13.317188262939453125 13.238409996032714844 13.256316184997558594 13.322524070739746094 13.368299484252929688 13.344018936157226563 13.323978424072265625 13.257396697998046875 13.159595489501953125 13.087406158447265625 13.107701301574707031 13.109436988830566406 13.087831497192382813 13.051700592041015625 13.012646675109863281 12.910915374755859375 12.783741950988769531 12.704209327697753906 12.659958839416503906 12.677197456359863281 12.695006370544433594 12.716472625732421875 12.725544929504394531 12.738035202026367188 12.745549201965332031 12.71614837646484375 12.67539215087890625 12.696063041687011719 12.724443435668945313 12.717671394348144531 12.742634773254394531 12.798749923706054688 12.959050178527832031
14.008769989013671875 13.96661376953125 13.795563697814941406 13.636008262634277344 13.313340187072753906 13.306023597717285156 13.228045463562011719 13.272641181945800781 13.296047210693359375 13.252918243408203125 13.256452560424804688 13.217378616333007813 13.1619720458984375 13.09683990478515625 13.098176956176757813 13.117417335510253906 13.159138679504394531 13.1750335693359375 13.132890701293945313 13.081111907958984375 12.928434371948242188 12.871865272521972656 12.820989608764648438 12.769703865051269531 12.760955810546875 12.774523735046386719 12.762075424194335938 12.768004417419433594 12.755646705627441406 12.743502616882324219 12.748415946960449219 12.758942604064941406 12.737412452697753906 12.725992202758789063 12.766034126281738281 12.772133827209472656 12.785493850708007813 12.776312828063964844 12.734028816223144531 12.727115631103515625
13.954739570617675781 13.798800468444824219 13.51282501220703125 13.402043342590332031 13.313527107238769531 13.346837997436523438 13.337121009826660156 13.309339523315429688 13.300497055053710938 13.2554779052734375 13.263538360595703125 13.181218147277832031 13.080755233764648438 13.057866096496582031 13.086603164672851563 13.159863471984863281 13.198579788208007813 13.153507232666015625 13.120741844177246094 13.019253730773925781 12.873656272888183594 12.868944168090820313 12.830292701721191406 12.81214141845703125 12.812626838684082031 12.848179817199707031 12.832499504089355469 12.818465232849121094 12.757823944091796875 12.762692451477050781 12.798815727233886719 12.804719924926757813 12.809697151184082031 12.844508171081542969 12.876834869384765625 12.970261573791503906 13.051319122314453125 13.076979637145996094 13.068678855895996094 13.025293350219726563
13.607166290283203125 13.387717247009277344 13.381956100463867188 13.491988182067871094 13.5656280517578125 13.666317939758300781 13.712082862854003906 13.610088348388671875 13.492399215698242188 13.382244110107421875 13.321773529052734375 13.196761131286621094 13.010472297668457031 12.950467109680175781 12.968029022216796875 13.016565322875976563 13.044661521911621094 13.005007743835449219 12.981549263000488281 12.802859306335449219 12.746048927307128906 12.826003074645996094 12.8116302490234375 12.837093353271484375 12.952666282653808594 12.991572380065917969 12.9932403564453125 12.988544464111328125 12.955071449279785156 12.911214828491210938 12.913176536560058594 12.921635627746582031 12.880077362060546875 12.830086708068847656 12.820239067077636719 12.830324172973632813 12.842951774597167969 12.889155387878417969 12.968850135803222656 13.033502578735351563
13.234716415405273438 13.485871315002441406 13.655297279357910156 13.783418655395507813 13.8435516357421875 13.911382675170898438 13.902157783508300781 13.772702217102050781 13.624481201171875 13.457172393798828125 13.365340232849121094 13.225551605224609375 13.010675430297851563 12.9403228759765625 12.940679550170898438 12.968394279479980469 12.928494453430175781 12.890939712524414063 12.827426910400390625 12.762218475341796875 12.852605819702148438 12.873257637023925781 12.818454742431640625 12.9248046875 13.08679962158203125 13.096220016479492188 12.99529266357421875 12.870410919189453125 12.787241935729980469 12.758312225341796875 12.774956703186035156 12.765881538391113281 12.740414619445800781 12.711230278015136719 12.667734146118164063 12.6314544677734375 12.646749496459960938 12.73349761962890625 12.841988563537597656 12.912607192993164063
13.450567245483398438 13.556422233581542969 13.67450714111328125 13.831252098083496094 13.885954856872558594 13.912453651428222656 13.878718376159667969 13.742864608764648438 13.622209548950195313 13.494817733764648438 13.41359710693359375 13.261098861694335938 13.075225830078125 12.996442794799804688 12.979910850524902344 12.949419021606445313 12.885558128356933594 12.83876800537109375 12.862923622131347656 12.8946380615234375 12.948693275451660156 12.810583114624023438 12.796735763549804688 13.020984649658203125 13.096606254577636719 12.91661834716796875 12.681262016296386719 12.613361358642578125 12.737146377563476563 12.922250747680664063 13.034883499145507813 13.058338165283203125 13.090915679931640625 13.089517593383789063 12.949491500854492188 12.772376060485839844 12.659276962280273438 12.698420524597167969 12.767465591430664063 12.75904083251953125
