MapLinkProApp/griddata/temperature/ASCII/cmems_mod_glo_phy-thetao_anfc_0,083deg_P1D-m_1702458667101_130,7.asc
ncols        121
nrows        120
xllcorner    -30.041666666667
yllcorner    40.041666655981
cellsize     0.083333333333
NODATA_value  9.9692099683868690468e+36
[rows 36 to 53 of 120, columns 40 to 79 of 121]
13.618185043334960938 13.384662628173828125 13.334966659545898438 13.424599647521972656 13.419149398803710938 13.382379531860351563 13.479070663452148438 13.601361274719238281 13.689151763916015625 13.956797599792480469 14.427156448364257813 14.731589317321777344 14.762701988220214844 14.438412666320800781 14.091313362121582031 14.191992759704589844 14.3979644775390625 14.671771049499511719 14.933832168579101563 14.9383087158203125 14.992537498474121094 15.081158638000488281 15.068920135498046875 15.034527778625488281 14.933596611022949219 14.681394577026367188 14.631121635437011719 14.5726470947265625 14.452843666076660156 14.341572761535644531 14.270204544067382813 14.212816238403320313 14.063202857971191406 14.056908607482910156 14.250535964965820313 14.75444793701171875 14.967364311218261719 14.969595909118652344 14.902911186218261719 14.87841796875
13.545337677001953125 13.3690643310546875 13.357655525207519531 13.377843856811523438 13.348063468933105469 13.456789016723632813 13.615350723266601563 13.657359123229980469 13.791689872741699219 14.158244132995605469 14.582837104797363281 14.831402778625488281 14.784201622009277344 14.343738555908203125 14.062618255615234375 14.262524604797363281 14.438121795654296875 14.664142608642578125 14.915268898010253906 14.9091949462890625 14.960809707641601563 15.133713722229003906 15.08650970458984375 15.014145851135253906 14.902796745300292969 14.7199859619140625 14.657608985900878906 14.592128753662109375 14.49898529052734375 14.402180671691894531 14.315117835998535156 14.092908859252929688 14.119090080261230469 14.104544639587402344 14.269473075866699219 14.862219810485839844 15.052082061767578125 15.02228546142578125 14.971902847290039063 15.02295684814453125
13.706659317016601563 13.636508941650390625 13.57881927490234375 13.529916763305664063 13.614769935607910156 13.718120574951171875 13.7395477294921875 13.792598724365234375 13.977520942687988281 14.336225509643554688 14.750338554382324219 14.930120468139648438 14.72576904296875 14.203530311584472656 14.052532196044921875 14.340565681457519531 14.459601402282714844 14.5817718505859375 14.821768760681152344 14.831986427307128906 14.838703155517578125 15.036233901977539063 14.984212875366210938 14.903599739074707031 14.810637474060058594 14.686643600463867188 14.676091194152832031 14.629877090454101563 14.486535072326660156 14.313055992126464844 14.126538276672363281 14.042170524597167969 14.05814361572265625 13.924287796020507813 14.390065193176269531 14.950695037841796875 15.0826416015625 15.062044143676757813 15.036637306213378906 15.094952583312988281
14.094897270202636719 13.987913131713867188 13.899251937866210938 13.899575233459472656 13.874541282653808594 13.788136482238769531 13.822667121887207031 13.902489662170410156 14.058600425720214844 14.498005867004394531 14.913875579833984375 15.002012252807617188 14.609522819519042969 14.045053482055664063 14.0664215087890625 14.384186744689941406 14.445238113403320313 14.43706512451171875 14.648623466491699219 14.751761436462402344 14.771615982055664063 14.897414207458496094 14.903924942016601563 14.827864646911621094 14.759518623352050781 14.73955535888671875 14.702558517456054688 14.502684593200683594 14.17259979248046875 14.0151214599609375 14.0372467041015625 14.089097976684570313 13.925864219665527344 14.057286262512207031 14.675420761108398438 15.041184425354003906 15.112661361694335938 15.115241050720214844 15.111371994018554688 15.068846702575683594
14.182503700256347656 14.103037834167480469 14.034949302673339844 13.936631202697753906 13.822112083435058594 13.791768074035644531 13.826490402221679688 13.8805084228515625 14.14817047119140625 14.657170295715332031 15.02277374267578125 14.972866058349609375 14.436205863952636719 13.940314292907714844 14.081795692443847656 14.425168037414550781 14.495294570922851563 14.363856315612792969 14.397631645202636719 14.597599983215332031 14.607816696166992188 14.669756889343261719 14.759161949157714844 14.804324150085449219 14.776165962219238281 14.711442947387695313 14.509976387023925781 14.179841041564941406 14.030416488647460938 14.066013336181640625 14.098244667053222656 13.924807548522949219 14.061064720153808594 14.528306007385253906 14.959549903869628906 15.117616653442382813 15.158631324768066406 15.150249481201171875 15.106964111328125 14.928682327270507813
14.082963943481445313 14.018155097961425781 13.91416168212890625 13.785454750061035156 13.702404022216796875 13.712813377380371094 13.83527374267578125 14.030900955200195313 14.354763031005859375 14.844975471496582031 15.132348060607910156 14.876572608947753906 14.327271461486816406 13.957315444946289063 14.099153518676757813 14.45642852783203125 14.636082649230957031 14.518914222717285156 14.269553184509277344 14.340526580810546875 14.443335533142089844 14.291794776916503906 14.240336418151855469 14.263399124145507813 14.188493728637695313 14.102926254272460938 13.989500999450683594 13.98650360107421875 14.059604644775390625 14.013840675354003906 13.89821624755859375 14.345547676086425781 14.748804092407226563 15.007349014282226563 15.111271858215332031 15.157687187194824219 15.185399055480957031 15.130320549011230469 14.947477340698242188 14.773922920227050781
13.892428398132324219 13.824970245361328125 13.729914665222167969 13.660779953002929688 13.65718841552734375 13.789309501647949219 14.010097503662109375 14.183463096618652344 14.511369705200195313 15.020656585693359375 15.192610740661621094 14.905988693237304688 14.500579833984375 14.275324821472167969 14.283262252807617188 14.4872589111328125 14.791529655456542969 14.830546379089355469 14.554025650024414063 14.262683868408203125 14.334588050842285156 14.360454559326171875 14.220096588134765625 14.097052574157714844 13.996945381164550781 13.927341461181640625 13.904937744140625 13.914225578308105469 14.003904342651367188 13.80498504638671875 14.086382865905761719 14.759783744812011719 15.030007362365722656 15.054438591003417969 15.155977249145507813 15.203294754028320313 15.189893722534179688 15.043377876281738281 14.840979576110839844 14.762473106384277344
14.0438690185546875 13.844944000244140625 13.765699386596679688 13.757340431213378906 13.855483055114746094 14.082426071166992188 14.253549575805664063 14.367895126342773438 14.742714881896972656 15.227822303771972656 15.341225624084472656 15.205204963684082031 15.125629425048828125 15.087056159973144531 14.96660614013671875 14.950665473937988281 15.020230293273925781 15.128187179565429688 15.153573036193847656 14.905492782592773438 14.558063507080078125 14.331728935241699219 14.176065444946289063 14.08228302001953125 14.008860588073730469 13.948309898376464844 13.920287132263183594 13.910602569580078125 13.834331512451171875 13.780233383178710938 14.287196159362792969 14.862520217895507813 15.010436058044433594 15.119368553161621094 15.205277442932128906 15.243047714233398438 15.173624992370605469 14.9820709228515625 14.831080436706542969 14.746212005615234375
14.336114883422851563 14.090964317321777344 13.956426620483398438 13.967892646789550781 14.151663780212402344 14.382943153381347656 14.448942184448242188 14.550732612609863281 14.995847702026367188 15.462683677673339844 15.599274635314941406 15.682015419006347656 15.835557937622070313 15.881922721862792969 15.855936050415039063 15.810466766357421875 15.681387901306152344 15.562639236450195313 15.458116531372070313 15.361437797546386719 15.326186180114746094 15.1793975830078125 15.00836181640625 14.631929397583007813 14.243533134460449219 13.979244232177734375 13.885073661804199219 13.80112457275390625 13.764871597290039063 14.020926475524902344 14.653483390808105469 15.016676902770996094 15.10816192626953125 15.215959548950195313 15.275342941284179688 15.16248321533203125 15.054718017578125 14.973675727844238281 14.880524635314941406 14.784332275390625
14.348316192626953125 14.143484115600585938 14.088444709777832031 14.195337295532226563 14.405928611755371094 14.55535888671875 14.527238845825195313 14.641694068908691406 15.121125221252441406 15.586527824401855469 15.777918815612792969 15.902209281921386719 15.988691329956054688 15.931041717529296875 15.864226341247558594 15.830246925354003906 15.793070793151855469 15.751939773559570313 15.713621139526367188 15.617191314697265625 15.5155487060546875 15.385476112365722656 15.308579444885253906 15.181485176086425781 14.982563972473144531 14.782747268676757813 14.538763999938964844 14.376448631286621094 14.290044784545898438 14.380835533142089844 14.854280471801757813 15.137653350830078125 15.263119697570800781 15.313547134399414063 15.319119453430175781 15.101437568664550781 15.015461921691894531 15.011498451232910156 14.927531242370605469 14.844288825988769531
14.409626007080078125 14.304360389709472656 14.378623008728027344 14.535387039184570313 14.649636268615722656 14.629620552062988281 14.502842903137207031 14.702722549438476563 15.255075454711914063 15.6968841552734375 15.894602775573730469 15.950445175170898438 15.900948524475097656 15.729413986206054688 15.543169975280761719 15.368093490600585938 15.194722175598144531 15.109394073486328125 15.14550018310546875 15.227995872497558594 15.297008514404296875 15.331366539001464844 15.3839263916015625 15.361800193786621094 15.310312271118164063 15.226847648620605469 15.08408355712890625 14.939104080200195313 14.7991180419921875 14.768959999084472656 14.9623260498046875 15.049724578857421875 15.293524742126464844 15.3383636474609375 15.229496955871582031 15.081295967102050781 14.972782135009765625 14.913416862487792969 14.844733238220214844 14.820162773132324219
14.510054588317871094 14.461193084716796875 14.566812515258789063 14.700809478759765625 14.725985527038574219 14.590304374694824219 14.424740791320800781 14.68706512451171875 15.276701927185058594 15.715455055236816406 15.913313865661621094 15.921300888061523438 15.809193611145019531 15.617012977600097656 15.393472671508789063 15.134454727172851563 14.919237136840820313 14.839104652404785156 14.9008331298828125 14.9688720703125 14.953995704650878906 14.871043205261230469 14.814916610717773438 14.876003265380859375 15.05565643310546875 15.3349609375 15.340516090393066406 15.210082054138183594 15.040665626525878906 15.023447036743164063 14.828164100646972656 15.057549476623535156 15.270032882690429688 15.345324516296386719 15.267427444458007813 15.160624504089355469 15.150987625122070313 15.1341552734375 15.167222976684570313 15.240442276000976563
14.588469505310058594 14.508069038391113281 14.632996559143066406 14.750496864318847656 14.704085350036621094 14.529047966003417969 14.452938079833984375 14.772927284240722656 15.288297653198242188 15.67253875732421875 15.881076812744140625 15.872895240783691406 15.717203140258789063 15.510941505432128906 15.233922004699707031 14.927325248718261719 14.712324142456054688 14.750863075256347656 14.962088584899902344 15.119412422180175781 15.057282447814941406 14.831238746643066406 14.6366424560546875 14.543565750122070313 14.50559234619140625 14.686879158020019531 15.111927032470703125 15.421422958374023438 15.281311988830566406 15.063870429992675781 14.7970733642578125 14.924975395202636719 15.3103790283203125 15.441311836242675781 15.371856689453125 15.257018089294433594 15.318159103393554688 15.382134437561035156 15.464672088623046875 15.532574653625488281
14.591446876525878906 14.546170234680175781 14.715817451477050781 14.79479217529296875 14.66339111328125 14.433297157287597656 14.479974746704101563 14.835186958312988281 15.270804405212402344 15.641138076782226563 15.812229156494140625 15.771136283874511719 15.63543701171875 15.418820381164550781 15.079096794128417969 14.723990440368652344 14.611085891723632813 14.866135597229003906 15.119055747985839844 15.123837471008300781 14.816426277160644531 14.425729751586914063 14.27533721923828125 14.275603294372558594 14.312107086181640625 14.422670364379882813 14.571964263916015625 14.786489486694335938 15.163357734680175781 15.371625900268554688 15.170811653137207031 15.007112503051757813 15.044356346130371094 15.244009017944335938 15.433081626892089844 15.499381065368652344 15.553037643432617188 15.5934295654296875 15.6491241455078125 15.658076286315917969
14.561969757080078125 14.623389244079589844 14.807338714599609375 14.822021484375 14.639513015747070313 14.417570114135742188 14.525946617126464844 14.883237838745117188 15.264520645141601563 15.582034111022949219 15.719807624816894531 15.689341545104980469 15.571343421936035156 15.320517539978027344 14.914579391479492188 14.603610038757324219 14.631772994995117188 14.908410072326660156 15.04811859130859375 14.906184196472167969 14.473110198974609375 14.176100730895996094 14.177264213562011719 14.234197616577148438 14.34595489501953125 14.520376205444335938 14.706921577453613281 14.820101737976074219 14.844440460205078125 15.061519622802734375 15.310698509216308594 15.381122589111328125 15.292466163635253906 15.188998222351074219 15.217514991760253906 15.304716110229492188 15.424373626708984375 15.510046005249023438 15.5615234375 15.561765670776367188
14.621897697448730469 14.771798133850097656 14.920351028442382813 14.857525825500488281 14.566661834716796875 14.365742683410644531 14.557343482971191406 14.9214019775390625 15.249776840209960938 15.506071090698242188 15.620244026184082031 15.608559608459472656 15.471804618835449219 15.138932228088378906 14.719915390014648438 14.52043914794921875 14.671118736267089844 14.884678840637207031 14.933909416198730469 14.756842613220214844 14.464341163635253906 14.29198455810546875 14.379805564880371094 14.570305824279785156 14.64251708984375 14.768339157104492188 14.912078857421875 15.013461112976074219 15.069688796997070313 15.065942764282226563 15.0794830322265625 15.169245719909667969 15.276269912719726563 15.339555740356445313 15.342676162719726563 15.330708503723144531 15.352406501770019531 15.386257171630859375 15.419533729553222656 15.435968399047851563
14.770264625549316406 14.934819221496582031 15.000047683715820313 14.885268211364746094 14.557226181030273438 14.372318267822265625 14.6011199951171875 14.959956169128417969 15.226836204528808594 15.428781509399414063 15.549974441528320313 15.533084869384765625 15.344721794128417969 14.979068756103515625 14.593554496765136719 14.49733734130859375 14.660524368286132813 14.849919319152832031 14.940318107604980469 14.79616546630859375 14.577573776245117188 14.405798912048339844 14.415075302124023438 14.605736732482910156 14.767077445983886719 14.919196128845214844 15.088979721069335938 15.205892562866210938 15.223620414733886719 15.232275962829589844 15.18154144287109375 15.135365486145019531 15.108386993408203125 15.149114608764648438 15.248125076293945313 15.343235015869140625 15.430121421813964844 15.463755607604980469 15.489647865295410156 15.495618820190429688
14.876284599304199219 15.018494606018066406 15.051592826843261719 14.915113449096679688 14.579091072082519531 14.41136932373046875 14.640401840209960938 14.996581077575683594 15.255127906799316406 15.433960914611816406 15.529314994812011719 15.454895973205566406 15.222197532653808594 14.864630699157714844 14.530510902404785156 14.539025306701660156 14.672627449035644531 14.8243408203125 14.898576736450195313 14.838822364807128906 14.709743499755859375 14.498064994812011719 14.411180496215820313 14.589786529541015625 14.817669868469238281 15.016791343688964844 15.175516128540039063 15.284241676330566406 15.316039085388183594 15.289487838745117188 15.266315460205078125 15.202046394348144531 15.096703529357910156 15.036746025085449219 15.043552398681640625 15.138727188110351563 15.223997116088867188 15.307808876037597656 15.351301193237304688 15.360581398010253906
