MapLinkProApp/griddata/temperature/ASCII/cmems_mod_glo_phy-thetao_anfc_0,083deg_P1D-m_1702458667101_318,1.asc
ncols        121
nrows        120
xllcorner    -30.041666666667
yllcorner    40.041666655981
cellsize     0.083333333333
NODATA_value  9.9692099683868690468e+36
[rows 18 to 35 of 120, columns 0 to 39 of 121]
12.226981163024902344 12.186650276184082031 12.251546859741210938 12.397110939025878906 12.39353179931640625 12.337232589721679688 12.224416732788085938 11.913773536682128906 11.374755859375 10.731709480285644531 10.155451774597167969 9.7771902084350585938 9.6330099105834960938 9.6408176422119140625 9.6970310211181640625 9.7633113861083984375 9.8090124130249023438 9.8595294952392578125 9.8691587448120117188 9.971080780029296875 10.231225967407226563 10.658278465270996094 11.111603736877441406 11.430856704711914063 11.609788894653320313 11.635019302368164063 11.638025283813476563 11.406426429748535156 11.202409744262695313 11.023580551147460938 10.641027450561523438 10.163884162902832031 9.6139116287231445313 9.2378625869750976563 9.012096405029296875 8.8244504928588867188 8.7545757293701171875 8.8919668197631835938 9.07317352294921875 9.1382665634155273438
12.348789215087890625 12.278371810913085938 12.363727569580078125 12.4459991455078125 12.406057357788085938 12.326565742492675781 12.215785980224609375 11.950451850891113281 11.468363761901855469 10.88857269287109375 10.329336166381835938 9.8889856338500976563 9.7097215652465820313 9.80933380126953125 9.923931121826171875 9.8697452545166015625 9.8793506622314453125 9.9253911972045898438 10.100468635559082031 10.504420280456542969 10.995820999145507813 11.496335029602050781 11.839563369750976563 12.060731887817382813 12.024450302124023438 11.981324195861816406 11.887040138244628906 11.762505531311035156 11.457250595092773438 11.225339889526367188 11.031404495239257813 10.743021011352539063 10.288272857666015625 9.8216552734375 9.4513521194458007813 9.1348896026611328125 8.9789867401123046875 9.05892181396484375 9.1766424179077148438 9.172641754150390625
12.373702049255371094 12.347226142883300781 12.437387466430664063 12.485135078430175781 12.408010482788085938 12.337962150573730469 12.179936408996582031 11.90172576904296875 11.482730865478515625 10.966925621032714844 10.457980155944824219 10.076491355895996094 9.9231042861938476563 9.9365262985229492188 9.9327907562255859375 9.9096250534057617188 10.02263641357421875 10.327822685241699219 10.815633773803710938 11.3272705078125 11.761553764343261719 12.074707984924316406 12.282941818237304688 12.32956695556640625 12.208317756652832031 12.094294548034667969 12.020029067993164063 11.94777679443359375 11.783575057983398438 11.484151840209960938 11.199103355407714844 10.986537933349609375 10.716971397399902344 10.373453140258789063 9.9907960891723632813 9.5931787490844726563 9.3623647689819335938 9.3281259536743164063 9.3174448013305664063 9.30289459228515625
12.405934333801269531 12.477858543395996094 12.518927574157714844 12.46308135986328125 12.363024711608886719 12.263699531555175781 12.12372589111328125 11.836695671081542969 11.449704170227050781 11.013885498046875 10.56226348876953125 10.227483749389648438 10.087048530578613281 10.03083038330078125 9.9860773086547851563 10.101427078247070313 10.5316619873046875 11.147851943969726563 11.651105880737304688 11.985781669616699219 12.212205886840820313 12.393404006958007813 12.53478240966796875 12.47905731201171875 12.289269447326660156 12.11472320556640625 12.11833953857421875 12.1123199462890625 12.068217277526855469 11.96184539794921875 11.68880462646484375 11.343827247619628906 11.033324241638183594 10.735230445861816406 10.406172752380371094 10.041254997253417969 9.7886724472045898438 9.6239871978759765625 9.503574371337890625 9.50450897216796875
12.573040962219238281 12.571484565734863281 12.471516609191894531 12.405660629272460938 12.370003700256347656 12.293737411499023438 12.102919578552246094 11.840855598449707031 11.477732658386230469 10.995095252990722656 10.546290397644042969 10.279590606689453125 10.120849609375 9.99715423583984375 10.054633140563964844 10.409564018249511719 11.072070121765136719 11.642565727233886719 12.018393516540527344 12.261153221130371094 12.473248481750488281 12.640645980834960938 12.696648597717285156 12.602022171020507813 12.365574836730957031 12.200594902038574219 12.142291069030761719 12.173248291015625 12.146855354309082031 12.091388702392578125 12.022221565246582031 11.778250694274902344 11.464014053344726563 11.104147911071777344 10.689679145812988281 10.315740585327148438 10.036206245422363281 9.7876768112182617188 9.6107082366943359375 9.5583028793334960938
12.507905960083007813 12.416602134704589844 12.337168693542480469 12.297907829284667969 12.323549270629882813 12.290486335754394531 12.089376449584960938 11.775837898254394531 11.378239631652832031 10.882891654968261719 10.430817604064941406 10.147912025451660156 10.007969856262207031 10.089100837707519531 10.528306007385253906 11.218729019165039063 11.81969451904296875 12.19182586669921875 12.418259620666503906 12.598111152648925781 12.813729286193847656 12.970174789428710938 12.962207794189453125 12.815709114074707031 12.575227737426757813 12.434381484985351563 12.294028282165527344 12.185099601745605469 12.110731124877929688 11.998595237731933594 11.943346023559570313 11.917949676513671875 11.81317901611328125 11.577236175537109375 11.167362213134765625 10.719896316528320313 10.336802482604980469 9.9841566085815429688 9.7031192779541015625 9.5532073974609375
12.350974082946777344 12.259245872497558594 12.161235809326171875 12.117367744445800781 12.166150093078613281 12.233081817626953125 12.127374649047851563 11.747294425964355469 11.258386611938476563 10.669770240783691406 10.190656661987304688 10.096292495727539063 10.280240058898925781 10.7286529541015625 11.382898330688476563 11.943871498107910156 12.301209449768066406 12.516755104064941406 12.705027580261230469 12.902279853820800781 13.096096038818359375 13.228671073913574219 13.167073249816894531 13.010598182678222656 12.818294525146484375 12.699332237243652344 12.524811744689941406 12.258228302001953125 12.015830039978027344 11.846889495849609375 11.720067024230957031 11.683367729187011719 11.7481842041015625 11.712488174438476563 11.469859123229980469 11.059719085693359375 10.617644309997558594 10.180901527404785156 9.8216962814331054688 9.5880937576293945313
12.323117256164550781 12.18521881103515625 12.04241943359375 11.955104827880859375 11.920873641967773438 11.966507911682128906 11.965151786804199219 11.755904197692871094 11.343070030212402344 10.864401817321777344 10.601094245910644531 10.729175567626953125 11.108785629272460938 11.573410987854003906 12.02315521240234375 12.372900962829589844 12.638682365417480469 12.854002952575683594 13.036852836608886719 13.155504226684570313 13.23587799072265625 13.268624305725097656 13.218575477600097656 13.098436355590820313 13.002148628234863281 12.873127937316894531 12.6534881591796875 12.321659088134765625 11.970347404479980469 11.797437667846679688 11.64978790283203125 11.513902664184570313 11.507882118225097656 11.5860137939453125 11.544025421142578125 11.312129020690917969 10.921877861022949219 10.444325447082519531 10.040635108947753906 9.773868560791015625
12.115947723388671875 11.935191154479980469 11.815447807312011719 11.730451583862304688 11.754852294921875 11.836771011352539063 11.871773719787597656 11.777747154235839844 11.536601066589355469 11.317874908447265625 11.32094573974609375 11.54764556884765625 11.867053985595703125 12.171970367431640625 12.452558517456054688 12.702678680419921875 12.971768379211425781 13.167848587036132813 13.222133636474609375 13.156945228576660156 13.153182029724121094 13.124369621276855469 13.145075798034667969 13.114407539367675781 13.163516044616699219 13.066127777099609375 12.783087730407714844 12.32648468017578125 11.9377288818359375 11.795919418334960938 11.808247566223144531 11.628451347351074219 11.470959663391113281 11.454999923706054688 11.511762619018554688 11.475255012512207031 11.236235618591308594 10.831490516662597656 10.41510772705078125 10.098622322082519531
11.861603736877441406 11.838407516479492188 11.82222747802734375 11.816142082214355469 11.8289642333984375 11.807086944580078125 11.753949165344238281 11.680074691772460938 11.589480400085449219 11.560517311096191406 11.681010246276855469 11.907148361206054688 12.133650779724121094 12.334117889404296875 12.531252861022949219 12.7803192138671875 12.987786293029785156 13.105524063110351563 13.078482627868652344 13.00799560546875 13.01607513427734375 13.032025337219238281 13.084940910339355469 13.131755828857421875 13.188440322875976563 13.2603912353515625 12.966863632202148438 12.494605064392089844 12.029408454895019531 11.812978744506835938 11.874408721923828125 11.816486358642578125 11.606706619262695313 11.487189292907714844 11.505867958068847656 11.516481399536132813 11.371364593505859375 11.0375213623046875 10.667684555053710938 10.342568397521972656
11.836081504821777344 11.832034111022949219 11.826506614685058594 11.818506240844726563 11.760037422180175781 11.711825370788574219 11.696415901184082031 11.708527565002441406 11.735906600952148438 11.764769554138183594 11.818291664123535156 11.885645866394042969 11.929037094116210938 12.010974884033203125 12.185173988342285156 12.466397285461425781 12.795245170593261719 13.009633064270019531 13.048726081848144531 13.005209922790527344 13.012806892395019531 13.036943435668945313 13.111272811889648438 13.16786956787109375 13.172726631164550781 13.280007362365722656 13.239595413208007813 12.850651741027832031 12.383408546447753906 12.04015350341796875 11.947711944580078125 11.979902267456054688 11.870137214660644531 11.719391822814941406 11.659757614135742188 11.658538818359375 11.541690826416015625 11.265634536743164063 10.906162261962890625 10.565445899963378906
11.78345489501953125 11.731961250305175781 11.723691940307617188 11.695220947265625 11.680990219116210938 11.672166824340820313 11.652369499206542969 11.630394935607910156 11.593026161193847656 11.560638427734375 11.530697822570800781 11.441486358642578125 11.330545425415039063 11.347341537475585938 11.65451812744140625 12.136485099792480469 12.573070526123046875 12.876682281494140625 12.951336860656738281 12.954455375671386719 12.940420150756835938 12.988862037658691406 13.062415122985839844 13.193464279174804688 13.241690635681152344 13.213079452514648438 13.26781463623046875 13.098832130432128906 12.675089836120605469 12.3209381103515625 12.092271804809570313 12.048467636108398438 12.0712432861328125 11.98445892333984375 11.878171920776367188 11.800634384155273438 11.649774551391601563 11.359181404113769531 10.978517532348632813 10.6948394775390625
11.667414665222167969 11.596683502197265625 11.52310943603515625 11.458141326904296875 11.393426895141601563 11.291917800903320313 11.178667068481445313 11.0655364990234375 10.957538604736328125 10.8539581298828125 10.732144355773925781 10.620046615600585938 10.600405693054199219 10.7548675537109375 11.090301513671875 11.5883331298828125 12.090535163879394531 12.498444557189941406 12.710072517395019531 12.806607246398925781 12.835865974426269531 12.877939224243164063 12.959440231323242188 13.12358856201171875 13.280878067016601563 13.302447319030761719 13.268687248229980469 13.218245506286621094 12.905818939208984375 12.540093421936035156 12.271193504333496094 12.163260459899902344 12.161548614501953125 12.105653762817382813 11.99687957763671875 11.847502708435058594 11.615705490112304688 11.304230690002441406 11.003531455993652344 10.889562606811523438
11.411111831665039063 11.206366539001464844 11.036755561828613281 10.83856964111328125 10.604567527770996094 10.375385284423828125 10.194040298461914063 10.083282470703125 10.010000228881835938 9.9596872329711914063 9.9617261886596679688 10.023289680480957031 10.152998924255371094 10.356701850891113281 10.664910316467285156 11.075230598449707031 11.5469818115234375 11.9897918701171875 12.324970245361328125 12.579511642456054688 12.731257438659667969 12.812695503234863281 12.843509674072265625 12.89949798583984375 13.080288887023925781 13.207698822021484375 13.246134757995605469 13.186291694641113281 13.037991523742675781 12.712729454040527344 12.401079177856445313 12.208734512329101563 12.097032546997070313 11.965559005737304688 11.840390205383300781 11.685362815856933594 11.519775390625 11.373297691345214844 11.246882438659667969 11.214372634887695313
11.039748191833496094 10.767685890197753906 10.4933929443359375 10.223217010498046875 9.992435455322265625 9.82913970947265625 9.7305517196655273438 9.6549024581909179688 9.587909698486328125 9.5707330703735351563 9.6195783615112304688 9.726055145263671875 9.8864889144897460938 10.076169967651367188 10.353754997253417969 10.703897476196289063 11.117657661437988281 11.494584083557128906 11.840007781982421875 12.163922309875488281 12.461359024047851563 12.712107658386230469 12.846685409545898438 12.816844940185546875 12.820262908935546875 12.919933319091796875 13.032525062561035156 13.034457206726074219 12.953473091125488281 12.772447586059570313 12.525944709777832031 12.311028480529785156 12.109538078308105469 11.918959617614746094 11.747784614562988281 11.638090133666992188 11.569362640380859375 11.531835556030273438 11.468341827392578125 11.443988800048828125
10.5191497802734375 10.200280189514160156 9.9718198776245117188 9.7828378677368164063 9.6498670578002929688 9.5350809097290039063 9.3858327865600585938 9.2474575042724609375 9.1739931106567382813 9.1576557159423828125 9.18434906005859375 9.2632627487182617188 9.3936128616333007813 9.5570077896118164063 9.7728118896484375 10.091627120971679688 10.47495269775390625 10.896657943725585938 11.168697357177734375 11.44747161865234375 11.766238212585449219 12.168175697326660156 12.572080612182617188 12.838384628295898438 12.847699165344238281 12.726326942443847656 12.726910591125488281 12.823953628540039063 12.845738410949707031 12.762858390808105469 12.632563591003417969 12.4791717529296875 12.336589813232421875 12.18788909912109375 12.050161361694335938 11.958104133605957031 11.879416465759277344 11.76067352294921875 11.672192573547363281 11.640736579895019531
10.1483917236328125 9.967792510986328125 9.78475189208984375 9.6369037628173828125 9.5225973129272460938 9.369907379150390625 9.205135345458984375 9.0920085906982421875 9.0647296905517578125 9.083255767822265625 9.1064548492431640625 9.1933126449584960938 9.2900934219360351563 9.41886138916015625 9.530109405517578125 9.6485013961791992188 9.8654689788818359375 10.279970169067382813 10.676672935485839844 10.941938400268554688 11.176833152770996094 11.572141647338867188 12.05999755859375 12.541234016418457031 12.809747695922851563 12.787564277648925781 12.654340744018554688 12.618998527526855469 12.734732627868652344 12.78063201904296875 12.727694511413574219 12.656190872192382813 12.531742095947265625 12.426676750183105469 12.312733650207519531 12.215694427490234375 12.132121086120605469 12.029910087585449219 11.939517974853515625 11.875967979431152344
10.125517845153808594 9.9342069625854492188 9.7596282958984375 9.6180028915405273438 9.4577798843383789063 9.349018096923828125 9.2704257965087890625 9.2132587432861328125 9.24658966064453125 9.284656524658203125 9.3016824722290039063 9.355739593505859375 9.4377164840698242188 9.5276279449462890625 9.6535243988037109375 9.7617902755737304688 9.8380784988403320313 9.8944959640502929688 10.085188865661621094 10.370059013366699219 10.607875823974609375 10.937685966491699219 11.404196739196777344 12.003785133361816406 12.48767852783203125 12.725275993347167969 12.707380294799804688 12.605823516845703125 12.558919906616210938 12.605231285095214844 12.667774200439453125 12.675036430358886719 12.669888496398925781 12.60474395751953125 12.528634071350097656 12.418745040893554688 12.290933609008789063 12.211894989013671875 12.145718574523925781 12.048686981201171875
