MapLinkProApp/griddata/temperature/ASCII/cmems_mod_glo_phy-thetao_anfc_0,083deg_P1D-m_1702458667101_3220,8.asc
ncols        121
nrows        120
xllcorner    -30.041666666667
yllcorner    40.041666655981
cellsize     0.083333333333
NODATA_value  9.9692099683868690468e+36
[rows 17 to 33 of 120, columns 76 to 113 of 121]
2.4632902145385742188 2.4711132049560546875 2.4529192447662353516 2.4347460269927978516 2.4331605434417724609 2.4407732486724853516 2.4263994693756103516 2.4150602817535400391 2.424938201904296875 2.4504392147064208984 2.4658670425415039063 2.4666550159454345703 2.4641191959381103516 2.4525675773620605469 2.4438662528991699219 2.4446246623992919922 2.4472811222076416016 2.4557106494903564453 2.4687812328338623047 2.4731733798980712891 2.4782848358154296875 2.4787905216217041016 2.4776742458343505859 2.4666922092437744141 2.4561114311218261719 2.4560472965240478516 2.4682583808898925781 2.4745831489562988281 2.4742236137390136719 2.4771647453308105469 2.4723308086395263672 2.4667279720306396484 2.4606924057006835938 2.4652054309844970703 2.4830176830291748047 2.50939178466796875 2.5324537754058837891 2.5448296070098876953
2.4424684047698974609 2.4439330101013183594 2.4297995567321777344 2.423290252685546875 2.4357061386108398438 2.4467470645904541016 2.4289634227752685547 2.4324097633361816406 2.4462463855743408203 2.4660074710845947266 2.4757797718048095703 2.4766259193420410156 2.4752357006072998047 2.4618947505950927734 2.4589052200317382813 2.4670424461364746094 2.4779007434844970703 2.4808459281921386719 2.4852318763732910156 2.5056157112121582031 2.5105104446411132813 2.5051763057708740234 2.5020251274108886719 2.494335174560546875 2.4895620346069335938 2.4923493862152099609 2.4919526576995849609 2.4844529628753662109 2.4728372097015380859 2.4686641693115234375 2.4724752902984619141 2.4702646732330322266 2.4727852344512939453 2.487163543701171875 2.5082528591156005859 2.5242941379547119141 2.5239629745483398438 2.5111093521118164063
2.4255828857421875 2.417999267578125 2.4246618747711181641 2.44512939453125 2.4675900936126708984 2.4721388816833496094 2.4661028385162353516 2.4652194976806640625 2.4774425029754638672 2.4956901073455810547 2.501865386962890625 2.5010223388671875 2.4946372509002685547 2.4875280857086181641 2.4983763694763183594 2.5202565193176269531 2.5326690673828125 2.5319550037384033203 2.5300929546356201172 2.5341284275054931641 2.5318274497985839844 2.5264098644256591797 2.5222361087799072266 2.5111415386199951172 2.5023984909057617188 2.4969093799591064453 2.4869542121887207031 2.4769678115844726563 2.4686210155487060547 2.4632244110107421875 2.4656782150268554688 2.4767427444458007813 2.4934732913970947266 2.5055971145629882813 2.5138909816741943359 2.5096559524536132813 2.4923126697540283203 2.4709420204162597656
2.4287230968475341797 2.4259717464447021484 2.4409346580505371094 2.4648845195770263672 2.47491455078125 2.4739642143249511719 2.4785771369934082031 2.4859793186187744141 2.4950850009918212891 2.5063509941101074219 2.5170574188232421875 2.5168805122375488281 2.5172250270843505859 2.5230164527893066406 2.5409030914306640625 2.5621864795684814453 2.5739388465881347656 2.575481414794921875 2.5704407691955566406 2.553455352783203125 2.550823211669921875 2.5485355854034423828 2.5463702678680419922 2.5350985527038574219 2.5209395885467529297 2.5075592994689941406 2.4962942600250244141 2.480747222900390625 2.4657435417175292969 2.4634430408477783203 2.4809737205505371094 2.5014376640319824219 2.5073320865631103516 2.5062034130096435547 2.4927921295166015625 2.4658968448638916016 2.4351096153259277344 2.4156517982482910156
2.4631738662719726563 2.4595484733581542969 2.4696118831634521484 2.4748089313507080078 2.4698626995086669922 2.4748814105987548828 2.4904847145080566406 2.4991047382354736328 2.5106756687164306641 2.5209984779357910156 2.5287311077117919922 2.5381581783294677734 2.5527131557464599609 2.5670888423919677734 2.5764660835266113281 2.5801255702972412109 2.5946195125579833984 2.6038110256195068359 2.5943596363067626953 2.5777292251586914063 2.5711352825164794922 2.5659394264221191406 2.5584580898284912109 2.542858123779296875 2.5272588729858398438 2.5142877101898193359 2.5009322166442871094 2.4840850830078125 2.4721500873565673828 2.4791285991668701172 2.5008475780487060547 2.5142121315002441406 2.5084490776062011719 2.4935510158538818359 2.472812652587890625 2.4396748542785644531 2.4027447700500488281 2.3805317878723144531
2.4839038848876953125 2.4785139560699462891 2.4761817455291748047 2.4710533618927001953 2.4817972183227539063 2.4994511604309082031 2.5060031414031982422 2.5173559188842773438 2.5344860553741455078 2.540813446044921875 2.5445125102996826172 2.5534079074859619141 2.5789124965667724609 2.6031851768493652344 2.6036028861999511719 2.6014599800109863281 2.6151595115661621094 2.6243948936462402344 2.6077096462249755859 2.5927643775939941406 2.5859549045562744141 2.5766482353210449219 2.5563573837280273438 2.5412361621856689453 2.5317957401275634766 2.5221319198608398438 2.5168704986572265625 2.5050423145294189453 2.4963126182556152344 2.4981062412261962891 2.5086450576782226563 2.5143539905548095703 2.5047917366027832031 2.4837038516998291016 2.4574959278106689453 2.4245176315307617188 2.3879430294036865234 2.3642323017120361328
2.4923126697540283203 2.4900734424591064453 2.4802279472351074219 2.4805908203125 2.5031259059906005859 2.5162208080291748047 2.5271477699279785156 2.5440042018890380859 2.5542800426483154297 2.5502493381500244141 2.5540771484375 2.5640463829040527344 2.5861961841583251953 2.5937290191650390625 2.5981822013854980469 2.6052675247192382813 2.6135487556457519531 2.6089472770690917969 2.5981428623199462891 2.586669921875 2.5740408897399902344 2.5552191734313964844 2.5307340621948242188 2.5204846858978271484 2.5187296867370605469 2.5209836959838867188 2.5170679092407226563 2.5155575275421142578 2.5078308582305908203 2.5013406276702880859 2.499439239501953125 2.4974346160888671875 2.4860281944274902344 2.4665727615356445313 2.4435448646545410156 2.41375732421875 2.3824181556701660156 2.3603501319885253906
2.5136809349060058594 2.503566741943359375 2.4925749301910400391 2.4954471588134765625 2.513896942138671875 2.5347349643707275391 2.5500836372375488281 2.5599696636199951172 2.5661206245422363281 2.5623819828033447266 2.5621805191040039063 2.5656626224517822266 2.5758259296417236328 2.5835993289947509766 2.5845315456390380859 2.5805227756500244141 2.5866811275482177734 2.5857036113739013672 2.5675859451293945313 2.5488505363464355469 2.5264492034912109375 2.5064711570739746094 2.4948477745056152344 2.4972240924835205078 2.5013263225555419922 2.5123972892761230469 2.5233762264251708984 2.5221796035766601563 2.5115303993225097656 2.4983093738555908203 2.4944212436676025391 2.4925513267517089844 2.4837596416473388672 2.4699101448059082031 2.4503078460693359375 2.4246547222137451172 2.3990809917449951172 2.3763496875762939453
2.5475661754608154297 2.5303337574005126953 2.5221731662750244141 2.5229158401489257813 2.5286495685577392578 2.5452468395233154297 2.5620710849761962891 2.5688500404357910156 2.5729427337646484375 2.5689139366149902344 2.5719122886657714844 2.5759015083312988281 2.5769765377044677734 2.5720155239105224609 2.5711231231689453125 2.5631160736083984375 2.5602993965148925781 2.5404229164123535156 2.5129122734069824219 2.4893946647644042969 2.4657053947448730469 2.4585068225860595703 2.4584369659423828125 2.4725403785705566406 2.4864420890808105469 2.5080401897430419922 2.5232799053192138672 2.5142364501953125 2.4989736080169677734 2.4898943901062011719 2.4859375953674316406 2.4768335819244384766 2.4653351306915283203 2.4557142257690429688 2.4435548782348632813 2.4274821281433105469 2.4098947048187255859 2.3934888839721679688
2.5405170917510986328 2.5163791179656982422 2.5083839893341064453 2.5084955692291259766 2.5180377960205078125 2.5398590564727783203 2.5562636852264404297 2.5619409084320068359 2.5696520805358886719 2.5647091865539550781 2.5584249496459960938 2.5572440624237060547 2.5533661842346191406 2.5492436885833740234 2.5526247024536132813 2.5401151180267333984 2.5163931846618652344 2.4952394962310791016 2.4746336936950683594 2.4507024288177490234 2.4360330104827880859 2.4299216270446777344 2.4364476203918457031 2.4524908065795898438 2.4741332530975341797 2.497486114501953125 2.5068316459655761719 2.4993503093719482422 2.4842469692230224609 2.4799096584320068359 2.4793775081634521484 2.4669632911682128906 2.451934814453125 2.4456059932708740234 2.4391658306121826172 2.4268152713775634766 2.4110724925994873047 2.3943924903869628906
2.4942238330841064453 2.4797854423522949219 2.4831547737121582031 2.4968121051788330078 2.5121247768402099609 2.5322577953338623047 2.5425527095794677734 2.5392999649047851563 2.5419871807098388672 2.5392251014709472656 2.5318999290466308594 2.5257933139801025391 2.5253908634185791016 2.5240826606750488281 2.5211880207061767578 2.5027337074279785156 2.4839675426483154297 2.4822089672088623047 2.4658706188201904297 2.4411296844482421875 2.4295518398284912109 2.4210257530212402344 2.4223139286041259766 2.4248421192169189453 2.4387507438659667969 2.4462990760803222656 2.4573271274566650391 2.4701166152954101563 2.4700918197631835938 2.4677410125732421875 2.4634289741516113281 2.4603743553161621094 2.4581110477447509766 2.4593598842620849609 2.4599614143371582031 2.4544086456298828125 2.4394764900207519531 2.4204695224761962891
2.4799091815948486328 2.4741208553314208984 2.4836900234222412109 2.4941747188568115234 2.5053699016571044922 2.5222184658050537109 2.5315463542938232422 2.5299320220947265625 2.5287609100341796875 2.5215442180633544922 2.5089097023010253906 2.5012915134429931641 2.5013298988342285156 2.4972548484802246094 2.5001544952392578125 2.4889304637908935547 2.4921576976776123047 2.4885206222534179688 2.4648883342742919922 2.4413766860961914063 2.4315996170043945313 2.4120261669158935547 2.4146897792816162109 2.4250867366790771484 2.43805694580078125 2.4393186569213867188 2.4324250221252441406 2.4419186115264892578 2.4493589401245117188 2.4451003074645996094 2.4329323768615722656 2.4347159862518310547 2.4444558620452880859 2.4626882076263427734 2.4691820144653320313 2.4590733051300048828 2.4466059207916259766 2.4336059093475341797
2.4640898704528808594 2.4580585956573486328 2.4677324295043945313 2.4735314846038818359 2.4810872077941894531 2.4971354007720947266 2.5097522735595703125 2.5102691650390625 2.5056486129760742188 2.4988648891448974609 2.495147705078125 2.4899945259094238281 2.4822108745574951172 2.4814848899841308594 2.4787557125091552734 2.4737131595611572266 2.4846608638763427734 2.4864778518676757813 2.4646472930908203125 2.4519793987274169922 2.4565622806549072266 2.4431409835815429688 2.4266016483306884766 2.4187116622924804688 2.4381256103515625 2.4562804698944091797 2.4447965621948242188 2.4328000545501708984 2.4364328384399414063 2.4224853515625 2.4104833602905273438 2.4179353713989257813 2.4332857131958007813 2.4526147842407226563 2.4604318141937255859 2.4517045021057128906 2.4476299285888671875 2.4445486068725585938
2.4671418666839599609 2.4423649311065673828 2.4436023235321044922 2.4438080787658691406 2.4470293521881103516 2.4660170078277587891 2.4859213829040527344 2.4995453357696533203 2.4979188442230224609 2.4871542453765869141 2.4890508651733398438 2.497272491455078125 2.5054736137390136719 2.5035173892974853516 2.5008685588836669922 2.4917964935302734375 2.4857916831970214844 2.4864568710327148438 2.4878671169281005859 2.4850964546203613281 2.490631103515625 2.4771718978881835938 2.4594457149505615234 2.4370024204254150391 2.4389784336090087891 2.4614608287811279297 2.4799120426177978516 2.4615378379821777344 2.4388859272003173828 2.4167492389678955078 2.4049155712127685547 2.4134075641632080078 2.4247264862060546875 2.4441049098968505859 2.4594020843505859375 2.4581167697906494141 2.4521191120147705078 2.4471917152404785156
2.4847204685211181641 2.4491415023803710938 2.4288229942321777344 2.4214878082275390625 2.4251718521118164063 2.4375965595245361328 2.4538717269897460938 2.4696233272552490234 2.4756121635437011719 2.4743604660034179688 2.4743399620056152344 2.4820661544799804688 2.4899790287017822266 2.4919335842132568359 2.4924154281616210938 2.4928307533264160156 2.4928953647613525391 2.4895679950714111328 2.481845855712890625 2.4828598499298095703 2.4799273014068603516 2.4542105197906494141 2.442501068115234375 2.4417245388031005859 2.4562652111053466797 2.4709808826446533203 2.4830913543701171875 2.4862093925476074219 2.4673562049865722656 2.4373605251312255859 2.4192142486572265625 2.4190933704376220703 2.4314873218536376953 2.4449212551116943359 2.4557960033416748047 2.4593479633331298828 2.4580428600311279297 2.4539356231689453125
2.4951426982879638672 2.4667379856109619141 2.4363152980804443359 2.419139862060546875 2.4137530326843261719 2.411472320556640625 2.4170343875885009766 2.4303488731384277344 2.4426784515380859375 2.4491171836853027344 2.4546055793762207031 2.4622435569763183594 2.4714210033416748047 2.4797251224517822266 2.4924037456512451172 2.4946582317352294922 2.4953174591064453125 2.4837334156036376953 2.4802882671356201172 2.4826254844665527344 2.4756042957305908203 2.4567058086395263672 2.4476206302642822266 2.4478552341461181641 2.4742374420166015625 2.4970834255218505859 2.4905924797058105469 2.4937381744384765625 2.4795458316802978516 2.4433274269104003906 2.4299991130828857422 2.4342529773712158203 2.4456369876861572266 2.4628994464874267578 2.4762942790985107422 2.4863595962524414063 2.4902620315551757813 2.4863524436950683594
2.5225625038146972656 2.4903776645660400391 2.4522857666015625 2.4202134609222412109 2.4022355079650878906 2.4072611331939697266 2.4178812503814697266 2.4195239543914794922 2.4177682399749755859 2.4187140464782714844 2.4317221641540527344 2.4549341201782226563 2.4754774570465087891 2.4841160774230957031 2.4989006519317626953 2.496734619140625 2.4938893318176269531 2.4854607582092285156 2.4830775260925292969 2.4850707054138183594 2.4822540283203125 2.4808719158172607422 2.4654645919799804688 2.4735569953918457031 2.4965989589691162109 2.4946334362030029297 2.4752299785614013672 2.4653842449188232422 2.4510655403137207031 2.4237596988677978516 2.4276061058044433594 2.4193234443664550781 2.4383602142333984375 2.4708759784698486328 2.4952592849731445313 2.5141503810882568359 2.5232379436492919922 2.5180172920227050781
