MapLinkProApp/griddata/temperature/ASCII/cmems_mod_glo_phy-thetao_anfc_0,083deg_P1D-m_1702458667101_40,3.asc
ncols        121
nrows        120
xllcorner    -30.041666666667
yllcorner    40.041666655981
cellsize     0.083333333333
NODATA_value  9.9692099683868690468e+36
[rows 18 to 35 of 120, columns 0 to 39 of 121]
13.999477386474609375 13.870184898376464844 13.724692344665527344 13.586637496948242188 13.582996368408203125 13.785323143005371094 13.968527793884277344 13.848169326782226563 13.480395317077636719 13.096341133117675781 12.821551322937011719 12.667148590087890625 12.608851432800292969 12.603238105773925781 12.612049102783203125 12.629329681396484375 12.635649681091308594 12.606595993041992188 12.631372451782226563 12.745949745178222656 12.962749481201171875 13.1678619384765625 13.340725898742675781 13.376140594482421875 13.338372230529785156 13.28673553466796875 13.178669929504394531 13.176411628723144531 12.952953338623046875 12.522297859191894531 12.277445793151855469 12.265239715576171875 12.340730667114257813 12.414058685302734375 12.377527236938476563 12.255924224853515625 12.159074783325195313 12.101559638977050781 12.172697067260742188 12.365334510803222656
14.000948905944824219 13.835641860961914063 13.691843986511230469 13.617427825927734375 13.663430213928222656 13.850945472717285156 14.036396026611328125 13.998450279235839844 13.689928054809570313 13.290030479431152344 12.967246055603027344 12.755948066711425781 12.634237289428710938 12.592624664306640625 12.605014801025390625 12.607248306274414063 12.596202850341796875 12.681576728820800781 12.892713546752929688 13.142489433288574219 13.40224456787109375 13.591655731201171875 13.703256607055664063 13.655843734741210938 13.530637741088867188 13.434859275817871094 13.32338714599609375 13.223948478698730469 13.214589118957519531 12.991198539733886719 12.581140518188476563 12.289090156555175781 12.218710899353027344 12.279791831970214844 12.305498123168945313 12.262068748474121094 12.201158523559570313 12.135633468627929688 12.205905914306640625 12.396084785461425781
13.926604270935058594 13.762170791625976563 13.675741195678710938 13.684760093688964844 13.780175209045410156 13.945428848266601563 14.095754623413085938 14.06279754638671875 13.781687736511230469 13.38265228271484375 13.029524803161621094 12.783175468444824219 12.641383171081542969 12.589858055114746094 12.592442512512207031 12.633203506469726563 12.753193855285644531 12.995053291320800781 13.296223640441894531 13.581102371215820313 13.816558837890625 13.955686569213867188 13.977307319641113281 13.844265937805175781 13.666959762573242188 13.532491683959960938 13.433440208435058594 13.322540283203125 13.244311332702636719 13.187012672424316406 13.007935523986816406 12.717939376831054688 12.440906524658203125 12.289776802062988281 12.252396583557128906 12.229992866516113281 12.199565887451171875 12.163025856018066406 12.243106842041015625 12.398344039916992188
13.795657157897949219 13.737543106079101563 13.784745216369628906 13.876751899719238281 13.983853340148925781 14.089644432067871094 14.153018951416015625 14.079701423645019531 13.784090995788574219 13.36508941650390625 12.983077049255371094 12.718141555786132813 12.604199409484863281 12.616509437561035156 12.66941070556640625 12.768926620483398438 13.038553237915039063 13.449901580810546875 13.797430992126464844 14.043789863586425781 14.198215484619140625 14.246386528015136719 14.158307075500488281 13.9864654541015625 13.772389411926269531 13.649012565612792969 13.561503410339355469 13.479670524597167969 13.357557296752929688 13.225393295288085938 13.129979133605957031 13.020562171936035156 12.826554298400878906 12.566587448120117188 12.365176200866699219 12.259769439697265625 12.195685386657714844 12.192968368530273438 12.274912834167480469 12.359114646911621094
13.837957382202148438 13.900144577026367188 13.991738319396972656 14.063342094421386719 14.118922233581542969 14.164505958557128906 14.169224739074707031 14.024295806884765625 13.673987388610839844 13.237647056579589844 12.863494873046875 12.652612686157226563 12.613413810729980469 12.637354850769042969 12.7112884521484375 12.977458000183105469 13.457241058349609375 13.845969200134277344 14.09416961669921875 14.230794906616210938 14.313649177551269531 14.323258399963378906 14.217183113098144531 14.048940658569335938 13.832575798034667969 13.718178749084472656 13.653162956237792969 13.596072196960449219 13.523112297058105469 13.385223388671875 13.228449821472167969 13.085028648376464844 12.934981346130371094 12.756344795227050781 12.534228324890136719 12.361499786376953125 12.251402854919433594 12.227708816528320313 12.283619880676269531 12.330082893371582031
14.043279647827148438 14.083642959594726563 14.098257064819335938 14.107989311218261719 14.141782760620117188 14.173761367797851563 14.113373756408691406 13.907237052917480469 13.523896217346191406 13.076638221740722656 12.744595527648925781 12.61441802978515625 12.632962226867675781 12.754014968872070313 13.103329658508300781 13.617857933044433594 13.982945442199707031 14.186132431030273438 14.305599212646484375 14.363762855529785156 14.414801597595214844 14.427738189697265625 14.364231109619140625 14.198759078979492188 13.954738616943359375 13.765125274658203125 13.701125144958496094 13.658031463623046875 13.634172439575195313 13.572222709655761719 13.462285995483398438 13.347083091735839844 13.0838470458984375 12.832494735717773438 12.651642799377441406 12.489872932434082031 12.354590415954589844 12.281650543212890625 12.276728630065917969 12.293189048767089844
14.120800018310546875 14.101192474365234375 14.071489334106445313 14.045662879943847656 14.068362236022949219 14.142523765563964844 14.098809242248535156 13.835672378540039063 13.417040824890136719 12.992255210876464844 12.746420860290527344 12.719721794128417969 12.854558944702148438 13.243623733520507813 13.797810554504394531 14.125514984130859375 14.280935287475585938 14.360849380493164063 14.385345458984375 14.393642425537109375 14.41841888427734375 14.430764198303222656 14.423624992370605469 14.33991241455078125 14.111054420471191406 13.850460052490234375 13.733205795288085938 13.691990852355957031 13.674958229064941406 13.693859100341796875 13.645703315734863281 13.609375 13.446638107299804688 13.057476997375488281 12.712614059448242188 12.519057273864746094 12.398917198181152344 12.308950424194335938 12.257233619689941406 12.25490570068359375
14.067258834838867188 14.029232025146484375 13.995678901672363281 13.973181724548339844 13.986598014831542969 14.064038276672363281 14.081655502319335938 13.876207351684570313 13.487807273864746094 13.134687423706054688 12.979579925537109375 13.101399421691894531 13.506184577941894531 13.975107192993164063 14.246587753295898438 14.340224266052246094 14.37369537353515625 14.39124298095703125 14.410355567932128906 14.439290046691894531 14.459424018859863281 14.443539619445800781 14.406550407409667969 14.385881423950195313 14.197637557983398438 13.923758506774902344 13.775751113891601563 13.741832733154296875 13.754599571228027344 13.810832023620605469 13.82865142822265625 13.789278984069824219 13.782373428344726563 13.571602821350097656 13.104498863220214844 12.698873519897460938 12.460880279541015625 12.34197998046875 12.271436691284179688 12.247662544250488281
13.885969161987304688 13.877010345458984375 13.937425613403320313 14.028285980224609375 14.073552131652832031 14.090809822082519531 14.089703559875488281 13.935573577880859375 13.628933906555175781 13.387544631958007813 13.464128494262695313 13.857933998107910156 14.231622695922851563 14.362401962280273438 14.367551803588867188 14.369894981384277344 14.420968055725097656 14.499327659606933594 14.578722953796386719 14.646223068237304688 14.666384696960449219 14.626370429992675781 14.527926445007324219 14.483470916748046875 14.270229339599609375 14.002105712890625 13.843350410461425781 13.814938545227050781 13.837834358215332031 13.833074569702148438 13.824077606201171875 13.781198501586914063 13.802649497985839844 13.82450103759765625 13.537148475646972656 13.05217742919921875 12.652482986450195313 12.433119773864746094 12.306160926818847656 12.277189254760742188
13.641691207885742188 13.697838783264160156 13.820166587829589844 13.890690803527832031 13.909597396850585938 13.9119110107421875 13.851686477661132813 13.719309806823730469 13.590150833129882813 13.683526992797851563 13.978709220886230469 14.220870018005371094 14.337495803833007813 14.315123558044433594 14.339357376098632813 14.415103912353515625 14.516364097595214844 14.630220413208007813 14.736405372619628906 14.82877349853515625 14.8625030517578125 14.826574325561523438 14.734959602355957031 14.622229576110839844 14.446117401123046875 14.118372917175292969 13.947784423828125 13.892203330993652344 13.863101959228515625 13.743412017822265625 13.698651313781738281 13.721889495849609375 13.760692596435546875 13.8443756103515625 13.72348785400390625 13.335094451904296875 12.874056816101074219 12.591422080993652344 12.411335945129394531 12.384577751159667969
13.520481109619140625 13.611174583435058594 13.699695587158203125 13.749707221984863281 13.786129951477050781 13.836658477783203125 13.904752731323242188 13.985448837280273438 14.08742523193359375 14.2248687744140625 14.320731163024902344 14.3172760009765625 14.300305366516113281 14.299695014953613281 14.328078269958496094 14.38663482666015625 14.496546745300292969 14.62865447998046875 14.76712799072265625 14.873517036437988281 14.91641998291015625 14.891681671142578125 14.826468467712402344 14.735342025756835938 14.604500770568847656 14.343729019165039063 14.12085723876953125 14.025151252746582031 13.912604331970214844 13.711451530456542969 13.630576133728027344 13.809102058410644531 13.889710426330566406 13.93939208984375 13.880716323852539063 13.611053466796875 13.182559013366699219 12.858597755432128906 12.621832847595214844 12.616107940673828125
13.718257904052734375 13.855010032653808594 13.9455413818359375 14.01178741455078125 14.063100814819335938 14.120427131652832031 14.182873725891113281 14.248333930969238281 14.306084632873535156 14.320830345153808594 14.280961990356445313 14.22444915771484375 14.196694374084472656 14.206961631774902344 14.244971275329589844 14.321912765502929688 14.419747352600097656 14.531620025634765625 14.664890289306640625 14.787552833557128906 14.861417770385742188 14.8488616943359375 14.783992767333984375 14.709147453308105469 14.616578102111816406 14.481768608093261719 14.276913642883300781 14.170355796813964844 14.005423545837402344 13.753175735473632813 13.648159027099609375 13.859274864196777344 14.072080612182617188 14.094583511352539063 14.022417068481445313 13.767668724060058594 13.383257865905761719 13.048244476318359375 12.846098899841308594 12.834398269653320313
13.958001136779785156 14.024745941162109375 14.057630538940429688 14.089929580688476563 14.130282402038574219 14.183943748474121094 14.245673179626464844 14.276888847351074219 14.248742103576660156 14.175553321838378906 14.095900535583496094 14.046062469482421875 14.032812118530273438 14.05211639404296875 14.121799468994140625 14.240880012512207031 14.354144096374511719 14.444896697998046875 14.533133506774902344 14.644001007080078125 14.749258041381835938 14.8019866943359375 14.774315834045410156 14.699320793151855469 14.589350700378417969 14.485687255859375 14.368887901306152344 14.290455818176269531 14.140410423278808594 13.838472366333007813 13.676030158996582031 13.782145500183105469 14.041028976440429688 14.117491722106933594 14.0513153076171875 13.809061050415039063 13.472827911376953125 13.179821968078613281 13.031048774719238281 12.969595909118652344
14.0392303466796875 14.00562286376953125 13.971655845642089844 13.966347694396972656 13.991532325744628906 14.034089088439941406 14.0380401611328125 13.979513168334960938 13.887659072875976563 13.804568290710449219 13.756948471069335938 13.739109992980957031 13.754611968994140625 13.814908981323242188 13.927301406860351563 14.076082229614257813 14.231555938720703125 14.337813377380371094 14.394534111022949219 14.4504547119140625 14.549250602722167969 14.657724380493164063 14.723474502563476563 14.719539642333984375 14.654066085815429688 14.541296005249023438 14.430051803588867188 14.336393356323242188 14.212114334106445313 13.9502716064453125 13.729472160339355469 13.682467460632324219 13.757897377014160156 13.841630935668945313 13.789172172546386719 13.624662399291992188 13.389241218566894531 13.207674980163574219 13.173372268676757813 13.13375091552734375
13.979290008544921875 13.89215087890625 13.825758934020996094 13.795359611511230469 13.800844192504882813 13.790131568908691406 13.731602668762207031 13.648322105407714844 13.57862091064453125 13.541608810424804688 13.529824256896972656 13.536530494689941406 13.565294265747070313 13.624424934387207031 13.728219985961914063 13.881056785583496094 14.067018508911132813 14.232011795043945313 14.322024345397949219 14.354130744934082031 14.395094871520996094 14.482637405395507813 14.588702201843261719 14.665068626403808594 14.68080902099609375 14.629512786865234375 14.523382186889648438 14.411454200744628906 14.27013397216796875 14.053065299987792969 13.825563430786132813 13.687887191772460938 13.641537666320800781 13.636715888977050781 13.592595100402832031 13.503649711608886719 13.394673347473144531 13.310536384582519531 13.367331504821777344 13.386959075927734375
13.867211341857910156 13.765459060668945313 13.70198822021484375 13.676207542419433594 13.657247543334960938 13.619266510009765625 13.561861038208007813 13.5105438232421875 13.490107536315917969 13.493291854858398438 13.499223709106445313 13.504883766174316406 13.507961273193359375 13.514372825622558594 13.542391777038574219 13.610617637634277344 13.741754531860351563 13.926349639892578125 14.11474609375 14.243997573852539063 14.305826187133789063 14.349791526794433594 14.413584709167480469 14.497018814086914063 14.582726478576660156 14.636514663696289063 14.625847816467285156 14.567921638488769531 14.494400978088378906 14.381533622741699219 14.20911407470703125 14.035661697387695313 13.913535118103027344 13.838235855102539063 13.758248329162597656 13.665703773498535156 13.632908821105957031 13.614527702331542969 13.689797401428222656 13.69004058837890625
13.812496185302734375 13.731913566589355469 13.675762176513671875 13.645227432250976563 13.616501808166503906 13.584245681762695313 13.556944847106933594 13.541537284851074219 13.539763450622558594 13.540162086486816406 13.542090415954589844 13.553505897521972656 13.554452896118164063 13.545445442199707031 13.531137466430664063 13.52542877197265625 13.553935050964355469 13.638703346252441406 13.790127754211425781 13.977193832397460938 14.147787094116210938 14.272458076477050781 14.361453056335449219 14.418906211853027344 14.46088409423828125 14.533684730529785156 14.611979484558105469 14.619580268859863281 14.588505744934082031 14.564056396484375 14.53354644775390625 14.454051017761230469 14.360239982604980469 14.261472702026367188 14.1564788818359375 14.061434745788574219 14.00849151611328125 13.976964950561523438 14.013086318969726563 13.966422080993652344
13.792357444763183594 13.732104301452636719 13.703298568725585938 13.680552482604980469 13.650183677673339844 13.620619773864746094 13.598829269409179688 13.587430953979492188 13.586015701293945313 13.592595100402832031 13.602102279663085938 13.610337257385253906 13.615164756774902344 13.612001419067382813 13.59825897216796875 13.573064804077148438 13.546709060668945313 13.549814224243164063 13.599696159362792969 13.694100379943847656 13.826048851013183594 13.990985870361328125 14.176591873168945313 14.348023414611816406 14.441373825073242188 14.443555831909179688 14.463812828063964844 14.540188789367675781 14.580368995666503906 14.570497512817382813 14.567399978637695313 14.576127052307128906 14.573710441589355469 14.549428939819335938 14.510380744934082031 14.450466156005859375 14.362988471984863281 14.273390769958496094 14.187872886657714844 14.032916069030761719
