MapLinkProApp/griddata/temperature/ASCII/cmems_mod_glo_phy-thetao_anfc_0,083deg_P1D-m_1702458667101_2865,7.asc
ncols        121
nrows        120
xllcorner    -30.041666666667
yllcorner    40.041666655981
cellsize     0.083333333333
NODATA_value  9.9692099683868690468e+36
[rows 0 to 16 of 120, columns 0 to 38 of 121]
2.8367867469787597656 2.8203809261322021484 2.8466281890869140625 9.9692099683868690468e+36 9.9692099683868690468e+36 2.8498051166534423828 2.8646700382232666016 2.8597054481506347656 9.9692099683868690468e+36 2.8466315269470214844 2.8552286624908447266 2.870532989501953125 2.8665530681610107422 2.8573305606842041016 2.8557755947113037109 2.8814554214477539063 9.9692099683868690468e+36 9.9692099683868690468e+36 2.9274911880493164063 9.9692099683868690468e+36 2.9555795192718505859 2.9393208026885986328 9.9692099683868690468e+36 2.926486968994140625 2.9155673980712890625 2.9154953956604003906 2.9205083847045898438 2.9326875209808349609 2.9318163394927978516 2.9166960716247558594 2.8934986591339111328 2.8681552410125732422 2.8486511707305908203 2.8353960514068603516 2.8347575664520263672 2.8332955837249755859 2.8252582550048828125 2.8070888519287109375 2.795093536376953125
2.8151993751525878906 2.8264193534851074219 2.8588175773620605469 9.9692099683868690468e+36 9.9692099683868690468e+36 9.9692099683868690468e+36 2.8679676055908203125 2.9018132686614990234 9.9692099683868690468e+36 2.8832736015319824219 2.8589541912078857422 2.8485605716705322266 2.849925994873046875 2.8508923053741455078 2.8536360263824462891 2.8625369071960449219 2.8733651638031005859 9.9692099683868690468e+36 9.9692099683868690468e+36 2.9068253040313720703 9.9692099683868690468e+36 2.9632852077484130859 2.9527521133422851563 2.9475984573364257813 2.9268603324890136719 2.9328534603118896484 2.9496669769287109375 2.9370338916778564453 2.9200618267059326172 2.8901174068450927734 2.8636243343353271484 2.8559491634368896484 2.8552689552307128906 2.8543629646301269531 2.8486123085021972656 2.8524997234344482422 2.8430280685424804688 2.8203923702239990234 2.8169720172882080078
9.9692099683868690468e+36 9.9692099683868690468e+36 9.9692099683868690468e+36 2.8974652290344238281 9.9692099683868690468e+36 9.9692099683868690468e+36 9.9692099683868690468e+36 9.9692099683868690468e+36 9.9692099683868690468e+36 9.9692099683868690468e+36 2.8824522495269775391 2.8929593563079833984 2.8875184059143066406 2.8887083530426025391 2.8947629928588867188 2.8931336402893066406 2.8982729911804199219 2.9097170829772949219 2.9249360561370849609 2.9478840827941894531 9.9692099683868690468e+36 2.9309315681457519531 2.9286801815032958984 2.9408164024353027344 2.9371767044067382813 9.9692099683868690468e+36 2.9344267845153808594 2.9117906093597412109 9.9692099683868690468e+36 2.9075603485107421875 2.8759791851043701172 2.8621816635131835938 2.8605778217315673828 2.8535449504852294922 2.8613348007202148438 2.859714508056640625 2.8453907966613769531 2.8356549739837646484 2.8332746028900146484
9.9692099683868690468e+36 9.9692099683868690468e+36 9.9692099683868690468e+36 2.8413159847259521484 2.8527340888977050781 2.8708486557006835938 2.9310736656188964844 9.9692099683868690468e+36 9.9692099683868690468e+36 9.9692099683868690468e+36 9.9692099683868690468e+36 9.9692099683868690468e+36 2.9027986526489257813 2.9324169158935546875 2.940837860107421875 2.9245653152465820313 2.9210169315338134766 2.9210493564605712891 2.9289190769195556641 2.9391026496887207031 2.92934417724609375 2.9164133071899414063 2.9241824150085449219 2.9334428310394287109 2.9403710365295410156 9.9692099683868690468e+36 2.9257254600524902344 2.9118609428405761719 2.8997831344604492188 2.8796176910400390625 2.8518822193145751953 2.8327276706695556641 2.8449566364288330078 2.8464558124542236328 2.8662145137786865234 2.8599503040313720703 2.8477540016174316406 2.848758697509765625 2.8444566726684570313
2.8404719829559326172 2.8336725234985351563 2.8177678585052490234 2.8274831771850585938 2.8101344108581542969 2.8214983940124511719 2.8566162586212158203 2.8903934955596923828 2.9107160568237304688 9.9692099683868690468e+36 9.9692099683868690468e+36 9.9692099683868690468e+36 9.9692099683868690468e+36 9.9692099683868690468e+36 9.9692099683868690468e+36 9.9692099683868690468e+36 9.9692099683868690468e+36 9.9692099683868690468e+36 9.9692099683868690468e+36 2.9346711635589599609 2.9300160408020019531 9.9692099683868690468e+36 2.9063127040863037109 2.9215190410614013672 2.9296114444732666016 2.9474055767059326172 2.9252226352691650391 9.9692099683868690468e+36 9.9692099683868690468e+36 9.9692099683868690468e+36 9.9692099683868690468e+36 2.8851666450500488281 2.8582253456115722656 2.8326575756072998047 2.8163852691650390625 2.8114004135131835938 2.8012909889221191406 2.8126628398895263672 2.8218169212341308594
2.7846887111663818359 2.7654752731323242188 2.7754664421081542969 2.8072717189788818359 2.8138301372528076172 2.8328227996826171875 2.8386721611022949219 2.8500678539276123047 2.8506996631622314453 2.8656897544860839844 2.8910925388336181641 9.9692099683868690468e+36 9.9692099683868690468e+36 9.9692099683868690468e+36 9.9692099683868690468e+36 9.9692099683868690468e+36 9.9692099683868690468e+36 9.9692099683868690468e+36 9.9692099683868690468e+36 2.9592428207397460938 2.9657528400421142578 9.9692099683868690468e+36 9.9692099683868690468e+36 9.9692099683868690468e+36 9.9692099683868690468e+36 9.9692099683868690468e+36 2.9572169780731201172 9.9692099683868690468e+36 9.9692099683868690468e+36 9.9692099683868690468e+36 9.9692099683868690468e+36 9.9692099683868690468e+36 2.8722896575927734375 2.8249957561492919922 9.9692099683868690468e+36 2.8357329368591308594 2.8009083271026611328 2.7875165939331054688 2.7862594127655029297
2.7877740859985351563 2.7796194553375244141 2.7807736396789550781 2.8068017959594726563 2.8146915435791015625 2.8377816677093505859 2.8646368980407714844 2.8466961383819580078 2.8398303985595703125 2.852863311767578125 2.8765113353729248047 2.9044775962829589844 9.9692099683868690468e+36 9.9692099683868690468e+36 9.9692099683868690468e+36 9.9692099683868690468e+36 9.9692099683868690468e+36 9.9692099683868690468e+36 2.9577481746673583984 2.9596338272094726563 9.9692099683868690468e+36 9.9692099683868690468e+36 9.9692099683868690468e+36 9.9692099683868690468e+36 9.9692099683868690468e+36 9.9692099683868690468e+36 9.9692099683868690468e+36 9.9692099683868690468e+36 9.9692099683868690468e+36 9.9692099683868690468e+36 9.9692099683868690468e+36 9.9692099683868690468e+36 2.8718700408935546875 2.8315715789794921875 2.8201498985290527344 2.7928426265716552734 2.8139121532440185547 9.9692099683868690468e+36 9.9692099683868690468e+36
2.7994487285614013672 2.7962107658386230469 2.7903988361358642578 2.8085031509399414063 2.8037626743316650391 2.8246860504150390625 2.8350894451141357422 2.846038818359375 2.8413567543029785156 2.8556973934173583984 2.8835074901580810547 2.9145119190216064453 2.9408442974090576172 2.9566369056701660156 3.0001299381256103516 9.9692099683868690468e+36 9.9692099683868690468e+36 9.9692099683868690468e+36 2.9635894298553466797 2.9378485679626464844 2.9356968402862548828 9.9692099683868690468e+36 9.9692099683868690468e+36 9.9692099683868690468e+36 9.9692099683868690468e+36 9.9692099683868690468e+36 9.9692099683868690468e+36 9.9692099683868690468e+36 9.9692099683868690468e+36 2.8690526485443115234 2.8731634616851806641 2.8566408157348632813 2.8309879302978515625 2.8054735660552978516 2.7824251651763916016 2.7529919147491455078 2.7751276493072509766 2.839382171630859375 9.9692099683868690468e+36
2.8613708019256591797 2.8390221595764160156 2.8100590705871582031 2.8335604667663574219 2.8341553211212158203 2.8369164466857910156 2.8217852115631103516 2.8258085250854492188 2.8270254135131835938 2.8449120521545410156 2.8538300991058349609 2.889278411865234375 9.9692099683868690468e+36 9.9692099683868690468e+36 3.0157005786895751953 3.0315618515014648438 3.0322985649108886719 9.9692099683868690468e+36 9.9692099683868690468e+36 2.9405035972595214844 2.9446566104888916016 9.9692099683868690468e+36 9.9692099683868690468e+36 9.9692099683868690468e+36 9.9692099683868690468e+36 9.9692099683868690468e+36 9.9692099683868690468e+36 9.9692099683868690468e+36 9.9692099683868690468e+36 2.8493413925170898438 2.8632075786590576172 2.8563055992126464844 2.8252327442169189453 2.8103888034820556641 2.7803266048431396484 2.7808687686920166016 2.7924394607543945313 2.8013103008270263672 2.7734856605529785156
9.9692099683868690468e+36 9.9692099683868690468e+36 2.7999627590179443359 2.8253035545349121094 2.8614675998687744141 9.9692099683868690468e+36 9.9692099683868690468e+36 9.9692099683868690468e+36 2.8536980152130126953 2.8601522445678710938 2.8587241172790527344 2.9065012931823730469 9.9692099683868690468e+36 9.9692099683868690468e+36 9.9692099683868690468e+36 9.9692099683868690468e+36 9.9692099683868690468e+36 9.9692099683868690468e+36 9.9692099683868690468e+36 2.9251384735107421875 2.9237544536590576172 2.9341042041778564453 9.9692099683868690468e+36 9.9692099683868690468e+36 9.9692099683868690468e+36 9.9692099683868690468e+36 2.9254448413848876953 2.8579132556915283203 2.8362495899200439453 2.8348064422607421875 2.8497312068939208984 2.8451282978057861328 2.8286671638488769531 2.8195395469665527344 2.7939531803131103516 2.7733426094055175781 2.7638723850250244141 2.7636501789093017578 2.7422215938568115234
9.9692099683868690468e+36 2.753810882568359375 2.7412333488464355469 2.7767653465270996094 2.8193819522857666016 2.8412046432495117188 9.9692099683868690468e+36 2.8758449554443359375 2.8495950698852539063 2.8474547863006591797 2.8689763545989990234 2.8876309394836425781 9.9692099683868690468e+36 9.9692099683868690468e+36 9.9692099683868690468e+36 9.9692099683868690468e+36 9.9692099683868690468e+36 9.9692099683868690468e+36 9.9692099683868690468e+36 2.9058673381805419922 2.9213235378265380859 2.933788299560546875 9.9692099683868690468e+36 9.9692099683868690468e+36 9.9692099683868690468e+36 9.9692099683868690468e+36 9.9692099683868690468e+36 9.9692099683868690468e+36 2.8592457771301269531 2.8418674468994140625 2.8501827716827392578 2.8741009235382080078 9.9692099683868690468e+36 9.9692099683868690468e+36 2.7964320182800292969 2.7852935791015625 2.7808001041412353516 2.7621550559997558594 2.7313551902770996094
2.7235720157623291016 2.7609088420867919922 2.7674171924591064453 2.78363800048828125 2.7993593215942382813 2.8331806659698486328 2.8396825790405273438 2.8329448699951171875 2.8164341449737548828 2.84564971923828125 2.896305084228515625 9.9692099683868690468e+36 9.9692099683868690468e+36 9.9692099683868690468e+36 9.9692099683868690468e+36 9.9692099683868690468e+36 9.9692099683868690468e+36 9.9692099683868690468e+36 2.9505980014801025391 9.9692099683868690468e+36 2.9200766086578369141 2.9126904010772705078 2.9307799339294433594 2.9263215065002441406 9.9692099683868690468e+36 9.9692099683868690468e+36 9.9692099683868690468e+36 9.9692099683868690468e+36 2.8901879787445068359 2.9059114456176757813 9.9692099683868690468e+36 9.9692099683868690468e+36 2.8783407211303710938 2.8300459384918212891 2.7945926189422607422 2.8007400035858154297 2.7831058502197265625 2.7791261672973632813 2.7584443092346191406
2.6994910240173339844 2.7044987678527832031 2.7269828319549560547 2.7519633769989013672 2.7629892826080322266 2.8131084442138671875 2.8302741050720214844 2.8179552555084228516 2.8113591670989990234 2.8270123004913330078 2.8823323249816894531 9.9692099683868690468e+36 9.9692099683868690468e+36 9.9692099683868690468e+36 9.9692099683868690468e+36 9.9692099683868690468e+36 9.9692099683868690468e+36 9.9692099683868690468e+36 9.9692099683868690468e+36 9.9692099683868690468e+36 2.9357724189758300781 2.9277231693267822266 2.9184372425079345703 2.9221155643463134766 9.9692099683868690468e+36 9.9692099683868690468e+36 9.9692099683868690468e+36 9.9692099683868690468e+36 2.8748450279235839844 2.8684978485107421875 9.9692099683868690468e+36 9.9692099683868690468e+36 2.8660035133361816406 2.8246974945068359375 2.8082101345062255859 2.829746246337890625 2.8120286464691162109 2.7814054489135742188 2.7636024951934814453
2.7407140731811523438 2.743938446044921875 2.7618081569671630859 2.7626574039459228516 2.7657208442687988281 2.8012533187866210938 2.8158707618713378906 2.8103470802307128906 2.8139626979827880859 2.8159701824188232422 2.8282406330108642578 9.9692099683868690468e+36 9.9692099683868690468e+36 9.9692099683868690468e+36 9.9692099683868690468e+36 9.9692099683868690468e+36 9.9692099683868690468e+36 9.9692099683868690468e+36 9.9692099683868690468e+36 9.9692099683868690468e+36 9.9692099683868690468e+36 9.9692099683868690468e+36 2.9343378543853759766 2.9254467487335205078 2.908817291259765625 2.9142966270446777344 2.9116902351379394531 9.9692099683868690468e+36 2.9527294635772705078 2.9350390434265136719 2.9239318370819091797 2.9290382862091064453 2.9144845008850097656 2.8798847198486328125 2.841716766357421875 2.8328197002410888672 2.8170652389526367188 2.7900190353393554688 2.7899367809295654297
2.8053081035614013672 2.7609279155731201172 2.7506182193756103516 2.7468214035034179688 2.7628941535949707031 2.7823340892791748047 2.7794060707092285156 2.7720370292663574219 2.7568838596343994141 2.7581663131713867188 2.766326904296875 9.9692099683868690468e+36 9.9692099683868690468e+36 9.9692099683868690468e+36 9.9692099683868690468e+36 9.9692099683868690468e+36 9.9692099683868690468e+36 9.9692099683868690468e+36 9.9692099683868690468e+36 9.9692099683868690468e+36 9.9692099683868690468e+36 9.9692099683868690468e+36 9.9692099683868690468e+36 9.9692099683868690468e+36 2.9197545051574707031 2.9145562648773193359 2.9176356792449951172 9.9692099683868690468e+36 9.9692099683868690468e+36 9.9692099683868690468e+36 9.9692099683868690468e+36 9.9692099683868690468e+36 9.9692099683868690468e+36 9.9692099683868690468e+36 9.9692099683868690468e+36 2.8907213211059570313 2.8686006069183349609 2.838359832763671875 2.8213744163513183594
2.8238933086395263672 2.7823598384857177734 2.771778106689453125 2.7564523220062255859 2.7591412067413330078 2.7713613510131835938 2.7534391880035400391 2.7617919445037841797 2.7596597671508789063 2.7596929073333740234 2.7662022113800048828 9.9692099683868690468e+36 9.9692099683868690468e+36 9.9692099683868690468e+36 9.9692099683868690468e+36 9.9692099683868690468e+36 9.9692099683868690468e+36 9.9692099683868690468e+36 9.9692099683868690468e+36 9.9692099683868690468e+36 9.9692099683868690468e+36 9.9692099683868690468e+36 9.9692099683868690468e+36 9.9692099683868690468e+36 2.9291863441467285156 2.9203076362609863281 9.9692099683868690468e+36 9.9692099683868690468e+36 9.9692099683868690468e+36 9.9692099683868690468e+36 9.9692099683868690468e+36 9.9692099683868690468e+36 9.9692099683868690468e+36 9.9692099683868690468e+36 9.9692099683868690468e+36 9.9692099683868690468e+36 9.9692099683868690468e+36 9.9692099683868690468e+36 2.9013400077819824219
2.8520464897155761719 2.8045055866241455078 2.7761995792388916016 2.7502367496490478516 2.7470934391021728516 2.7384426593780517578 2.7228672504425048828 2.7152636051177978516 2.7200627326965332031 2.7381503582000732422 2.7572340965270996094 2.7963464260101318359 2.8340904712677001953 2.8614346981048583984 2.8965599536895751953 9.9692099683868690468e+36 9.9692099683868690468e+36 9.9692099683868690468e+36 9.9692099683868690468e+36 9.9692099683868690468e+36 9.9692099683868690468e+36 9.9692099683868690468e+36 9.9692099683868690468e+36 9.9692099683868690468e+36 2.932003021240234375 2.9374144077301025391 2.9360220432281494141 9.9692099683868690468e+36 9.9692099683868690468e+36 9.9692099683868690468e+36 9.9692099683868690468e+36 9.9692099683868690468e+36 9.9692099683868690468e+36 9.9692099683868690468e+36 9.9692099683868690468e+36 9.9692099683868690468e+36 9.9692099683868690468e+36 9.9692099683868690468e+36 9.9692099683868690468e+36
