MapLinkProApp/griddata/temperature/ASCII/cmems_mod_glo_phy-thetao_anfc_0,083deg_P1D-m_1702458667101_1941,9.asc
ncols        121
nrows        120
xllcorner    -30.041666666667
yllcorner    40.041666655981
cellsize     0.083333333333
NODATA_value  9.9692099683868690468e+36
[rows 18 to 35 of 120, columns 80 to 119 of 121]
3.3869259357452392578 3.3897058963775634766 3.3896229267120361328 3.3873398303985595703 3.3878734111785888672 3.3963859081268310547 3.4102251529693603516 3.4142916202545166016 3.4173643589019775391 3.4233243465423583984 3.43607330322265625 3.4510335922241210938 3.4610676765441894531 3.4623541831970214844 3.4606854915618896484 3.4545552730560302734 3.4462354183197021484 3.4425513744354248047 3.4474363327026367188 3.4496927261352539063 3.4421052932739257813 3.4353041648864746094 3.4302949905395507813 3.4255595207214355469 3.4123311042785644531 3.4012484550476074219 3.4129853248596191406 3.4367663860321044922 3.4558837413787841797 3.4551465511322021484 3.4327814579010009766 3.4161508083343505859 3.4207952022552490234 3.4309535026550292969 3.4384081363677978516 3.4437737464904785156 3.4446575641632080078 3.4503755569458007813 3.4534294605255126953 3.4567351341247558594
3.3913569450378417969 3.3905384540557861328 3.3864648342132568359 3.3830938339233398438 3.3892834186553955078 3.4039664268493652344 3.4114797115325927734 3.4141247272491455078 3.4232366085052490234 3.4415156841278076172 3.4606366157531738281 3.4723331928253173828 3.4805314540863037109 3.482593536376953125 3.4812493324279785156 3.4775757789611816406 3.4703481197357177734 3.4657552242279052734 3.4728705883026123047 3.4787282943725585938 3.4703464508056640625 3.4637339115142822266 3.4541764259338378906 3.440731048583984375 3.426849365234375 3.4276151657104492188 3.4441936016082763672 3.4572250843048095703 3.4614667892456054688 3.446514129638671875 3.4239525794982910156 3.4219121932983398438 3.4316039085388183594 3.4355001449584960938 3.4375410079956054688 3.4510354995727539063 3.4776329994201660156 3.4932661056518554688 3.4885842800140380859 3.4786231517791748047
3.3994152545928955078 3.3983769416809082031 3.4034407138824462891 3.4050431251525878906 3.4087884426116943359 3.4239795207977294922 3.4268009662628173828 3.4288916587829589844 3.4442009925842285156 3.4591581821441650391 3.4703252315521240234 3.4861407279968261719 3.5023059844970703125 3.4980890750885009766 3.4923980236053466797 3.4914023876190185547 3.4958465099334716797 3.5041759014129638672 3.5052521228790283203 3.5017626285552978516 3.50118255615234375 3.4883127212524414063 3.4657566547393798828 3.4444372653961181641 3.4443590641021728516 3.4560930728912353516 3.4666590690612792969 3.4695866107940673828 3.4563786983489990234 3.4355421066284179688 3.4223992824554443359 3.42608642578125 3.4272890090942382813 3.4253482818603515625 3.4282288551330566406 3.4484817981719970703 3.4753956794738769531 3.4789822101593017578 3.4580349922180175781 3.4461932182312011719
3.4155342578887939453 3.4193887710571289063 3.4346854686737060547 3.43192291259765625 3.4213235378265380859 3.4303362369537353516 3.4392917156219482422 3.4502356052398681641 3.4724657535552978516 3.5012991428375244141 3.530986785888671875 3.5604059696197509766 3.5758969783782958984 3.5822935104370117188 3.5819942951202392578 3.5781455039978027344 3.5649695396423339844 3.5518834590911865234 3.5433163642883300781 3.5298726558685302734 3.5062386989593505859 3.4805462360382080078 3.4633297920227050781 3.4686038494110107422 3.4778385162353515625 3.4792952537536621094 3.4745583534240722656 3.4605228900909423828 3.4422600269317626953 3.4328687191009521484 3.4301106929779052734 3.4258348941802978516 3.4163019657135009766 3.3996682167053222656 3.3895335197448730469 3.4020454883575439453 3.4334206581115722656 3.4536461830139160156 3.4451062679290771484 3.4370770454406738281
3.4451055526733398438 3.4681048393249511719 3.4883244037628173828 3.4807260036468505859 3.4536254405975341797 3.4556574821472167969 3.4736704826354980469 3.5062432289123535156 3.5367588996887207031 3.5765500068664550781 3.5976426601409912109 3.6199100017547607422 3.6181387901306152344 3.6186938285827636719 3.6038155555725097656 3.5951082706451416016 3.5899808406829833984 3.5735371112823486328 3.5452897548675537109 3.5186014175415039063 3.4989314079284667969 3.49558258056640625 3.5031793117523193359 3.5066685676574707031 3.4998109340667724609 3.4895713329315185547 3.4722316265106201172 3.4522695541381835938 3.4408628940582275391 3.4339540004730224609 3.4244704246520996094 3.4123024940490722656 3.3947594165802001953 3.373706817626953125 3.3574378490447998047 3.3683805465698242188 3.4037432670593261719 3.4333281517028808594 3.4261310100555419922 3.3940837383270263672
3.4669289588928222656 3.5035829544067382813 3.5337772369384765625 3.5186734199523925781 3.4841656684875488281 3.4788250923156738281 3.5098538398742675781 3.5502376556396484375 3.5677850246429443359 3.5840687751770019531 3.588153839111328125 3.5840458869934082031 3.5777270793914794922 3.5765078067779541016 3.5765976905822753906 3.5793273448944091797 3.5687005519866943359 3.5402197837829589844 3.5182094573974609375 3.5111367702484130859 3.5208947658538818359 3.5336654186248779297 3.5301296710968017578 3.5151827335357666016 3.491649627685546875 3.4702363014221191406 3.4528238773345947266 3.4435789585113525391 3.4381182193756103516 3.4304456710815429688 3.4199907779693603516 3.4035980701446533203 3.3812086582183837891 3.3591129779815673828 3.3472776412963867188 3.3520660400390625 3.3846921920776367188 3.4190249443054199219 3.4060041904449462891 3.3472988605499267578
3.5125532150268554688 3.5565819740295410156 3.5724229812622070313 3.5449671745300292969 3.507915496826171875 3.5178625583648681641 3.5479261875152587891 3.5480253696441650391 3.5442626476287841797 3.5573184490203857422 3.5689938068389892578 3.5643360614776611328 3.5513603687286376953 3.5494835376739501953 3.5497560501098632813 3.5447931289672851563 3.5385069847106933594 3.5317194461822509766 3.5344231128692626953 3.5387749671936035156 3.5386271476745605469 3.5281839370727539063 3.5143594741821289063 3.4937517642974853516 3.4714772701263427734 3.4572565555572509766 3.44831085205078125 3.4423723220825195313 3.4349744319915771484 3.4255647659301757813 3.4167742729187011719 3.4030966758728027344 3.3788502216339111328 3.3533790111541748047 3.3453495502471923828 3.3588492870330810547 3.3854126930236816406 3.4100904464721679688 3.3964953422546386719 3.3386585712432861328
3.5756711959838867188 3.5780994892120361328 3.5569603443145751953 3.5287320613861083984 3.5082507133483886719 3.5286662578582763672 3.5493302345275878906 3.5388207435607910156 3.5389533042907714844 3.5507805347442626953 3.5612723827362060547 3.5488057136535644531 3.55239105224609375 3.5573697090148925781 3.5647158622741699219 3.5629742145538330078 3.5571193695068359375 3.5455756187438964844 3.5308823585510253906 3.513828277587890625 3.5014207363128662109 3.4913151264190673828 3.4796364307403564453 3.4668772220611572266 3.45841217041015625 3.4540805816650390625 3.4485960006713867188 3.4393861293792724609 3.4310553073883056641 3.4225935935974121094 3.4153482913970947266 3.4077563285827636719 3.3939802646636962891 3.3790075778961181641 3.3720114231109619141 3.3791100978851318359 3.3980913162231445313 3.4092268943786621094 3.3888387680053710938 3.3393375873565673828
3.5815224647521972656 3.5296909809112548828 3.4960484504699707031 3.4943478107452392578 3.5016167163848876953 3.5282695293426513672 3.5429761409759521484 3.5311224460601806641 3.545253753662109375 3.561931610107421875 3.5638363361358642578 3.5478873252868652344 3.5482244491577148438 3.5493586063385009766 3.5460309982299804688 3.5301146507263183594 3.5152957439422607422 3.5128939151763916016 3.5071563720703125 3.4980366230010986328 3.49530029296875 3.4826440811157226563 3.4651632308959960938 3.4522790908813476563 3.4499182701110839844 3.4552669525146484375 3.4580194950103759766 3.4521844387054443359 3.4448034763336181641 3.4367403984069824219 3.4270732402801513672 3.4215226173400878906 3.4130802154541015625 3.4046826362609863281 3.4047548770904541016 3.402751922607421875 3.4114947319030761719 3.4071707725524902344 3.3815798759460449219 3.3469040393829345703
3.579448699951171875 3.4975790977478027344 3.4576275348663330078 3.4607706069946289063 3.4849774837493896484 3.5195560455322265625 3.5296759605407714844 3.5179128646850585938 3.5352039337158203125 3.5467534065246582031 3.5333914756774902344 3.5080499649047851563 3.4915070533752441406 3.4985485076904296875 3.5038344860076904297 3.5067894458770751953 3.5006468296051025391 3.494075775146484375 3.4839687347412109375 3.4788517951965332031 3.4868080615997314453 3.4936182498931884766 3.4902615547180175781 3.4733173847198486328 3.4664444923400878906 3.4649119377136230469 3.4641258716583251953 3.4651138782501220703 3.46578216552734375 3.4602253437042236328 3.4506573677062988281 3.44387054443359375 3.4381761550903320313 3.4333217144012451172 3.4285588264465332031 3.419162750244140625 3.4124429225921630859 3.4039692878723144531 3.3693957328796386719 3.3343639373779296875
3.5580441951751708984 3.4725065231323242188 3.4418153762817382813 3.4557726383209228516 3.4836859703063964844 3.5175197124481201172 3.5181932449340820313 3.5120115280151367188 3.5254111289978027344 3.5235860347747802734 3.5073499679565429688 3.4765846729278564453 3.4739780426025390625 3.5004050731658935547 3.5331721305847167969 3.5126235485076904297 3.4793484210968017578 3.4455218315124511719 3.4326696395874023438 3.4402894973754882813 3.4563541412353515625 3.4791576862335205078 3.5090110301971435547 3.4951274394989013672 3.4741168022155761719 3.4761681556701660156 3.4774029254913330078 3.4749205112457275391 3.4743864536285400391 3.4721944332122802734 3.4651095867156982422 3.4651899337768554688 3.4661197662353515625 3.4541196823120117188 3.4374022483825683594 3.4236803054809570313 3.407543182373046875 3.3864886760711669922 3.3584237098693847656 3.3357403278350830078
3.5443739891052246094 3.4662673473358154297 3.4210374355316162109 3.4353272914886474609 3.4671258926391601563 3.4962103366851806641 3.5006313323974609375 3.4963459968566894531 3.5064601898193359375 3.5076420307159423828 3.5100650787353515625 3.4995207786560058594 3.4982714653015136719 3.5045175552368164063 3.5150592327117919922 3.4922363758087158203 3.4665372371673583984 3.4440479278564453125 3.4330966472625732422 3.4320111274719238281 3.4324915409088134766 3.4381897449493408203 3.4741218090057373047 3.4901814460754394531 3.4861464500427246094 3.4817068576812744141 3.4781389236450195313 3.4789745807647705078 3.4763085842132568359 3.4761211872100830078 3.4712293148040771484 3.473247528076171875 3.4834682941436767578 3.4734265804290771484 3.4543175697326660156 3.4430375099182128906 3.4237234592437744141 3.3939077854156494141 3.3667559623718261719 3.3538241386413574219
3.5746212005615234375 3.4973251819610595703 3.4283709526062011719 3.4277815818786621094 3.45262908935546875 3.4695458412170410156 3.4858956336975097656 3.4831385612487792969 3.4940061569213867188 3.4927506446838378906 3.4905619621276855469 3.4932773113250732422 3.5001854896545410156 3.4917993545532226563 3.4928472042083740234 3.4713728427886962891 3.4502389430999755859 3.4424946308135986328 3.447902679443359375 3.4407198429107666016 3.4245452880859375 3.4159409999847412109 3.4469053745269775391 3.4788074493408203125 3.4756555557250976563 3.4694721698760986328 3.4672179222106933594 3.4796655178070068359 3.4914634227752685547 3.5011854171752929688 3.5051317214965820313 3.4986929893493652344 3.4937355518341064453 3.4826858043670654297 3.4761943817138671875 3.480804443359375 3.4674017429351806641 3.4289414882659912109 3.3933575153350830078 3.3769423961639404297
3.5583014488220214844 3.5031368732452392578 3.4619641304016113281 3.4577934741973876953 3.4664964675903320313 3.4626297950744628906 3.4668636322021484375 3.4774792194366455078 3.4830477237701416016 3.4828498363494873047 3.4742767810821533203 3.4718952178955078125 3.4720587730407714844 3.4660866260528564453 3.4680991172790527344 3.4580938816070556641 3.4539036750793457031 3.4567196369171142578 3.4418883323669433594 3.4107694625854492188 3.409820556640625 3.4296004772186279297 3.4521307945251464844 3.4656023979187011719 3.4659972190856933594 3.4694766998291015625 3.4662489891052246094 3.4660055637359619141 3.4876251220703125 3.5076663494110107422 3.5263524055480957031 3.5347626209259033203 3.5328152179718017578 3.5188436508178710938 3.5012564659118652344 3.4975631237030029297 3.4899005889892578125 3.4621052742004394531 3.43126678466796875 3.4167635440826416016
3.5197484493255615234 3.4885337352752685547 3.5046775341033935547 3.5308845043182373047 3.5199244022369384766 3.4992287158966064453 3.49137115478515625 3.4865300655364990234 3.4825756549835205078 3.4762544631958007813 3.4712080955505371094 3.4644570350646972656 3.4628477096557617188 3.4533483982086181641 3.4453592300415039063 3.4325604438781738281 3.4455275535583496094 3.4124803543090820313 3.3848512172698974609 3.4078886508941650391 3.4373738765716552734 3.4542963504791259766 3.4516274929046630859 3.4475979804992675781 3.4436459541320800781 3.4351849555969238281 3.4270405769348144531 3.4337244033813476563 3.448963165283203125 3.4777002334594726563 3.5111982822418212891 3.5352880954742431641 3.5559635162353515625 3.5662984848022460938 3.5644278526306152344 3.5558829307556152344 3.5382068157196044922 3.5075581073760986328 3.4702944755554199219 3.4517400264739990234
3.5112588405609130859 3.5121614933013916016 3.5531227588653564453 3.5900118350982666016 3.5735287666320800781 3.5419096946716308594 3.5231230258941650391 3.5049998760223388672 3.4803035259246826172 3.4619741439819335938 3.4634592533111572266 3.4657826423645019531 3.4621450901031494141 3.4414494037628173828 3.4222414493560791016 3.4101154804229736328 3.3964757919311523438 3.3803005218505859375 3.4052538871765136719 3.4257080554962158203 3.4155097007751464844 3.4131276607513427734 3.4125115871429443359 3.4098224639892578125 3.3869032859802246094 3.3404653072357177734 3.3198969364166259766 3.3285958766937255859 3.3509643077850341797 3.3842167854309082031 3.424957275390625 3.4598948955535888672 3.4920263290405273438 3.5131244659423828125 3.5341506004333496094 3.5545079708099365234 3.5666966438293457031 3.5661451816558837891 3.5483064651489257813 3.5234861373901367188
3.4539368152618408203 3.4452342987060546875 3.478832244873046875 3.5511171817779541016 3.6052315235137939453 3.6229555606842041016 3.6214687824249267578 3.5946490764617919922 3.5273308753967285156 3.4770882129669189453 3.4737114906311035156 3.4842321872711181641 3.4686191082000732422 3.4388890266418457031 3.4070212841033935547 3.3844609260559082031 3.3759901523590087891 3.3900153636932373047 3.3882565498352050781 3.3658423423767089844 3.3570249080657958984 3.3605895042419433594 3.3801286220550537109 3.370616912841796875 3.301605224609375 3.2641808986663818359 3.2887556552886962891 3.3119013309478759766 3.3281140327453613281 3.3561356067657470703 3.3938083648681640625 3.4298243522644042969 3.4665119647979736328 3.493274688720703125 3.5158674716949462891 3.5353548526763916016 3.5536234378814697266 3.5667307376861572266 3.5701594352722167969 3.5612807273864746094
3.4335420131683349609 3.431926727294921875 3.4507722854614257813 3.5063762664794921875 3.565280914306640625 3.6069846153259277344 3.646148681640625 3.6644797325134277344 3.6184854507446289063 3.5283796787261962891 3.4885263442993164063 3.4927527904510498047 3.4731795787811279297 3.4411418437957763672 3.4185128211975097656 3.404331207275390625 3.4015684127807617188 3.3806443214416503906 3.3510122299194335938 3.3461699485778808594 3.3316431045532226563 3.3463082313537597656 3.3503460884094238281 3.3199334144592285156 3.2726850509643554688 3.2642610073089599609 3.2940275669097900391 3.3209097385406494141 3.3414556980133056641 3.3641376495361328125 3.3884918689727783203 3.4013941287994384766 3.4189023971557617188 3.4512836933135986328 3.4867768287658691406 3.5154848098754882813 3.5390529632568359375 3.5527060031890869141 3.5584332942962646484 3.5603990554809570313
