MapLinkProApp/griddata/temperature/ASCII/cmems_mod_glo_phy-thetao_anfc_0,083deg_P1D-m_1702458667101_318,1.asc
ncols        121
nrows        120
xllcorner    -30.041666666667
yllcorner    40.041666655981
cellsize     0.083333333333
NODATA_value  9.9692099683868690468e+36
[rows 0 to 17 of 120, columns 0 to 39 of 121]
10.156558036804199219 10.23642730712890625 10.069762229919433594 9.9193449020385742188 10.129466056823730469 10.457921981811523438 10.651210784912109375 10.858500480651855469 11.047521591186523438 11.230267524719238281 11.455592155456542969 11.644428253173828125 11.727225303649902344 11.686733245849609375 11.519907951354980469 11.325533866882324219 11.212207794189453125 11.147840499877929688 11.05768585205078125 10.956513404846191406 10.850611686706542969 10.774168014526367188 10.727214813232421875 10.719730377197265625 10.686269760131835938 10.5609283447265625 10.391292572021484375 10.217524528503417969 10.11739349365234375 9.9786920547485351563 9.8036479949951171875 9.5659589767456054688 9.6029033660888671875 9.7182598114013671875 9.646198272705078125 9.6936798095703125 9.8121519088745117188 10.0093536376953125 10.184141159057617188 10.262824058532714844
10.342553138732910156 10.395590782165527344 10.054882049560546875 9.9928150177001953125 10.182389259338378906 10.448446273803710938 10.625653266906738281 10.775594711303710938 10.926349639892578125 11.058213233947753906 11.207883834838867188 11.378953933715820313 11.507143020629882813 11.548511505126953125 11.511166572570800781 11.416149139404296875 11.32392120361328125 11.253954887390136719 11.128101348876953125 10.952665328979492188 10.795742034912109375 10.684945106506347656 10.604435920715332031 10.595423698425292969 10.629574775695800781 10.69483184814453125 10.687594413757324219 10.545602798461914063 10.380183219909667969 10.289700508117675781 10.118142127990722656 9.8703565597534179688 9.845104217529296875 9.8074331283569335938 9.7526159286499023438 9.83602142333984375 9.9811725616455078125 10.125558853149414063 10.175313949584960938 10.187925338745117188
10.331316947937011719 10.177699089050292969 10.06119537353515625 10.160114288330078125 10.3551788330078125 10.545348167419433594 10.563820838928222656 10.624622344970703125 10.68230438232421875 10.694048881530761719 10.717047691345214844 10.779679298400878906 10.843819618225097656 10.876154899597167969 10.855431556701660156 10.791608810424804688 10.736115455627441406 10.678814888000488281 10.568819046020507813 10.48931121826171875 10.442055702209472656 10.356980323791503906 10.282831192016601563 10.258607864379882813 10.312648773193359375 10.405176162719726563 10.5806427001953125 10.734972953796386719 10.725696563720703125 10.682766914367675781 10.494410514831542969 10.2803802490234375 10.128107070922851563 9.9557895660400390625 9.9955883026123046875 10.090923309326171875 10.153962135314941406 10.126007080078125 10.042287826538085938 10.084817886352539063
10.200160980224609375 10.069997787475585938 10.13924407958984375 10.341210365295410156 10.592387199401855469 10.641620635986328125 10.52054595947265625 10.503890037536621094 10.470876693725585938 10.353305816650390625 10.28757476806640625 10.314467430114746094 10.34796905517578125 10.379873275756835938 10.386828422546386719 10.336340904235839844 10.288554191589355469 10.315897941589355469 10.393720626831054688 10.458773612976074219 10.421267509460449219 10.247550010681152344 10.076629638671875 9.9995985031127929688 10.030735015869140625 10.140195846557617188 10.329418182373046875 10.558749198913574219 10.768897056579589844 10.853213310241699219 10.726672172546386719 10.532961845397949219 10.284132003784179688 10.177789688110351563 10.263903617858886719 10.239497184753417969 10.193904876708984375 10.047191619873046875 9.9243955612182617188 9.95174407958984375
10.191327095031738281 10.101819038391113281 10.287165641784667969 10.601339340209960938 10.829815864562988281 10.714203834533691406 10.482450485229492188 10.486886978149414063 10.433851242065429688 10.299737930297851563 10.24552154541015625 10.272115707397460938 10.293290138244628906 10.303366661071777344 10.319345474243164063 10.318821907043457031 10.333597183227539063 10.444123268127441406 10.585931777954101563 10.5675048828125 10.344469070434570313 10.0069122314453125 9.7253894805908203125 9.6120424270629882813 9.6734838485717773438 9.8343305587768554688 10.055249214172363281 10.317138671875 10.641798019409179688 10.876062393188476563 10.894708633422851563 10.698662757873535156 10.548645973205566406 10.495531082153320313 10.422211647033691406 10.334430694580078125 10.219478607177734375 9.9925937652587890625 9.8005323410034179688 9.7549295425415039063
10.295078277587890625 10.280646324157714844 10.56999969482421875 10.642258644104003906 10.757292747497558594 10.586567878723144531 10.412743568420410156 10.566043853759765625 10.607074737548828125 10.526125907897949219 10.494829177856445313 10.502598762512207031 10.473843574523925781 10.424846649169921875 10.40447998046875 10.41098785400390625 10.461270332336425781 10.583864212036132813 10.677699089050292969 10.600419044494628906 10.292545318603515625 9.889766693115234375 9.5706958770751953125 9.4433870315551757813 9.5500640869140625 9.7316274642944335938 9.9640254974365234375 10.242306709289550781 10.606600761413574219 10.909779548645019531 10.943830490112304688 10.831140518188476563 10.719534873962402344 10.585908889770507813 10.460981369018554688 10.3463592529296875 10.160078048706054688 9.877475738525390625 9.6477537155151367188 9.54644012451171875
10.653797149658203125 10.706211090087890625 10.577668190002441406 10.30523681640625 10.332805633544921875 10.28472900390625 10.336809158325195313 10.573146820068359375 10.638228416442871094 10.566908836364746094 10.500125885009765625 10.503455162048339844 10.521364212036132813 10.526872634887695313 10.526291847229003906 10.531031608581542969 10.569166183471679688 10.658115386962890625 10.756121635437011719 10.715176582336425781 10.474634170532226563 10.0847015380859375 9.76158905029296875 9.66545867919921875 9.7362194061279296875 9.8722991943359375 10.081739425659179688 10.364071846008300781 10.708380699157714844 10.938681602478027344 10.958294868469238281 10.844072341918945313 10.697750091552734375 10.571223258972167969 10.445024490356445313 10.257615089416503906 9.9698114395141601563 9.6353540420532226563 9.4168605804443359375 9.306243896484375
11.026211738586425781 10.922647476196289063 10.607741355895996094 10.196150779724121094 10.021115303039550781 10.07187652587890625 10.261591911315917969 10.466839790344238281 10.499897956848144531 10.410017967224121094 10.355824470520019531 10.416434288024902344 10.48880767822265625 10.534779548645019531 10.564303398132324219 10.587918281555175781 10.649396896362304688 10.759510040283203125 10.877349853515625 10.873021125793457031 10.709595680236816406 10.417528152465820313 10.120837211608886719 9.9691867828369140625 10.057625770568847656 10.201333045959472656 10.385669708251953125 10.628438949584960938 10.866144180297851563 10.951623916625976563 10.884556770324707031 10.773812294006347656 10.699139595031738281 10.57305145263671875 10.353632926940917969 10.077996253967285156 9.7533254623413085938 9.4671344757080078125 9.2974691390991210938 9.192668914794921875
11.268935203552246094 11.250569343566894531 10.968961715698242188 10.576361656188964844 10.227657318115234375 10.08132171630859375 10.176168441772460938 10.338869094848632813 10.438138961791992188 10.402439117431640625 10.367609977722167969 10.389756202697753906 10.415221214294433594 10.448729515075683594 10.523296356201171875 10.61635589599609375 10.707117080688476563 10.800284385681152344 10.864912033081054688 10.900957107543945313 10.881134033203125 10.740658760070800781 10.495953559875488281 10.252312660217285156 10.235513687133789063 10.368378639221191406 10.566973686218261719 10.774408340454101563 10.919041633605957031 10.902661323547363281 10.851526260375976563 10.811601638793945313 10.688082695007324219 10.433882713317871094 10.150981903076171875 9.9066820144653320313 9.6734819412231445313 9.494709014892578125 9.3790769577026367188 9.2802877426147460938
11.401613235473632813 11.355336189270019531 11.187039375305175781 10.997430801391601563 10.782958030700683594 10.470125198364257813 10.249800682067871094 10.307169914245605469 10.445146560668945313 10.513666152954101563 10.482290267944335938 10.376297950744628906 10.2665557861328125 10.209712982177734375 10.253615379333496094 10.377992630004882813 10.493170738220214844 10.582195281982421875 10.646924018859863281 10.747442245483398438 10.867951393127441406 10.947098731994628906 10.935444831848144531 10.739850044250488281 10.525395393371582031 10.477352142333984375 10.532602310180664063 10.658631324768066406 10.785808563232421875 10.855875968933105469 10.847964286804199219 10.7634429931640625 10.496279716491699219 10.215022087097167969 10.038935661315917969 9.92218017578125 9.785755157470703125 9.6808681488037109375 9.5998287200927734375 9.5103130340576171875
11.623998641967773438 11.623536109924316406 11.424025535583496094 11.24083709716796875 11.061755180358886719 10.708237648010253906 10.360687255859375 10.278797149658203125 10.369882583618164063 10.501652717590332031 10.56671905517578125 10.442783355712890625 10.235974311828613281 10.075869560241699219 10.011972427368164063 10.084395408630371094 10.232900619506835938 10.348073959350585938 10.41661834716796875 10.504679679870605469 10.641918182373046875 10.791306495666503906 10.944047927856445313 11.003717422485351563 10.837475776672363281 10.634916305541992188 10.584055900573730469 10.623315811157226563 10.69652557373046875 10.804242134094238281 10.857324600219726563 10.720919609069824219 10.410596847534179688 10.170625686645507813 10.053996086120605469 9.9959306716918945313 9.9018344879150390625 9.830108642578125 9.7483930587768554688 9.6433382034301757813
11.683808326721191406 11.776803016662597656 11.721935272216796875 11.503213882446289063 11.296848297119140625 11.00923919677734375 10.606253623962402344 10.328360557556152344 10.246484756469726563 10.333394050598144531 10.423193931579589844 10.39598846435546875 10.276090621948242188 10.126374244689941406 10.022133827209472656 10.017726898193359375 10.088231086730957031 10.186870574951171875 10.231479644775390625 10.282717704772949219 10.376843452453613281 10.50972747802734375 10.684187889099121094 10.887690544128417969 10.995656013488769531 10.880719184875488281 10.72327423095703125 10.667966842651367188 10.68584442138671875 10.751986503601074219 10.813928604125976563 10.682814598083496094 10.410177230834960938 10.1644744873046875 10.055477142333984375 9.9858827590942382813 9.9063062667846679688 9.8602895736694335938 9.7604284286499023438 9.6197500228881835938
11.903235435485839844 11.925129890441894531 11.997659683227539063 11.84784698486328125 11.59838104248046875 11.269387245178222656 10.816293716430664063 10.405618667602539063 10.22045135498046875 10.196704864501953125 10.254854202270507813 10.298564910888671875 10.273194313049316406 10.182335853576660156 10.070413589477539063 9.9872951507568359375 9.9457159042358398438 9.9654750823974609375 10.019506454467773438 10.137578010559082031 10.296295166015625 10.411828994750976563 10.515478134155273438 10.663189888000488281 10.86775970458984375 10.985333442687988281 10.7434234619140625 10.740293502807617188 10.715173721313476563 10.739750862121582031 10.767925262451171875 10.661934852600097656 10.401937484741210938 10.147463798522949219 10.04352569580078125 9.9473428726196289063 9.7970190048217773438 9.7019710540771484375 9.5822572708129882813 9.4446802139282226563
12.027303695678710938 12.0290069580078125 12.097346305847167969 12.050806999206542969 11.838625907897949219 11.484155654907226563 11.025368690490722656 10.552036285400390625 10.258646011352539063 10.161223411560058594 10.15074920654296875 10.161416053771972656 10.142530441284179688 10.05612945556640625 9.900455474853515625 9.7294626235961914063 9.6650514602661132813 9.7442445755004882813 9.9218921661376953125 10.186296463012695313 10.441654205322265625 10.583176612854003906 10.643903732299804688 10.658917427062988281 10.701819419860839844 10.879724502563476563 10.878287315368652344 10.706400871276855469 10.759733200073242188 10.726419448852539063 10.66393280029296875 10.497881889343261719 10.289124488830566406 10.064633369445800781 9.9673318862915039063 9.8214588165283203125 9.5957632064819335938 9.398349761962890625 9.2219667434692382813 9.1117725372314453125
11.993203163146972656 12.008291244506835938 12.115242958068847656 12.171588897705078125 12.054058074951171875 11.745754241943359375 11.303128242492675781 10.800820350646972656 10.3701629638671875 10.128590583801269531 10.02021026611328125 9.9873504638671875 9.9352216720581054688 9.8062877655029296875 9.6415586471557617188 9.5184450149536132813 9.573024749755859375 9.7781591415405273438 9.99425506591796875 10.166035652160644531 10.308674812316894531 10.430330276489257813 10.633173942565917969 10.77893829345703125 10.726410865783691406 10.753575325012207031 10.911581039428710938 10.647729873657226563 10.64859771728515625 10.633105278015136719 10.501661300659179688 10.311944007873535156 10.102950096130371094 9.911678314208984375 9.8104686737060546875 9.6083011627197265625 9.283824920654296875 8.9837846755981445313 8.7956724166870117188 8.7844667434692382813
12.024439811706542969 12.024547576904296875 12.126941680908203125 12.223191261291503906 12.195718765258789063 11.976937294006347656 11.581822395324707031 11.048460006713867188 10.5527191162109375 10.186969757080078125 9.9712314605712890625 9.8518772125244140625 9.7615118026733398438 9.6424627304077148438 9.4938154220581054688 9.4276113510131835938 9.5198106765747070313 9.7118768692016601563 9.8725862503051757813 9.952056884765625 9.9735288619995117188 10.105786323547363281 10.382941246032714844 10.707178115844726563 10.905786514282226563 10.811863899230957031 10.8711090087890625 10.821676254272460938 10.523472785949707031 10.49837493896484375 10.322905540466308594 10.082361221313476563 9.8890047073364257813 9.7058763504028320313 9.5526971817016601563 9.25930023193359375 8.9174966812133789063 8.6771383285522460938 8.6442823410034179688 8.82311248779296875
12.068622589111328125 12.065744400024414063 12.152031898498535156 12.277676582336425781 12.299740791320800781 12.194271087646484375 11.904015541076660156 11.364765167236328125 10.7455291748046875 10.268689155578613281 9.9527063369750976563 9.7651262283325195313 9.6520872116088867188 9.5414953231811523438 9.4322519302368164063 9.37461090087890625 9.4454717636108398438 9.617183685302734375 9.7669115066528320313 9.8064937591552734375 9.8238897323608398438 9.9965600967407226563 10.329057693481445313 10.66782379150390625 10.96966552734375 11.143152236938476563 10.978336334228515625 10.946567535400390625 10.676831245422363281 10.391191482543945313 10.097900390625 9.7098073959350585938 9.4516000747680664063 9.2949848175048828125 9.1429376602172851563 8.8779697418212890625 8.692291259765625 8.6794118881225585938 8.8469629287719726563 9.0222139358520507813
12.108807563781738281 12.104102134704589844 12.20378875732421875 12.334401130676269531 12.340693473815917969 12.291272163391113281 12.123006820678710938 11.679332733154296875 11.041064262390136719 10.411675453186035156 9.9652814865112304688 9.7120065689086914063 9.5884904861450195313 9.5516061782836914063 9.5327434539794921875 9.5131435394287109375 9.5698337554931640625 9.7020750045776367188 9.7947788238525390625 9.7954187393188476563 9.8503446578979492188 10.117593765258789063 10.506282806396484375 10.912633895874023438 11.130740165710449219 11.339960098266601563 11.249151229858398438 11.037446022033691406 10.996419906616210938 10.615970611572265625 10.161505699157714844 9.6629047393798828125 9.2352399826049804688 9.036754608154296875 8.9076595306396484375 8.7331819534301757813 8.68041229248046875 8.8094186782836914063 8.9939022064208984375 9.0901994705200195313
