MapLinkProApp/griddata/temperature/ASCII/cmems_mod_glo_phy-thetao_anfc_0,083deg_P1D-m_1702458667101_3992,5.asc
ncols        121
nrows        120
xllcorner    -30.041666666667
yllcorner    40.041666655981
cellsize     0.083333333333
NODATA_value  9.9692099683868690468e+36
[rows 16 to 31 of 120, columns 74 to 110 of 121]
9.9692099683868690468e+36 9.9692099683868690468e+36 9.9692099683868690468e+36 9.9692099683868690468e+36 9.9692099683868690468e+36 2.209362030029296875 2.2050292491912841797 2.2118852138519287109 9.9692099683868690468e+36 9.9692099683868690468e+36 2.2108950614929199219 2.2249071598052978516 2.2238605022430419922 2.2227337360382080078 2.2219889163970947266 2.2237782478332519531 2.2259547710418701172 2.2244653701782226563 2.2246952056884765625 2.2293608188629150391 2.2366199493408203125 2.2360889911651611328 2.2279965877532958984 2.231723785400390625 9.9692099683868690468e+36 9.9692099683868690468e+36 2.2254669666290283203 2.2232315540313720703 2.2255601882934570313 2.2263476848602294922 9.9692099683868690468e+36 9.9692099683868690468e+36 2.2010760307312011719 2.1985361576080322266 2.1991543769836425781 2.2019755840301513672 2.2047405242919921875
9.9692099683868690468e+36 9.9692099683868690468e+36 9.9692099683868690468e+36 9.9692099683868690468e+36 9.9692099683868690468e+36 2.2016041278839111328 2.2107858657836914063 2.2218019962310791016 9.9692099683868690468e+36 9.9692099683868690468e+36 2.2135267257690429688 2.2248046398162841797 2.225131988525390625 2.2228753566741943359 2.2215788364410400391 2.2222194671630859375 2.2206549644470214844 9.9692099683868690468e+36 9.9692099683868690468e+36 9.9692099683868690468e+36 2.2388422489166259766 2.2311825752258300781 2.2251858711242675781 2.2283279895782470703 9.9692099683868690468e+36 9.9692099683868690468e+36 2.2318067550659179688 2.2300801277160644531 2.2322747707366943359 9.9692099683868690468e+36 2.2188775539398193359 2.214141845703125 2.2101902961730957031 2.2113049030303955078 2.2066702842712402344 2.207462310791015625 2.2116222381591796875
9.9692099683868690468e+36 9.9692099683868690468e+36 9.9692099683868690468e+36 9.9692099683868690468e+36 9.9692099683868690468e+36 2.2026295661926269531 2.2126355171203613281 2.2179911136627197266 9.9692099683868690468e+36 9.9692099683868690468e+36 2.2232871055603027344 2.2242712974548339844 2.2260611057281494141 2.2250566482543945313 2.2232384681701660156 2.2200860977172851563 2.2195281982421875 2.2229506969451904297 9.9692099683868690468e+36 9.9692099683868690468e+36 2.2308418750762939453 2.2239835262298583984 2.2202410697937011719 2.2141058444976806641 2.2169439792633056641 2.2210330963134765625 2.2226750850677490234 2.2224657535552978516 2.2182500362396240234 2.2184712886810302734 2.2173395156860351563 2.214145660400390625 2.2165889739990234375 2.2147240638732910156 2.2100679874420166016 2.2084898948669433594 2.2134573459625244141
9.9692099683868690468e+36 9.9692099683868690468e+36 2.2023501396179199219 2.2016224861145019531 2.2007322311401367188 2.2039368152618408203 2.208614349365234375 2.21639251708984375 2.227787017822265625 9.9692099683868690468e+36 9.9692099683868690468e+36 9.9692099683868690468e+36 2.2404916286468505859 2.2326676845550537109 2.2257931232452392578 2.2236726284027099609 2.2248287200927734375 2.2395274639129638672 2.2540707588195800781 9.9692099683868690468e+36 2.23682403564453125 2.2301397323608398438 2.2292215824127197266 2.2213373184204101563 2.2255060672760009766 2.2195234298706054688 2.2158465385437011719 2.2201330661773681641 2.2182033061981201172 2.2130360603332519531 2.2112939357757568359 2.2121400833129882813 2.2129192352294921875 2.2108995914459228516 2.2125310897827148438 9.9692099683868690468e+36 9.9692099683868690468e+36
2.2028651237487792969 2.1999979019165039063 2.1983332633972167969 2.2000420093536376953 2.2021422386169433594 2.2051408290863037109 2.2082407474517822266 2.2151269912719726563 2.2307927608489990234 2.23876190185546875 9.9692099683868690468e+36 9.9692099683868690468e+36 9.9692099683868690468e+36 2.2325596809387207031 2.2368044853210449219 2.2354962825775146484 2.2320787906646728516 2.2509107589721679688 2.26232147216796875 2.2540409564971923828 2.2309126853942871094 2.2180488109588623047 2.2286627292633056641 9.9692099683868690468e+36 9.9692099683868690468e+36 2.2476258277893066406 2.2340054512023925781 2.2329218387603759766 2.2282936573028564453 2.2199206352233886719 2.2130713462829589844 2.2118716239929199219 2.2150216102600097656 2.2254488468170166016 9.9692099683868690468e+36 9.9692099683868690468e+36 2.22730255126953125
2.2055039405822753906 2.2028589248657226563 2.1989996433258056641 2.1993088722229003906 2.2026817798614501953 2.2033526897430419922 2.2071852684020996094 2.2151019573211669922 2.2334284782409667969 2.2334635257720947266 2.2350027561187744141 9.9692099683868690468e+36 2.2323164939880371094 2.2375566959381103516 2.2465908527374267578 2.2479052543640136719 2.248233795166015625 2.2545309066772460938 2.2610666751861572266 2.2515149116516113281 2.2350919246673583984 2.2272725105285644531 2.2363820075988769531 9.9692099683868690468e+36 2.2514157295227050781 2.2404582500457763672 2.2292904853820800781 2.2275822162628173828 2.2222905158996582031 2.2191977500915527344 2.2185711860656738281 2.2208080291748046875 2.2235662937164306641 2.2263753414154052734 2.2373251914978027344 2.2428538799285888672 2.2230761051177978516
2.2074875831604003906 2.2141957283020019531 2.2112061977386474609 2.2017142772674560547 2.2012648582458496094 2.2007448673248291016 2.2071685791015625 2.2156939506530761719 9.9692099683868690468e+36 2.2270064353942871094 2.2357399463653564453 2.2435171604156494141 2.2314965724945068359 2.2322247028350830078 2.2333893775939941406 2.2397003173828125 2.245395660400390625 2.2503201961517333984 2.2473399639129638672 2.2549216747283935547 2.2454779148101806641 2.2430372238159179688 2.2359697818756103516 2.2396419048309326172 2.2353823184967041016 2.2287881374359130859 2.2298095226287841797 2.2299818992614746094 2.2269012928009033203 2.2222321033477783203 2.2217845916748046875 2.2245714664459228516 2.2233514785766601563 2.2199530601501464844 2.2169551849365234375 2.21312713623046875 2.2049074172973632813
2.2101376056671142578 2.2152237892150878906 2.2183773517608642578 2.212276458740234375 2.2041935920715332031 2.2023587226867675781 2.2031471729278564453 2.2068736553192138672 2.2182126045227050781 2.2331674098968505859 2.237548828125 2.2390508651733398438 2.2323632240295410156 2.2336618900299072266 2.2233946323394775391 2.2280330657958984375 2.2396285533905029297 2.2515008449554443359 2.244022369384765625 2.2468781471252441406 2.2374036312103271484 2.2403228282928466797 2.2380864620208740234 2.2439143657684326172 2.2394738197326660156 2.2366788387298583984 2.2339997291564941406 2.2340364456176757813 2.2308621406555175781 2.2267808914184570313 2.2227237224578857422 2.2212684154510498047 2.2175874710083007813 2.2194638252258300781 2.2191221714019775391 2.2122139930725097656 2.2033321857452392578
2.2183270454406738281 2.2150511741638183594 2.2155542373657226563 2.2115123271942138672 2.2036135196685791016 2.2007699012756347656 2.2025525569915771484 2.2101085186004638672 2.2175381183624267578 2.2205901145935058594 2.2247564792633056641 2.2305548191070556641 2.2277867794036865234 2.2226672172546386719 2.2316615581512451172 2.2387108802795410156 2.2215220928192138672 2.2317903041839599609 2.2403974533081054688 2.2401108741760253906 2.2304446697235107422 2.230438232421875 2.2292516231536865234 9.9692099683868690468e+36 2.2308027744293212891 9.9692099683868690468e+36 2.2389187812805175781 2.2369275093078613281 2.2376275062561035156 2.2303860187530517578 2.2275476455688476563 2.2257719039916992188 2.2249398231506347656 2.2242090702056884766 2.2173192501068115234 2.2110323905944824219 2.204074859619140625
2.2231209278106689453 2.2236473560333251953 2.2249844074249267578 2.2274451255798339844 2.2289781570434570313 2.2250187397003173828 2.2161355018615722656 2.2126481533050537109 2.2247447967529296875 2.2317535877227783203 2.2285363674163818359 2.2240786552429199219 2.2234427928924560547 2.2272222042083740234 2.2330224514007568359 2.238216400146484375 9.9692099683868690468e+36 2.2206997871398925781 2.2330005168914794922 2.2265536785125732422 2.2258479595184326172 2.2192776203155517578 2.2155983448028564453 2.2245039939880371094 9.9692099683868690468e+36 2.2267308235168457031 2.2351133823394775391 2.2364108562469482422 2.2357022762298583984 2.2285635471343994141 2.2262368202209472656 2.2216467857360839844 2.2222945690155029297 2.2198183536529541016 2.2117755413055419922 2.2000195980072021484 2.1876685619354248047
2.2358062267303466797 2.2352726459503173828 2.2307958602905273438 2.2272458076477050781 2.230991363525390625 9.9692099683868690468e+36 9.9692099683868690468e+36 2.2163789272308349609 2.2197101116180419922 2.2236623764038085938 2.2284090518951416016 2.2301397323608398438 2.2324557304382324219 2.2356877326965332031 2.2200078964233398438 2.2228796482086181641 2.2196285724639892578 2.2149665355682373047 2.2176113128662109375 2.2092678546905517578 2.1925520896911621094 2.1973490715026855469 2.1919128894805908203 2.1937286853790283203 2.2039220333099365234 2.2146739959716796875 2.2255737781524658203 2.2292096614837646484 2.2350416183471679688 2.2302031517028808594 2.2249400615692138672 2.2145552635192871094 2.2114193439483642578 2.2098720073699951172 2.2036900520324707031 2.1945655345916748047 2.1849946975708007813
9.9692099683868690468e+36 2.2427167892456054688 2.2273378372192382813 2.2249517440795898438 2.2229433059692382813 2.2165825366973876953 2.2122404575347900391 2.2142171859741210938 2.2208468914031982422 2.2243807315826416016 2.233898162841796875 2.2330603599548339844 2.2160556316375732422 2.2203915119171142578 2.2138469219207763672 2.2115876674652099609 2.2142398357391357422 2.2073795795440673828 2.2019021511077880859 2.1914427280426025391 2.1826102733612060547 2.1825120449066162109 2.1804106235504150391 2.1752922534942626953 2.177562713623046875 9.9692099683868690468e+36 2.1880202293395996094 2.1964077949523925781 2.2106342315673828125 2.2181489467620849609 2.2228968143463134766 2.2152645587921142578 2.2007329463958740234 2.1967265605926513672 2.2012145519256591797 2.2026236057281494141 2.2024483680725097656
9.9692099683868690468e+36 9.9692099683868690468e+36 2.2115056514739990234 2.2117273807525634766 2.2127056121826171875 2.2130956649780273438 2.2101972103118896484 2.211093902587890625 2.2176566123962402344 2.2190325260162353516 2.2181012630462646484 2.2155430316925048828 2.2113285064697265625 2.2093524932861328125 2.2133502960205078125 2.2028055191040039063 2.2037043571472167969 2.1970407962799072266 2.1953370571136474609 2.1924350261688232422 2.1952993869781494141 2.1911749839782714844 2.1885852813720703125 2.1803905963897705078 2.1742467880249023438 2.1736390590667724609 2.1740403175354003906 2.17745208740234375 2.1953184604644775391 2.2172703742980957031 2.2063589096069335938 2.1950714588165283203 2.1865699291229248047 2.1935331821441650391 2.2025156021118164063 2.2098419666290283203 2.2119557857513427734
9.9692099683868690468e+36 9.9692099683868690468e+36 2.2208771705627441406 2.2204482555389404297 9.9692099683868690468e+36 9.9692099683868690468e+36 9.9692099683868690468e+36 2.2256031036376953125 2.2194144725799560547 2.2197012901306152344 2.2123482227325439453 2.2033991813659667969 2.2081990242004394531 2.2116217613220214844 2.2112460136413574219 2.2090859413146972656 2.2027068138122558594 2.1997127532958984375 2.2015821933746337891 2.1988096237182617188 2.1984109878540039063 2.19898223876953125 2.2014162540435791016 2.1927161216735839844 2.1870629787445068359 2.1829340457916259766 2.1793725490570068359 2.1763460636138916016 2.1813421249389648438 2.1939923763275146484 2.1884646415710449219 2.1832306385040283203 2.1971986293792724609 9.9692099683868690468e+36 2.2231657505035400391 2.2083623409271240234 2.1987164020538330078
9.9692099683868690468e+36 9.9692099683868690468e+36 2.2257721424102783203 9.9692099683868690468e+36 9.9692099683868690468e+36 9.9692099683868690468e+36 9.9692099683868690468e+36 9.9692099683868690468e+36 2.2039668560028076172 2.2163221836090087891 2.2167780399322509766 2.2052249908447265625 2.2099869251251220703 2.2127504348754882813 2.2177438735961914063 2.2141289710998535156 2.2113282680511474609 2.2085046768188476563 2.2139823436737060547 2.2100498676300048828 2.2099587917327880859 2.2024629116058349609 2.201141357421875 2.1938242912292480469 2.1957428455352783203 2.195781707763671875 2.1945748329162597656 2.1809241771697998047 2.1805210113525390625 2.1766145229339599609 2.1921794414520263672 2.1899304389953613281 2.1873891353607177734 2.1912353038787841797 2.1970129013061523438 2.1990807056427001953 2.1909463405609130859
9.9692099683868690468e+36 9.9692099683868690468e+36 9.9692099683868690468e+36 9.9692099683868690468e+36 9.9692099683868690468e+36 9.9692099683868690468e+36 9.9692099683868690468e+36 9.9692099683868690468e+36 9.9692099683868690468e+36 2.2007908821105957031 2.2036530971527099609 2.2048351764678955078 2.2071588039398193359 2.2117884159088134766 2.2116599082946777344 2.2061607837677001953 2.2033982276916503906 2.2024633884429931641 2.2025268077850341797 2.1979999542236328125 2.1939258575439453125 2.1967861652374267578 2.1969096660614013672 2.1837458610534667969 2.1849238872528076172 2.1960361003875732422 2.2023358345031738281 2.1912052631378173828 2.1808722019195556641 2.1800465583801269531 2.1893186569213867188 2.1934716701507568359 2.1865146160125732422 2.1843233108520507813 2.1902649402618408203 2.1911878585815429688 2.1851472854614257813
