MapLinkProApp/griddata/temperature/ASCII/cmems_mod_glo_phy-thetao_anfc_0,083deg_P1D-m_1702458667101_34,4.asc
ncols        121
nrows        120
xllcorner    -30.041666666667
yllcorner    40.041666655981
cellsize     0.083333333333
NODATA_value  9.9692099683868690468e+36
[rows 72 to 89 of 120, columns 40 to 79 of 121]
16.976558685302734375 16.963212966918945313 16.942823410034179688 16.916418075561523438 16.886228561401367188 16.855882644653320313 16.824209213256835938 16.789760589599609375 16.745676040649414063 16.69452667236328125 16.637262344360351563 16.579288482666015625 16.538160324096679688 16.522581100463867188 16.5345458984375 16.568307876586914063 16.610271453857421875 16.659191131591796875 16.69671630859375 16.681375503540039063 16.618570327758789063 16.545114517211914063 16.473667144775390625 16.41756439208984375 16.357755661010742188 16.26470947265625 16.238420486450195313 16.322994232177734375 16.331615447998046875 16.16519927978515625 16.0122528076171875 15.969257354736328125 15.968981742858886719 15.954576492309570313 15.950798988342285156 15.963356971740722656 15.992825508117675781 16.005815505981445313 16.01053619384765625 16.012392044067382813
16.795166015625 16.782245635986328125 16.757633209228515625 16.726461410522460938 16.69612884521484375 16.673084259033203125 16.656736373901367188 16.646240234375 16.637075424194335938 16.62662506103515625 16.613592147827148438 16.596378326416015625 16.58087158203125 16.56951904296875 16.572917938232421875 16.595287322998046875 16.630733489990234375 16.682954788208007813 16.73340606689453125 16.746246337890625 16.719457626342773438 16.676088333129882813 16.631145477294921875 16.569395065307617188 16.46425628662109375 16.339633941650390625 16.29326629638671875 16.348489761352539063 16.34561920166015625 16.177648544311523438 16.020753860473632813 15.979786872863769531 15.984543800354003906 15.981128692626953125 15.997785568237304688 16.018674850463867188 16.025583267211914063 16.014715194702148438 16.007598876953125 16.006036758422851563
16.511777877807617188 16.503414154052734375 16.489192962646484375 16.474216461181640625 16.462659835815429688 16.456998825073242188 16.454111099243164063 16.452220916748046875 16.45217132568359375 16.452606201171875 16.452342987060546875 16.454212188720703125 16.457782745361328125 16.464776992797851563 16.483137130737304688 16.521221160888671875 16.584806442260742188 16.668287277221679688 16.741724014282226563 16.776067733764648438 16.771978378295898438 16.747455596923828125 16.709058761596679688 16.6362457275390625 16.52298736572265625 16.41075897216796875 16.363025665283203125 16.387363433837890625 16.360668182373046875 16.19794464111328125 16.041500091552734375 15.998310089111328125 16.00991058349609375 16.018680572509765625 16.027189254760742188 16.013248443603515625 15.974222183227539063 15.951699256896972656 15.950014114379882813 15.952653884887695313
16.3629150390625 16.35958099365234375 16.361972808837890625 16.368251800537109375 16.374860763549804688 16.37884521484375 16.379108428955078125 16.373382568359375 16.363489151000976563 16.352081298828125 16.338672637939453125 16.333669662475585938 16.339296340942382813 16.348833084106445313 16.370243072509765625 16.4268035888671875 16.52740478515625 16.646257400512695313 16.743318557739257813 16.79443359375 16.799371719360351563 16.77454376220703125 16.729425430297851563 16.656084060668945313 16.558931350708007813 16.46816253662109375 16.422817230224609375 16.420253753662109375 16.367794036865234375 16.211681365966796875 16.064012527465820313 16.021421432495117188 16.040393829345703125 16.042919158935546875 16.015466690063476563 15.9614105224609375 15.916079521179199219 15.907903671264648438 15.9145965576171875 15.918511390686035156
16.356172561645507813 16.37421417236328125 16.4033203125 16.433240890502929688 16.459661483764648438 16.479124069213867188 16.486608505249023438 16.475830078125 16.451063156127929688 16.422662734985351563 16.3936614990234375 16.374422073364257813 16.366029739379882813 16.366743087768554688 16.386966705322265625 16.447444915771484375 16.552679061889648438 16.674123764038085938 16.7702178955078125 16.814975738525390625 16.811061859130859375 16.776235580444335938 16.718294143676757813 16.637725830078125 16.549648284912109375 16.483270645141601563 16.457490921020507813 16.444700241088867188 16.36135101318359375 16.204105377197265625 16.07450103759765625 16.037792205810546875 16.049123764038085938 16.039104461669921875 15.990245819091796875 15.929821968078613281 15.905533790588378906 15.907599449157714844 15.913851737976074219 15.919542312622070313
16.408329010009765625 16.456310272216796875 16.519256591796875 16.580381393432617188 16.636205673217773438 16.67620849609375 16.691022872924804688 16.678968429565429688 16.647441864013671875 16.610385894775390625 16.567352294921875 16.527246475219726563 16.496454238891601563 16.483125686645507813 16.506101608276367188 16.561933517456054688 16.642324447631835938 16.736505508422851563 16.809686660766601563 16.83296966552734375 16.80841827392578125 16.752264022827148438 16.679182052612304688 16.604726791381835938 16.546537399291992188 16.510746002197265625 16.482866287231445313 16.423994064331054688 16.308389663696289063 16.173685073852539063 16.081689834594726563 16.05234527587890625 16.052288055419921875 16.027446746826171875 15.973392486572265625 15.933320999145507813 15.930060386657714844 15.927434921264648438 15.918004035949707031 15.915554046630859375
16.52935028076171875 16.592500686645507813 16.67447662353515625 16.765546798706054688 16.8375244140625 16.876581192016601563 16.878099441528320313 16.851806640625 16.814050674438476563 16.771389007568359375 16.722990036010742188 16.680307388305664063 16.642190933227539063 16.63134002685546875 16.663738250732421875 16.713293075561523438 16.765096664428710938 16.8188018798828125 16.85479736328125 16.8482818603515625 16.78922271728515625 16.6995697021484375 16.621576309204101563 16.570306777954101563 16.530462265014648438 16.482839584350585938 16.416103363037109375 16.327402114868164063 16.230072021484375 16.148523330688476563 16.092245101928710938 16.06981658935546875 16.053319931030273438 16.014009475708007813 15.969998359680175781 15.955117225646972656 15.955481529235839844 15.945188522338867188 15.932408332824707031 15.917863845825195313
16.614017486572265625 16.683923721313476563 16.775041580200195313 16.86328887939453125 16.9225616455078125 16.941186904907226563 16.933435440063476563 16.908138275146484375 16.877515792846679688 16.847387313842773438 16.81829071044921875 16.795780181884765625 16.78639984130859375 16.798587799072265625 16.824010848999023438 16.848981857299804688 16.86833953857421875 16.874408721923828125 16.849172592163085938 16.784025192260742188 16.700069427490234375 16.623800277709960938 16.56316375732421875 16.512281417846679688 16.45849609375 16.396848678588867188 16.329153060913085938 16.258209228515625 16.193315505981445313 16.140348434448242188 16.099720001220703125 16.07532501220703125 16.045534133911132813 16.00804901123046875 15.979557037353515625 15.968793869018554688 15.960657119750976563 15.954779624938964844 15.953517913818359375 15.935970306396484375
16.677801132202148438 16.742605209350585938 16.825494766235351563 16.897645950317382813 16.933069229125976563 16.931884765625 16.916545867919921875 16.902761459350585938 16.894853591918945313 16.889850616455078125 16.884098052978515625 16.87619781494140625 16.87001800537109375 16.864023208618164063 16.852260589599609375 16.830322265625 16.79576873779296875 16.748016357421875 16.688106536865234375 16.6222076416015625 16.560228347778320313 16.502813339233398438 16.448711395263671875 16.399000167846679688 16.349216461181640625 16.303241729736328125 16.263362884521484375 16.223346710205078125 16.186458587646484375 16.149816513061523438 16.116209030151367188 16.087102890014648438 16.05283355712890625 16.02392578125 16.001649856567382813 15.981673240661621094 15.981595993041992188 16.001867294311523438 16.01209259033203125 15.997293472290039063
16.682447433471679688 16.728771209716796875 16.8012542724609375 16.863683700561523438 16.88629913330078125 16.868833541870117188 16.835292816162109375 16.805316925048828125 16.781328201293945313 16.758733749389648438 16.73714447021484375 16.717576980590820313 16.696344375610351563 16.674165725708007813 16.651960372924804688 16.627101898193359375 16.596996307373046875 16.561399459838867188 16.520496368408203125 16.476518630981445313 16.432598114013671875 16.390445709228515625 16.354272842407226563 16.32257080078125 16.28974151611328125 16.259454727172851563 16.233648300170898438 16.210882186889648438 16.190290451049804688 16.166795730590820313 16.1375732421875 16.10498046875 16.068010330200195313 16.0369110107421875 16.006734848022460938 15.985949516296386719 15.984879493713378906 15.988720893859863281 15.965639114379882813 15.948688507080078125
16.674673080444335938 16.708530426025390625 16.762605667114257813 16.812358856201171875 16.825733184814453125 16.799701690673828125 16.7554168701171875 16.711149215698242188 16.675403594970703125 16.641597747802734375 16.614007949829101563 16.594120025634765625 16.576192855834960938 16.557926177978515625 16.538713455200195313 16.516408920288085938 16.4893951416015625 16.462865829467773438 16.43731689453125 16.4120025634765625 16.387693405151367188 16.3649139404296875 16.345151901245117188 16.325872421264648438 16.305509567260742188 16.284406661987304688 16.263120651245117188 16.244237899780273438 16.224828720092773438 16.205539703369140625 16.183046340942382813 16.148988723754882813 16.1039581298828125 16.06328582763671875 16.024641036987304688 15.991044998168945313 15.959486007690429688 15.9264984130859375 15.884149551391601563 15.874654769897460938
16.631572723388671875 16.6678466796875 16.704524993896484375 16.742887496948242188 16.755102157592773438 16.730865478515625 16.684915542602539063 16.637933731079101563 16.602853775024414063 16.575838088989257813 16.549526214599609375 16.52923583984375 16.512090682983398438 16.496143341064453125 16.484180450439453125 16.473972320556640625 16.459520339965820313 16.4398956298828125 16.41778564453125 16.3958282470703125 16.375642776489257813 16.354661941528320313 16.332681655883789063 16.31482696533203125 16.304910659790039063 16.300436019897460938 16.295152664184570313 16.287256240844726563 16.276052474975585938 16.258207321166992188 16.231266021728515625 16.199934005737304688 16.159097671508789063 16.107500076293945313 16.051235198974609375 15.99376678466796875 15.939004898071289063 15.901034355163574219 15.893271446228027344 15.896075248718261719
16.58567047119140625 16.624660491943359375 16.648281097412109375 16.675497055053710938 16.688581466674804688 16.670810699462890625 16.626192092895507813 16.579442977905273438 16.539449691772460938 16.510318756103515625 16.480958938598632813 16.456865310668945313 16.441877365112304688 16.431427001953125 16.421131134033203125 16.410783767700195313 16.397081375122070313 16.379087448120117188 16.35921478271484375 16.337289810180664063 16.3143768310546875 16.290777206420898438 16.270803451538085938 16.261003494262695313 16.263124465942382813 16.273641586303710938 16.285444259643554688 16.293935775756835938 16.295660018920898438 16.28841400146484375 16.268712997436523438 16.23920440673828125 16.200567245483398438 16.146924972534179688 16.08039093017578125 16.014984130859375 15.967275619506835938 15.949690818786621094 15.97137451171875 15.959409713745117188
16.646825790405273438 16.641923904418945313 16.637470245361328125 16.647525787353515625 16.66216278076171875 16.6571502685546875 16.618597030639648438 16.571275711059570313 16.530225753784179688 16.500804901123046875 16.479841232299804688 16.4683685302734375 16.466716766357421875 16.465620040893554688 16.458171844482421875 16.4456939697265625 16.431188583374023438 16.412052154541015625 16.39237213134765625 16.371767044067382813 16.348682403564453125 16.321422576904296875 16.29148101806640625 16.263767242431640625 16.242183685302734375 16.229867935180664063 16.227008819580078125 16.23145294189453125 16.238800048828125 16.246477127075195313 16.2471923828125 16.237667083740234375 16.219255447387695313 16.185110092163085938 16.136877059936523438 16.088077545166015625 16.051029205322265625 16.032587051391601563 16.034152984619140625 15.983498573303222656
16.989301681518554688 16.944047927856445313 16.825084686279296875 16.70914459228515625 16.660036087036132813 16.659730911254882813 16.644634246826171875 16.605943679809570313 16.565364837646484375 16.53858184814453125 16.524732589721679688 16.518573760986328125 16.5154266357421875 16.510335922241210938 16.504398345947265625 16.509420394897460938 16.5223541259765625 16.532716751098632813 16.540691375732421875 16.5443572998046875 16.537334442138671875 16.513782501220703125 16.474664688110351563 16.429807662963867188 16.393199920654296875 16.369222640991210938 16.349882125854492188 16.327104568481445313 16.297792434692382813 16.27457427978515625 16.264242172241210938 16.24825286865234375 16.222658157348632813 16.190832138061523438 16.153615951538085938 16.115892410278320313 16.086910247802734375 16.0702056884765625 16.054594039916992188 15.991610527038574219
17.182432174682617188 17.319164276123046875 17.3372955322265625 17.128206253051757813 16.825323104858398438 16.684968948364257813 16.66236114501953125 16.649097442626953125 16.619068145751953125 16.586444854736328125 16.56078338623046875 16.535947799682617188 16.504726409912109375 16.478687286376953125 16.4748687744140625 16.4982757568359375 16.526426315307617188 16.545591354370117188 16.576080322265625 16.626346588134765625 16.678089141845703125 16.714511871337890625 16.730325698852539063 16.72742462158203125 16.71387481689453125 16.695484161376953125 16.660287857055664063 16.593732833862304688 16.510782241821289063 16.453083038330078125 16.442529678344726563 16.449899673461914063 16.44680023193359375 16.428419113159179688 16.386932373046875 16.3238372802734375 16.25539398193359375 16.200319290161132813 16.132268905639648438 16.137386322021484375
17.189031600952148438 17.385461807250976563 17.521665573120117188 17.581050872802734375 17.300815582275390625 16.917558670043945313 16.7149200439453125 16.666412353515625 16.651197433471679688 16.620481491088867188 16.585096359252929688 16.5485382080078125 16.500123977661132813 16.451482772827148438 16.43424224853515625 16.450000762939453125 16.465379714965820313 16.460643768310546875 16.452159881591796875 16.459993362426757813 16.500383377075195313 16.5786285400390625 16.686010360717773438 16.791933059692382813 16.876047134399414063 16.93906402587890625 16.9756927490234375 16.95362091064453125 16.847080230712890625 16.703351974487304688 16.595264434814453125 16.554656982421875 16.561697006225585938 16.569568634033203125 16.540042877197265625 16.46752166748046875 16.363756179809570313 16.240503311157226563 16.209283828735351563 16.260179519653320313
17.508962631225585938 17.720478057861328125 17.787977218627929688 17.78102874755859375 17.778591156005859375 17.55995941162109375 17.152591705322265625 16.82601165771484375 16.689571380615234375 16.65088653564453125 16.624231338500976563 16.5965423583984375 16.561685562133789063 16.51275634765625 16.4710845947265625 16.459672927856445313 16.477321624755859375 16.497081756591796875 16.504161834716796875 16.488428115844726563 16.44635009765625 16.406251907348632813 16.393869400024414063 16.437948226928710938 16.540044784545898438 16.679752349853515625 16.8441009521484375 16.986974716186523438 17.055202484130859375 17.011966705322265625 16.861278533935546875 16.69766998291015625 16.610906600952148438 16.579341888427734375 16.504373550415039063 16.380899429321289063 16.278886795043945313 16.260578155517578125 16.330432891845703125 16.252643585205078125
