MapLinkProApp/griddata/temperature/ASCII/cmems_mod_glo_phy-thetao_anfc_0,083deg_P1D-m_1702458667101_541,1.asc
ncols        121
nrows        120
xllcorner    -30.041666666667
yllcorner    40.041666655981
cellsize     0.083333333333
NODATA_value  9.9692099683868690468e+36
[rows 36 to 53 of 120, columns 0 to 39 of 121]
5.9759144783020019531 5.7886934280395507813 5.6722178459167480469 5.5975027084350585938 5.5296034812927246094 5.4564380645751953125 5.399776458740234375 5.3627400398254394531 5.3496670722961425781 5.3906540870666503906 5.472225189208984375 5.560512542724609375 5.6437363624572753906 5.7545399665832519531 5.8535227775573730469 5.910076141357421875 5.8355555534362792969 5.6648964881896972656 5.6641330718994140625 5.9372143745422363281 6.3760309219360351563 6.7787184715270996094 7.2043218612670898438 7.6624517440795898438 8.136135101318359375 8.6322307586669921875 8.9815950393676757813 9.1939897537231445313 9.2891340255737304688 9.2925271987915039063 9.2749452590942382813 9.2286138534545898438 9.1871118545532226563 9.0948200225830078125 9.011676788330078125 8.9076709747314453125 8.7984943389892578125 8.64989471435546875 8.4445171356201171875 8.2650403976440429688
6.5247826576232910156 6.3964977264404296875 6.2869410514831542969 6.2203836441040039063 6.1739282608032226563 6.1226716041564941406 6.0778398513793945313 6.053775787353515625 6.0637612342834472656 6.1026277542114257813 6.1569075584411621094 6.2143988609313964844 6.2452759742736816406 6.2627835273742675781 6.2558579444885253906 6.2280039787292480469 6.177215576171875 6.0132398605346679688 5.8007950782775878906 5.8092865943908691406 6.0567717552185058594 6.4251599311828613281 6.813426971435546875 7.2425832748413085938 7.7183427810668945313 8.2070703506469726563 8.6463069915771484375 8.952362060546875 9.1493816375732421875 9.2317495346069335938 9.244594573974609375 9.2277460098266601563 9.1662073135375976563 9.0820941925048828125 8.9797916412353515625 8.8291177749633789063 8.7018566131591796875 8.5846281051635742188 8.3831815719604492188 8.1433887481689453125
7.1397600173950195313 7.0591020584106445313 6.99808502197265625 6.9575862884521484375 6.9354524612426757813 6.9180932044982910156 6.91339874267578125 6.9246001243591308594 6.942211151123046875 6.9646434783935546875 6.9690256118774414063 6.961872100830078125 6.942668914794921875 6.9035067558288574219 6.84548187255859375 6.7821745872497558594 6.6452794075012207031 6.49547576904296875 6.2288851737976074219 6.0125136375427246094 6.0211367607116699219 6.1974434852600097656 6.4641313552856445313 6.7794432640075683594 7.1895456314086914063 7.6659402847290039063 8.1566753387451171875 8.5163059234619140625 8.8298139572143554688 9.0632562637329101563 9.2014741897583007813 9.2364940643310546875 9.2012310028076171875 9.1208095550537109375 9.0029134750366210938 8.8618669509887695313 8.7404575347900390625 8.5867433547973632813 8.4041013717651367188 8.218173980712890625
7.364894866943359375 7.2842202186584472656 7.2289037704467773438 7.1972112655639648438 7.1890130043029785156 7.2079606056213378906 7.2425966262817382813 7.28667449951171875 7.3358869552612304688 7.3787102699279785156 7.4113688468933105469 7.42131805419921875 7.405910491943359375 7.364620208740234375 7.2920041084289550781 7.1746425628662109375 7.0278415679931640625 6.84659576416015625 6.6463184356689453125 6.3542571067810058594 6.1891841888427734375 6.1926145553588867188 6.3369545936584472656 6.5782055854797363281 6.870594024658203125 7.1727347373962402344 7.5560145378112792969 7.9940176010131835938 8.4183111190795898438 8.7260694503784179688 8.9413118362426757813 9.0595073699951171875 9.1069116592407226563 9.1199512481689453125 9.0746240615844726563 8.9779510498046875 8.8388652801513671875 8.6612539291381835938 8.543750762939453125 8.4233694076538085938
7.4007763862609863281 7.3768649101257324219 7.3915791511535644531 7.4408326148986816406 7.5157718658447265625 7.6207871437072753906 7.7369637489318847656 7.853515625 7.9770956039428710938 8.080371856689453125 8.171878814697265625 8.22316741943359375 8.233325958251953125 8.199275970458984375 8.10259246826171875 7.9548368453979492188 7.7289676666259765625 7.4225602149963378906 7.1047902107238769531 6.7773299217224121094 6.5013446807861328125 6.3713397979736328125 6.3628792762756347656 6.5007481575012207031 6.7423849105834960938 7.0195174217224121094 7.2744693756103515625 7.5514836311340332031 7.88042449951171875 8.1940135955810546875 8.4678859710693359375 8.6868257522583007813 8.8345470428466796875 8.9290227890014648438 8.9837656021118164063 8.9862232208251953125 8.9530897140502929688 8.8522691726684570313 8.7009525299072265625 8.6041498184204101563
7.7999577522277832031 7.879894256591796875 7.9779024124145507813 8.1031513214111328125 8.2500200271606445313 8.4179706573486328125 8.6050233840942382813 8.7900800704956054688 8.9722881317138671875 9.1228475570678710938 9.2376461029052734375 9.3176298141479492188 9.3344020843505859375 9.3141269683837890625 9.2120485305786132813 9.0538196563720703125 8.8053121566772460938 8.4687166213989257813 8.0999774932861328125 7.5866875648498535156 7.0456705093383789063 6.7334384918212890625 6.5650644302368164063 6.5494065284729003906 6.7049841880798339844 6.9115166664123535156 7.1427311897277832031 7.3743033409118652344 7.6579074859619140625 7.9671921730041503906 8.1858892440795898438 8.4147672653198242188 8.6406469345092773438 8.7803907394409179688 8.8879909515380859375 8.93058013916015625 8.9705295562744140625 8.9739408493041992188 8.86861419677734375 8.7544889450073242188
8.2044172286987304688 8.3169088363647460938 8.4561529159545898438 8.6250371932983398438 8.8274354934692382813 9.0616750717163085938 9.3105173110961914063 9.5476589202880859375 9.7465190887451171875 9.8947000503540039063 9.9866323471069335938 10.041150093078613281 10.034885406494140625 10.030542373657226563 9.9384508132934570313 9.786312103271484375 9.5726308822631835938 9.2144184112548828125 8.8363122940063476563 8.36940765380859375 7.7140612602233886719 7.1432328224182128906 6.8051609992980957031 6.6614360809326171875 6.6927275657653808594 6.861541748046875 7.0712904930114746094 7.3117914199829101563 7.5770430564880371094 7.8982667922973632813 8.1341094970703125 8.3733797073364257813 8.6404504776000976563 8.8240118026733398438 8.9314823150634765625 8.9495563507080078125 8.9801301956176757813 9.0330953598022460938 9.0170192718505859375 8.9042711257934570313
8.57061767578125 8.7489576339721679688 8.9674291610717773438 9.225772857666015625 9.5134487152099609375 9.7935962677001953125 10.029140472412109375 10.196915626525878906 10.286126136779785156 10.314681053161621094 10.310475349426269531 10.301363945007324219 10.300312995910644531 10.326723098754882813 10.324727058410644531 10.258268356323242188 10.20853424072265625 9.9921360015869140625 9.6370973587036132813 9.2300920486450195313 8.6559324264526367188 7.9658555984497070313 7.3702292442321777344 7.0284633636474609375 6.9534707069396972656 7.017116546630859375 7.1503548622131347656 7.331935882568359375 7.5066075325012207031 7.811359405517578125 8.1492929458618164063 8.3964939117431640625 8.635761260986328125 8.8467569351196289063 8.971187591552734375 8.9765796661376953125 8.9704999923706054688 9.0221738815307617188 9.0665178298950195313 9.0135784149169921875
9.0751142501831054688 9.3575878143310546875 9.6521453857421875 9.9327478408813476563 10.159212112426757813 10.304613113403320313 10.368983268737792969 10.357970237731933594 10.301938056945800781 10.243867874145507813 10.205586433410644531 10.190685272216796875 10.218313217163085938 10.2770843505859375 10.33121490478515625 10.357903480529785156 10.432137489318847656 10.468276023864746094 10.296423912048339844 10.016092300415039063 9.56313323974609375 8.9615497589111328125 8.3001832962036132813 7.7472052574157714844 7.4627137184143066406 7.382259368896484375 7.3889050483703613281 7.5209584236145019531 7.6709923744201660156 7.8360104560852050781 8.1646976470947265625 8.4832334518432617188 8.7075834274291992188 8.8945569992065429688 9.0223875045776367188 9.0538587570190429688 9.0741367340087890625 9.0961523056030273438 9.1428461074829101563 9.112499237060546875
9.6578655242919921875 9.891574859619140625 10.078817367553710938 10.213315963745117188 10.291364669799804688 10.323971748352050781 10.329542160034179688 10.3172149658203125 10.300518035888671875 10.286225318908691406 10.292319297790527344 10.319645881652832031 10.362440109252929688 10.404552459716796875 10.427451133728027344 10.420002937316894531 10.473529815673828125 10.575156211853027344 10.612592697143554688 10.515405654907226563 10.220698356628417969 9.7332477569580078125 9.1305484771728515625 8.5194635391235351563 8.065731048583984375 7.8299031257629394531 7.7162976264953613281 7.7642269134521484375 7.8838257789611816406 8.014156341552734375 8.2771062850952148438 8.5979299545288085938 8.825588226318359375 9.0226955413818359375 9.1400146484375 9.174076080322265625 9.1969089508056640625 9.2081165313720703125 9.2292127609252929688 9.2068490982055664063
9.9556903839111328125 10.051863670349121094 10.141411781311035156 10.2296600341796875 10.305571556091308594 10.371805191040039063 10.426609039306640625 10.467800140380859375 10.502797126770019531 10.535078048706054688 10.586480140686035156 10.656920433044433594 10.723784446716308594 10.793575286865234375 10.830547332763671875 10.790216445922851563 10.744289398193359375 10.754996299743652344 10.832434654235839844 10.894395828247070313 10.863597869873046875 10.580232620239257813 10.103087425231933594 9.5212993621826171875 8.9682340621948242188 8.5770778656005859375 8.3139562606811523438 8.2280321121215820313 8.25666046142578125 8.3362665176391601563 8.520168304443359375 8.8107519149780273438 9.0574092864990234375 9.2244253158569335938 9.27886199951171875 9.28348541259765625 9.2990016937255859375 9.3161163330078125 9.3393163681030273438 9.3179874420166015625
10.08623504638671875 10.161097526550292969 10.241286277770996094 10.324525833129882813 10.401709556579589844 10.484229087829589844 10.55886077880859375 10.636429786682128906 10.718286514282226563 10.801576614379882813 10.899172782897949219 11.008313179016113281 11.093418121337890625 11.160564422607421875 11.208993911743164063 11.19934844970703125 11.139909744262695313 11.062289237976074219 11.030848503112792969 11.087327003479003906 11.159490585327148438 11.089468002319335938 10.806049346923828125 10.331279754638671875 9.7945690155029296875 9.32415008544921875 8.9745998382568359375 8.7556056976318359375 8.6981000900268554688 8.6819477081298828125 8.8241872787475585938 9.0726976394653320313 9.3215570449829101563 9.4044752120971679688 9.3799123764038085938 9.3586626052856445313 9.3637638092041015625 9.3750848770141601563 9.3803415298461914063 9.3743829727172851563
10.165501594543457031 10.222499847412109375 10.305144309997558594 10.408657073974609375 10.52594757080078125 10.659822463989257813 10.800044059753417969 10.946903228759765625 11.086145401000976563 11.221124649047851563 11.345132827758789063 11.452530860900878906 11.515298843383789063 11.536753654479980469 11.537221908569335938 11.524312019348144531 11.483236312866210938 11.403292655944824219 11.321391105651855469 11.279832839965820313 11.310090065002441406 11.308218955993652344 11.208721160888671875 10.921303749084472656 10.510636329650878906 10.073161125183105469 9.70352935791015625 9.4045801162719726563 9.2552852630615234375 9.1587429046630859375 9.2441005706787109375 9.4389810562133789063 9.5921659469604492188 9.6283016204833984375 9.5212078094482421875 9.46530914306640625 9.44561767578125 9.444255828857421875 9.4476299285888671875 9.4530496597290039063
10.16641998291015625 10.303224563598632813 10.485182762145996094 10.684351921081542969 10.891489982604980469 11.097132682800292969 11.285174369812011719 11.450518608093261719 11.59014892578125 11.713934898376464844 11.798340797424316406 11.8672637939453125 11.886676788330078125 11.870044708251953125 11.832259178161621094 11.804975509643554688 11.769107818603515625 11.71197509765625 11.620450019836425781 11.542595863342285156 11.487143516540527344 11.4593658447265625 11.423877716064453125 11.305184364318847656 11.070752143859863281 10.739207267761230469 10.402539253234863281 10.128110885620117188 9.9262218475341796875 9.7997865676879882813 9.795238494873046875 9.9080705642700195313 9.9571981430053710938 9.8917551040649414063 9.7192220687866210938 9.6148176193237304688 9.57558441162109375 9.5802011489868164063 9.5974483489990234375 9.6152639389038085938
10.260119438171386719 10.508298873901367188 10.77953338623046875 11.034496307373046875 11.270617485046386719 11.476492881774902344 11.632657051086425781 11.755591392517089844 11.878994941711425781 11.968155860900878906 12.010897636413574219 12.03044891357421875 12.015727996826171875 11.993450164794921875 11.970490455627441406 11.962145805358886719 11.928370475769042969 11.8943634033203125 11.804819107055664063 11.720805168151855469 11.63510894775390625 11.588291168212890625 11.537313461303710938 11.4356536865234375 11.314867973327636719 11.108949661254882813 10.8307037353515625 10.616379737854003906 10.404172897338867188 10.241186141967773438 10.204770088195800781 10.260838508605957031 10.255831718444824219 10.036698341369628906 9.8671464920043945313 9.7589511871337890625 9.7062702178955078125 9.7188844680786132813 9.7540597915649414063 9.7721586227416992188
10.416115760803222656 10.711749076843261719 11.025181770324707031 11.312055587768554688 11.558294296264648438 11.73999786376953125 11.844814300537109375 11.919758796691894531 12.003560066223144531 12.06412506103515625 12.112844467163085938 12.129979133605957031 12.136237144470214844 12.124277114868164063 12.1129608154296875 12.120182991027832031 12.101456642150878906 12.039862632751464844 11.957866668701171875 11.860391616821289063 11.783492088317871094 11.72522735595703125 11.659975051879882813 11.587748527526855469 11.481202125549316406 11.354328155517578125 11.154858589172363281 10.988313674926757813 10.815130233764648438 10.658642768859863281 10.589648246765136719 10.5980987548828125 10.470458984375 10.186786651611328125 9.997455596923828125 9.8831815719604492188 9.8339996337890625 9.8572607040405273438 9.907135009765625 9.9200735092163085938
10.424693107604980469 10.750947952270507813 11.131647109985351563 11.477838516235351563 11.748287200927734375 11.916980743408203125 11.978846549987792969 11.985864639282226563 12.009810447692871094 12.059529304504394531 12.14853668212890625 12.220816612243652344 12.214682579040527344 12.241550445556640625 12.297989845275878906 12.306338310241699219 12.326559066772460938 12.208676338195800781 12.066302299499511719 11.960722923278808594 11.896368026733398438 11.862087249755859375 11.8350067138671875 11.759113311767578125 11.634322166442871094 11.516201019287109375 11.386940956115722656 11.211848258972167969 11.062539100646972656 10.919704437255859375 10.843584060668945313 10.789483070373535156 10.511658668518066406 10.24277496337890625 10.1026763916015625 9.9565677642822265625 9.92238616943359375 9.981464385986328125 10.037939071655273438 10.054460525512695313
10.396592140197753906 10.713689804077148438 11.117787361145019531 11.50449371337890625 11.802102088928222656 11.986515045166015625 12.047758102416992188 12.046462059020996094 12.036862373352050781 12.081904411315917969 12.15657806396484375 12.284554481506347656 12.19720458984375 12.225109100341796875 12.336565017700195313 12.328157424926757813 12.302705764770507813 12.289960861206054688 12.146245002746582031 12.02968597412109375 11.967037200927734375 11.961015701293945313 11.926591873168945313 11.845286369323730469 11.714104652404785156 11.620697021484375 11.504975318908691406 11.316568374633789063 11.182648658752441406 11.039457321166992188 10.933597564697265625 10.784537315368652344 10.497590065002441406 10.274756431579589844 10.128286361694335938 10.031377792358398438 10.049818992614746094 10.101481437683105469 10.122888565063476563 10.117596626281738281
