MapLinkProApp/griddata/temperature/ASCII/cmems_mod_glo_phy-thetao_anfc_0,083deg_P1D-m_1702458667101_21,6.asc
ncols        121
nrows        120
xllcorner    -30.041666666667
yllcorner    40.041666655981
cellsize     0.083333333333
NODATA_value  9.9692099683868690468e+36
[rows 72 to 89 of 120, columns 40 to 79 of 121]
16.974750518798828125 16.961469650268554688 16.94109344482421875 16.91466522216796875 16.88442230224609375 16.854040145874023438 16.822418212890625 16.788145065307617188 16.7442169189453125 16.693395614624023438 16.636613845825195313 16.579286575317382813 16.538946151733398438 16.5239715576171875 16.536024093627929688 16.56938934326171875 16.610776901245117188 16.6591949462890625 16.696435928344726563 16.681243896484375 16.6188812255859375 16.545782089233398438 16.474628448486328125 16.418603897094726563 16.35858154296875 16.265184402465820313 16.23839569091796875 16.3224945068359375 16.33097076416015625 16.161798477172851563 15.9986724853515625 15.956853866577148438 15.951561927795410156 15.933361053466796875 15.930986404418945313 15.950252532958984375 15.984842300415039063 16.002704620361328125 16.009523391723632813 16.011541366577148438
16.7926025390625 16.779710769653320313 16.755147933959960938 16.724023818969726563 16.69371795654296875 16.67071533203125 16.654397964477539063 16.643892288208007813 16.634845733642578125 16.624637603759765625 16.611873626708984375 16.594961166381835938 16.579677581787109375 16.568471908569335938 16.57183837890625 16.594287872314453125 16.62994384765625 16.682216644287109375 16.7326202392578125 16.74553680419921875 16.719072341918945313 16.676092147827148438 16.631464004516601563 16.56980133056640625 16.464601516723632813 16.339878082275390625 16.293191909790039063 16.348016738891601563 16.344915390014648438 16.173627853393554688 16.004695892333984375 15.961072921752929688 15.96570587158203125 15.968920707702636719 15.9943084716796875 16.017181396484375 16.02447509765625 16.013669967651367188 16.006633758544921875 16.005199432373046875
16.509395599365234375 16.501062393188476563 16.486911773681640625 16.472080230712890625 16.460697174072265625 16.455179214477539063 16.4523773193359375 16.450502395629882813 16.450433731079101563 16.45087432861328125 16.450634002685546875 16.452573776245117188 16.4562530517578125 16.463342666625976563 16.4818267822265625 16.520061492919921875 16.5838165283203125 16.667446136474609375 16.740945816040039063 16.77533721923828125 16.771306991577148438 16.746896743774414063 16.708740234375 16.636114120483398438 16.523014068603515625 16.410848617553710938 16.3629302978515625 16.386821746826171875 16.359876632690429688 16.195329666137695313 16.032102584838867188 15.988297462463378906 16.00540924072265625 16.016757965087890625 16.026105880737304688 16.0124053955078125 15.973170280456542969 15.950704574584960938 15.949115753173828125 15.951726913452148438
16.361461639404296875 16.35819244384765625 16.360626220703125 16.367107391357421875 16.373920440673828125 16.378055572509765625 16.378444671630859375 16.372745513916015625 16.362775802612304688 16.351312637329101563 16.337842941284179688 16.332784652709960938 16.338329315185546875 16.347881317138671875 16.369462966918945313 16.426126480102539063 16.526760101318359375 16.64562225341796875 16.742641448974609375 16.79376220703125 16.798742294311523438 16.773927688598632813 16.72882080078125 16.6555633544921875 16.55850982666015625 16.467737197875976563 16.422319412231445313 16.419492721557617188 16.366886138916015625 16.210460662841796875 16.061086654663085938 16.018718719482421875 16.039232254028320313 16.042217254638671875 16.014768600463867188 15.960767745971679688 15.915390968322753906 15.907120704650878906 15.913987159729003906 15.917950630187988281
16.355112075805664063 16.373291015625 16.402708053588867188 16.43279266357421875 16.45929718017578125 16.478885650634765625 16.48651885986328125 16.475862503051757813 16.451160430908203125 16.422756195068359375 16.393712997436523438 16.374345779418945313 16.365741729736328125 16.366268157958984375 16.386638641357421875 16.447315216064453125 16.552488327026367188 16.673700332641601563 16.769601821899414063 16.814302444458007813 16.810367584228515625 16.775524139404296875 16.717588424682617188 16.637029647827148438 16.548938751220703125 16.482574462890625 16.456880569458007813 16.444034576416015625 16.360486984252929688 16.203296661376953125 16.07341766357421875 16.036579132080078125 16.048473358154296875 16.038543701171875 15.989783287048339844 15.929570198059082031 15.905262947082519531 15.907059669494628906 15.913247108459472656 15.919024467468261719
16.407751083374023438 16.4558868408203125 16.518995285034179688 16.580324172973632813 16.63629150390625 16.676317214965820313 16.691013336181640625 16.678670883178710938 16.647186279296875 16.610246658325195313 16.5674285888671875 16.527280807495117188 16.496112823486328125 16.482696533203125 16.506082534790039063 16.562238693237304688 16.642520904541015625 16.73630523681640625 16.8090972900390625 16.8321990966796875 16.807521820068359375 16.751287460327148438 16.678228378295898438 16.603778839111328125 16.545749664306640625 16.510097503662109375 16.482172012329101563 16.4230499267578125 16.30739593505859375 16.173244476318359375 16.08123016357421875 16.051860809326171875 16.051837921142578125 16.027208328247070313 15.973254203796386719 15.933403968811035156 15.930014610290527344 15.927388191223144531 15.917627334594726563 15.9150238037109375
16.529052734375 16.592241287231445313 16.67417144775390625 16.765314102172851563 16.837324142456054688 16.876178741455078125 16.877481460571289063 16.851114273071289063 16.813434600830078125 16.770965576171875 16.722799301147460938 16.679674148559570313 16.641988754272460938 16.631887435913085938 16.6644744873046875 16.713907241821289063 16.765359878540039063 16.818548202514648438 16.854129791259765625 16.847421646118164063 16.788122177124023438 16.698329925537109375 16.620574951171875 16.569507598876953125 16.529628753662109375 16.481840133666992188 16.414905548095703125 16.326097488403320313 16.229249954223632813 16.148111343383789063 16.092121124267578125 16.069650650024414063 16.053075790405273438 16.013706207275390625 15.970241546630859375 15.955521583557128906 15.95580291748046875 15.945719718933105469 15.932963371276855469 15.918311119079589844
16.613389968872070313 16.683382034301757813 16.774515151977539063 16.862636566162109375 16.921785354614257813 16.94008636474609375 16.932170867919921875 16.906984329223632813 16.876684188842773438 16.84683990478515625 16.817987442016601563 16.795625686645507813 16.786428451538085938 16.798681259155273438 16.82392120361328125 16.84865570068359375 16.867738723754882813 16.873483657836914063 16.847965240478515625 16.782632827758789063 16.698657989501953125 16.62261962890625 16.562200546264648438 16.511234283447265625 16.457307815551757813 16.39568328857421875 16.328153610229492188 16.257427215576171875 16.192880630493164063 16.140087127685546875 16.0996551513671875 16.075206756591796875 16.045248031616210938 16.00762176513671875 15.980234146118164063 15.969533920288085938 15.961331367492675781 15.956103324890136719 15.955041885375976563 15.937733650207519531
16.676906585693359375 16.741748809814453125 16.82464599609375 16.896732330322265625 16.932018280029296875 16.93064117431640625 16.9151611328125 16.9014434814453125 16.893634796142578125 16.88864898681640625 16.882883071899414063 16.874956130981445313 16.8687591552734375 16.862651824951171875 16.850742340087890625 16.828699111938476563 16.794042587280273438 16.746290206909179688 16.686443328857421875 16.620626449584960938 16.558778762817382813 16.501399993896484375 16.447267532348632813 16.3975677490234375 16.347843170166015625 16.302087783813476563 16.262529373168945313 16.222902297973632813 16.1863555908203125 16.149869918823242188 16.116403579711914063 16.087312698364257813 16.053113937377929688 16.024564743041992188 16.002368927001953125 15.982262611389160156 15.981985092163085938 16.00231170654296875 16.012346267700195313 15.998137474060058594
16.681421279907226563 16.727733612060546875 16.800195693969726563 16.86261749267578125 16.885097503662109375 16.867372512817382813 16.83367919921875 16.80362701416015625 16.779531478881835938 16.75673675537109375 16.735029220581054688 16.715412139892578125 16.694164276123046875 16.672029495239257813 16.64992523193359375 16.625078201293945313 16.5949859619140625 16.559513092041015625 16.518823623657226563 16.475046157836914063 16.431291580200195313 16.38935089111328125 16.35343170166015625 16.32196807861328125 16.289287567138671875 16.259092330932617188 16.23343658447265625 16.21083831787109375 16.190387725830078125 16.167072296142578125 16.138113021850585938 16.105630874633789063 16.06882476806640625 16.037767410278320313 16.007350921630859375 15.986146926879882813 15.984559059143066406 15.988439559936523438 15.965121269226074219 15.947782516479492188
16.67360687255859375 16.70743560791015625 16.761423110961914063 16.811176300048828125 16.824457168579101563 16.7981414794921875 16.753721237182617188 16.709375381469726563 16.673631668090820313 16.639892578125 16.6122589111328125 16.5923919677734375 16.574514389038085938 16.5562591552734375 16.537052154541015625 16.514774322509765625 16.487817764282226563 16.461473464965820313 16.43621063232421875 16.411130905151367188 16.386968612670898438 16.364336013793945313 16.344736099243164063 16.325616836547851563 16.305423736572265625 16.284463882446289063 16.263341903686523438 16.24465179443359375 16.2253570556640625 16.206167221069335938 16.183595657348632813 16.149753570556640625 16.105167388916015625 16.064441680908203125 16.025602340698242188 15.991443634033203125 15.959315299987792969 15.926183700561523438 15.884428977966308594 15.874761581420898438
16.630491256713867188 16.666791915893554688 16.703319549560546875 16.741580963134765625 16.753753662109375 16.729478836059570313 16.683422088623046875 16.63645172119140625 16.601306915283203125 16.574296951293945313 16.547916412353515625 16.527643203735351563 16.510568618774414063 16.49468994140625 16.482816696166992188 16.472703933715820313 16.458347320556640625 16.438909530639648438 16.417016983032226563 16.395175933837890625 16.3750152587890625 16.354040145874023438 16.33209228515625 16.314365386962890625 16.3046722412109375 16.300418853759765625 16.295362472534179688 16.28762054443359375 16.276350021362304688 16.258546829223632813 16.231990814208984375 16.20070648193359375 16.159975051879882813 16.1083984375 16.051977157592773438 15.994213104248046875 15.93920135498046875 15.901778221130371094 15.894268035888671875 15.896992683410644531
16.585205078125 16.623897552490234375 16.647344589233398438 16.67437744140625 16.687433242797851563 16.66980743408203125 16.62516021728515625 16.578371047973632813 16.53830718994140625 16.509120941162109375 16.4799041748046875 16.455976486206054688 16.4411163330078125 16.430665969848632813 16.420284271240234375 16.409872055053710938 16.396177291870117188 16.37831878662109375 16.358644485473632813 16.336835861206054688 16.313953399658203125 16.2903594970703125 16.270345687866210938 16.260461807250976563 16.262533187866210938 16.273115158081054688 16.28508758544921875 16.293779373168945313 16.295660018920898438 16.288614273071289063 16.269138336181640625 16.239837646484375 16.201473236083984375 16.148008346557617188 16.081529617309570313 16.016435623168945313 15.968858718872070313 15.951220512390136719 15.972577095031738281 15.960430145263671875
16.650646209716796875 16.644922256469726563 16.638254165649414063 16.647050857543945313 16.661375045776367188 16.65654754638671875 16.618215560913085938 16.570825576782226563 16.52985382080078125 16.500490188598632813 16.479616165161132813 16.468206405639648438 16.466632843017578125 16.46549224853515625 16.458003997802734375 16.445569992065429688 16.431348800659179688 16.412784576416015625 16.39377593994140625 16.373655319213867188 16.350858688354492188 16.32373809814453125 16.293422698974609375 16.264820098876953125 16.242605209350585938 16.230144500732421875 16.227191925048828125 16.231502532958984375 16.238698959350585938 16.246236801147460938 16.246942520141601563 16.237611770629882813 16.2195587158203125 16.185773849487304688 16.137891769409179688 16.089502334594726563 16.052423477172851563 16.033689498901367188 16.034708023071289063 15.984375
16.99446868896484375 16.957872390747070313 16.848888397216796875 16.72335052490234375 16.663303375244140625 16.659730911254882813 16.644521713256835938 16.606084823608398438 16.565532684326171875 16.538667678833007813 16.524616241455078125 16.518260955810546875 16.514942169189453125 16.50975799560546875 16.503772735595703125 16.508886337280273438 16.522130966186523438 16.5329742431640625 16.541706085205078125 16.546442031860351563 16.540430068969726563 16.51795196533203125 16.479892730712890625 16.435472488403320313 16.398927688598632813 16.375013351440429688 16.3553619384765625 16.331859588623046875 16.301776885986328125 16.2779083251953125 16.267621994018554688 16.251789093017578125 16.225786209106445313 16.195581436157226563 16.15857696533203125 16.120145797729492188 16.090040206909179688 16.07238006591796875 16.056173324584960938 16.001102447509765625
17.18320465087890625 17.321613311767578125 17.358732223510742188 17.205953598022460938 16.881696701049804688 16.700010299682617188 16.663921356201171875 16.649257659912109375 16.619375228881835938 16.58664703369140625 16.560647964477539063 16.535593032836914063 16.504152297973632813 16.4777984619140625 16.473785400390625 16.49716949462890625 16.525331497192382813 16.544464111328125 16.574884414672851563 16.625438690185546875 16.677511215209960938 16.71457672119140625 16.731767654418945313 16.73050689697265625 16.718252182006835938 16.701375961303710938 16.668567657470703125 16.603572845458984375 16.5197906494140625 16.459684371948242188 16.447313308715820313 16.454786300659179688 16.453756332397460938 16.439769744873046875 16.400684356689453125 16.3382720947265625 16.265855789184570313 16.211568832397460938 16.151559829711914063 16.203107833862304688
17.195018768310546875 17.388278961181640625 17.521892547607421875 17.606256484985351563 17.436502456665039063 17.0247955322265625 16.745174407958984375 16.66996002197265625 16.651546478271484375 16.620815277099609375 16.585275650024414063 16.54869842529296875 16.50022125244140625 16.451366424560546875 16.433629989624023438 16.449098587036132813 16.464529037475585938 16.460103988647460938 16.45194244384765625 16.4591522216796875 16.499408721923828125 16.580333709716796875 16.68746185302734375 16.791086196899414063 16.875387191772460938 16.939662933349609375 16.978273391723632813 16.95989990234375 16.8584136962890625 16.715997695922851563 16.603372573852539063 16.557996749877929688 16.563518524169921875 16.571146011352539063 16.541591644287109375 16.469953536987304688 16.368612289428710938 16.261739730834960938 16.272857666015625 16.33475494384765625
17.542840957641601563 17.7325897216796875 17.795202255249023438 17.784254074096679688 17.789461135864257813 17.686380386352539063 17.301687240600585938 16.897802352905273438 16.703868865966796875 16.65189361572265625 16.624378204345703125 16.59696197509765625 16.562524795532226563 16.514017105102539063 16.472194671630859375 16.460309982299804688 16.477647781372070313 16.497606277465820313 16.50506591796875 16.4897003173828125 16.447801589965820313 16.40755462646484375 16.396902084350585938 16.448820114135742188 16.55478668212890625 16.689046859741210938 16.848896026611328125 16.98923492431640625 17.057050704956054688 17.019001007080078125 16.8720245361328125 16.705286026000976563 16.613758087158203125 16.5802154541015625 16.50527191162109375 16.382633209228515625 16.287202835083007813 16.289287567138671875 16.367128372192382813 16.266551971435546875
