MapLinkProApp/griddata/temperature/ASCII/cmems_mod_glo_phy-thetao_anfc_0,083deg_P1D-m_1702458667101_541,1.asc
ncols        121
nrows        120
xllcorner    -30.041666666667
yllcorner    40.041666655981
cellsize     0.083333333333
NODATA_value  9.9692099683868690468e+36
[rows 36 to 53 of 120, columns 80 to 119 of 121]
10.67089080810546875 10.634489059448242188 10.547575950622558594 10.454233169555664063 10.375009536743164063 10.307767868041992188 10.225717544555664063 10.117600440979003906 9.9793996810913085938 9.7884273529052734375 9.5771169662475585938 9.3813982009887695313 9.2580242156982421875 9.1569347381591796875 9.0367603302001953125 8.919963836669921875 8.8719120025634765625 8.9082431793212890625 8.9626407623291015625 9.0241603851318359375 9.0950174331665039063 9.1674671173095703125 9.2013044357299804688 9.226226806640625 9.2529773712158203125 9.283000946044921875 9.3218870162963867188 9.3995103836059570313 9.6268033981323242188 9.9052591323852539063 10.198423385620117188 10.470900535583496094 10.678820610046386719 10.817731857299804688 10.899010658264160156 10.977236747741699219 11.008569717407226563 11.071444511413574219 11.202709197998046875 11.298397064208984375
10.625351905822753906 10.517253875732421875 10.426945686340332031 10.376916885375976563 10.370009422302246094 10.367588043212890625 10.312024116516113281 10.221220016479492188 10.125182151794433594 9.975444793701171875 9.7464008331298828125 9.515045166015625 9.3377351760864257813 9.1951580047607421875 9.044269561767578125 8.9305410385131835938 8.87523651123046875 8.8805017471313476563 8.888576507568359375 8.9095106124877929688 8.9849271774291992188 9.0442285537719726563 9.0649509429931640625 9.094417572021484375 9.121311187744140625 9.123058319091796875 9.116546630859375 9.1438112258911132813 9.310882568359375 9.5954437255859375 9.9023752212524414063 10.205174446105957031 10.499014854431152344 10.721331596374511719 10.850501060485839844 10.9643402099609375 11.01094818115234375 11.030477523803710938 11.12479400634765625 11.229540824890136719
10.458699226379394531 10.3250274658203125 10.260827064514160156 10.279931068420410156 10.354799270629882813 10.407712936401367188 10.383168220520019531 10.290185928344726563 10.183251380920410156 10.068971633911132813 9.873943328857421875 9.6502752304077148438 9.4441137313842773438 9.270427703857421875 9.1084699630737304688 8.9798498153686523438 8.9058446884155273438 8.888660430908203125 8.8756608963012695313 8.8525686264038085938 8.8870496749877929688 8.9331493377685546875 8.9931125640869140625 9.1057910919189453125 9.15901947021484375 9.139652252197265625 9.0508470535278320313 9.0060911178588867188 9.0938329696655273438 9.3398180007934570313 9.6465930938720703125 9.9499073028564453125 10.231645584106445313 10.520228385925292969 10.7325897216796875 10.861934661865234375 10.983252525329589844 10.9970245361328125 11.015629768371582031 11.141965866088867188
10.204175949096679688 10.10501861572265625 10.119420051574707031 10.2112884521484375 10.323302268981933594 10.405463218688964844 10.426090240478515625 10.367506027221679688 10.267947196960449219 10.158583641052246094 9.9985523223876953125 9.8019809722900390625 9.602062225341796875 9.397724151611328125 9.22991943359375 9.107975006103515625 9.0104303359985351563 8.9590358734130859375 8.9525194168090820313 8.9516353607177734375 8.9835634231567382813 9.0683832168579101563 9.1928281784057617188 9.2822675704956054688 9.2824468612670898438 9.1984777450561523438 9.0621547698974609375 8.971843719482421875 9.0198011398315429688 9.2421998977661132813 9.4976396560668945313 9.7675991058349609375 10.061658859252929688 10.332843780517578125 10.585870742797851563 10.764628410339355469 10.899791717529296875 10.999960899353027344 10.975645065307617188 10.978908538818359375
9.987270355224609375 9.9488306045532226563 10.008154869079589844 10.1140899658203125 10.226823806762695313 10.346187591552734375 10.411265373229980469 10.406891822814941406 10.347565650939941406 10.2393951416015625 10.110271453857421875 9.9474945068359375 9.7686719894409179688 9.5768489837646484375 9.372303009033203125 9.2422151565551757813 9.1568956375122070313 9.0927133560180664063 9.0667705535888671875 9.0855569839477539063 9.1538972854614257813 9.2298498153686523438 9.2844991683959960938 9.2993307113647460938 9.292736053466796875 9.2839765548706054688 9.174907684326171875 9.0278949737548828125 8.9599151611328125 9.0858736038208007813 9.31516265869140625 9.5855312347412109375 9.8627843856811523438 10.097424507141113281 10.330202102661132813 10.554341316223144531 10.725428581237792969 10.884696006774902344 11.033440589904785156 11.073977470397949219
9.75948333740234375 9.7611484527587890625 9.8527841567993164063 9.9675149917602539063 10.097945213317871094 10.2314453125 10.338801383972167969 10.414191246032714844 10.412136077880859375 10.333171844482421875 10.228302955627441406 10.089891433715820313 9.940998077392578125 9.7886333465576171875 9.6143665313720703125 9.4445037841796875 9.3220205307006835938 9.2489871978759765625 9.2208118438720703125 9.2232923507690429688 9.235614776611328125 9.2649669647216796875 9.2765827178955078125 9.2800197601318359375 9.3053693771362304688 9.374629974365234375 9.3424177169799804688 9.180633544921875 9.0300397872924804688 9.0130519866943359375 9.1909503936767578125 9.4316987991333007813 9.7047815322875976563 9.9383220672607421875 10.119524955749511719 10.321500778198242188 10.492380142211914063 10.624129295349121094 10.771928787231445313 10.961419105529785156
9.5666446685791015625 9.551372528076171875 9.6303453445434570313 9.7331228256225585938 9.8639669418334960938 10.00150299072265625 10.126717567443847656 10.24364471435546875 10.3325042724609375 10.371883392333984375 10.350160598754882813 10.271765708923339844 10.166980743408203125 10.048369407653808594 9.9312267303466796875 9.8130598068237304688 9.6912355422973632813 9.583789825439453125 9.4965124130249023438 9.4521694183349609375 9.433380126953125 9.4282159805297851563 9.4148759841918945313 9.4138774871826171875 9.399745941162109375 9.3974733352661132813 9.432338714599609375 9.3900213241577148438 9.227741241455078125 9.1216001510620117188 9.1261138916015625 9.289730072021484375 9.5196208953857421875 9.7806758880615234375 9.9763059616088867188 10.150992393493652344 10.329522132873535156 10.495050430297851563 10.6689605712890625 10.829027175903320313
9.4824419021606445313 9.44795989990234375 9.4861164093017578125 9.552753448486328125 9.646762847900390625 9.7650117874145507813 9.8845090866088867188 10.003584861755371094 10.114019393920898438 10.208404541015625 10.271114349365234375 10.29552459716796875 10.287996292114257813 10.240264892578125 10.176832199096679688 10.106021881103515625 10.026294708251953125 9.9446887969970703125 9.8572759628295898438 9.7677507400512695313 9.6990442276000976563 9.6449804306030273438 9.59734344482421875 9.5640306472778320313 9.5237150192260742188 9.4977464675903320313 9.5029649734497070313 9.51556396484375 9.4868764877319335938 9.3276948928833007813 9.2046918869018554688 9.2077007293701171875 9.3607397079467773438 9.56507110595703125 9.7760028839111328125 9.9308319091796875 10.063976287841796875 10.237404823303222656 10.463262557983398438 10.712180137634277344
9.5612726211547851563 9.5320463180541992188 9.5441265106201171875 9.5564050674438476563 9.5870294570922851563 9.6426038742065429688 9.71075439453125 9.792461395263671875 9.866924285888671875 9.9316530227661132813 9.993419647216796875 10.048181533813476563 10.09691619873046875 10.140684127807617188 10.179149627685546875 10.203569412231445313 10.21140289306640625 10.2059173583984375 10.178228378295898438 10.125286102294921875 10.04964447021484375 9.9768161773681640625 9.8831796646118164063 9.8024682998657226563 9.7431793212890625 9.667217254638671875 9.6332988739013671875 9.6322927474975585938 9.6306972503662109375 9.5060033798217773438 9.3448009490966796875 9.2485303878784179688 9.3214893341064453125 9.459156036376953125 9.6487760543823242188 9.8071298599243164063 9.9012632369995117188 10.003240585327148438 10.202914237976074219 10.468945503234863281
9.77862548828125 9.7922658920288085938 9.8459520339965820313 9.845561981201171875 9.850917816162109375 9.8579034805297851563 9.8589906692504882813 9.8978490829467773438 9.9459600448608398438 9.9811334609985351563 9.9988584518432617188 10.001924514770507813 9.9971857070922851563 9.988170623779296875 9.997894287109375 10.041077613830566406 10.109340667724609375 10.180629730224609375 10.241319656372070313 10.280160903930664063 10.272595405578613281 10.260624885559082031 10.229220390319824219 10.145051002502441406 10.088026046752929688 10.0031890869140625 9.8837404251098632813 9.8135805130004882813 9.7780694961547851563 9.7090101242065429688 9.5093126296997070313 9.38687896728515625 9.3815431594848632813 9.4620180130004882813 9.6137094497680664063 9.7362957000732421875 9.8092279434204101563 9.8901605606079101563 10.029721260070800781 10.233587265014648438
9.8737154006958007813 9.8961248397827148438 9.914684295654296875 9.9639863967895507813 10.008453369140625 10.020583152770996094 10.047646522521972656 10.078123092651367188 10.102502822875976563 10.138756752014160156 10.1585693359375 10.157307624816894531 10.171955108642578125 10.175815582275390625 10.143606185913085938 10.124026298522949219 10.146185874938964844 10.199579238891601563 10.253351211547851563 10.304200172424316406 10.321988105773925781 10.323771476745605469 10.341390609741210938 10.3297119140625 10.305429458618164063 10.262058258056640625 10.114496231079101563 9.9889192581176757813 9.9404535293579101563 9.8273553848266601563 9.6306514739990234375 9.4886579513549804688 9.4437713623046875 9.4864950180053710938 9.5787496566772460938 9.6807985305786132813 9.7504415512084960938 9.8130197525024414063 9.8930339813232421875 10.046874046325683594
9.7503480911254882813 9.7872152328491210938 9.8265485763549804688 9.875560760498046875 9.9191265106201171875 9.9591474533081054688 10.018299102783203125 10.123414039611816406 10.209959030151367188 10.274760246276855469 10.320056915283203125 10.307416915893554688 10.31789398193359375 10.353567123413085938 10.321950912475585938 10.293313026428222656 10.367297172546386719 10.5052490234375 10.611649513244628906 10.668222427368164063 10.669133186340332031 10.604105949401855469 10.526034355163574219 10.468847274780273438 10.452496528625488281 10.449359893798828125 10.322093963623046875 10.155882835388183594 10.075347900390625 9.9779262542724609375 9.7684793472290039063 9.5556097030639648438 9.4733362197875976563 9.4786577224731445313 9.5488004684448242188 9.609912872314453125 9.68994903564453125 9.7760820388793945313 9.8766508102416992188 9.996135711669921875
9.6636114120483398438 9.7209997177124023438 9.801639556884765625 9.8926477432250976563 9.9621706008911132813 10.020947456359863281 10.061243057250976563 10.159693717956542969 10.252737045288085938 10.323983192443847656 10.382419586181640625 10.396453857421875 10.470088005065917969 10.547319412231445313 10.4944000244140625 10.480228424072265625 10.657704353332519531 10.903573036193847656 11.090085983276367188 11.180649757385253906 11.185719490051269531 11.107001304626464844 10.948000907897949219 10.750871658325195313 10.631181716918945313 10.590996742248535156 10.471118927001953125 10.319164276123046875 10.217088699340820313 10.108419418334960938 9.9303731918334960938 9.7116336822509765625 9.5433149337768554688 9.4488859176635742188 9.4737367630004882813 9.5349397659301757813 9.621547698974609375 9.7200708389282226563 9.846744537353515625 9.9660177230834960938
9.833652496337890625 9.9202556610107421875 9.9951601028442382813 10.058139801025390625 10.089099884033203125 10.160890579223632813 10.188784599304199219 10.270972251892089844 10.323535919189453125 10.39170074462890625 10.4854583740234375 10.520539283752441406 10.641560554504394531 10.727101325988769531 10.635801315307617188 10.67179107666015625 10.970084190368652344 11.282389640808105469 11.476290702819824219 11.558724403381347656 11.561793327331542969 11.483128547668457031 11.305973052978515625 11.050241470336914063 10.834338188171386719 10.724766731262207031 10.591669082641601563 10.417664527893066406 10.296661376953125 10.20569610595703125 10.05266571044921875 9.8465662002563476563 9.6589651107788085938 9.545192718505859375 9.5453586578369140625 9.5442981719970703125 9.6071481704711914063 9.7493133544921875 9.8920049667358398438 10.046473503112792969
10.219268798828125 10.267087936401367188 10.256048202514648438 10.279536247253417969 10.253134727478027344 10.315980911254882813 10.332683563232421875 10.434858322143554688 10.505899429321289063 10.593461036682128906 10.707640647888183594 10.768097877502441406 10.920032501220703125 10.952487945556640625 10.827832221984863281 10.95368194580078125 11.321903228759765625 11.579936027526855469 11.655516624450683594 11.6414794921875 11.615186691284179688 11.576163291931152344 11.466070175170898438 11.26120758056640625 11.034067153930664063 10.871112823486328125 10.721106529235839844 10.55712890625 10.414793014526367188 10.306156158447265625 10.174303054809570313 10.010310173034667969 9.8370189666748046875 9.7013864517211914063 9.6524477005004882813 9.6560144424438476563 9.6870603561401367188 9.7799091339111328125 9.9761266708374023438 10.144188880920410156
10.501041412353515625 10.469449043273925781 10.420361518859863281 10.428793907165527344 10.420523643493652344 10.513127326965332031 10.545344352722167969 10.668793678283691406 10.723079681396484375 10.812104225158691406 10.900870323181152344 10.937321662902832031 11.072507858276367188 11.033861160278320313 10.929441452026367188 11.142186164855957031 11.494371414184570313 11.625720977783203125 11.563246726989746094 11.487475395202636719 11.446125984191894531 11.418042182922363281 11.361812591552734375 11.257310867309570313 11.106245040893554688 10.966952323913574219 10.820988655090332031 10.666307449340820313 10.523665428161621094 10.393091201782226563 10.280477523803710938 10.145402908325195313 10.018579483032226563 9.877590179443359375 9.7869205474853515625 9.7963418960571289063 9.84268951416015625 9.9235258102416992188 10.093538284301757813 10.286396026611328125
10.72271728515625 10.671313285827636719 10.7092742919921875 10.74489593505859375 10.805085182189941406 10.915994644165039063 10.956784248352050781 11.044528007507324219 11.041416168212890625 11.103117942810058594 11.101675987243652344 11.110536575317382813 11.193612098693847656 11.0521240234375 11.015897750854492188 11.322101593017578125 11.6131439208984375 11.652181625366210938 11.547968864440917969 11.466546058654785156 11.437170028686523438 11.39121246337890625 11.324904441833496094 11.241802215576171875 11.1277008056640625 11.004853248596191406 10.866178512573242188 10.724874496459960938 10.585397720336914063 10.454911231994628906 10.323742866516113281 10.2166748046875 10.099965095520019531 9.9832916259765625 9.9183597564697265625 9.929828643798828125 9.9718999862670898438 10.078610420227050781 10.266047477722167969 10.440011024475097656
11.041973114013671875 11.047088623046875 11.132933616638183594 11.167055130004882813 11.267909049987792969 11.297020912170410156 11.2950897216796875 11.293243408203125 11.222869873046875 11.233358383178710938 11.164357185363769531 11.176244735717773438 11.143354415893554688 10.962490081787109375 11.113109588623046875 11.521173477172851563 11.735643386840820313 11.665568351745605469 11.500349044799804688 11.408728599548339844 11.402802467346191406 11.399379730224609375 11.353489875793457031 11.272398948669433594 11.167952537536621094 11.057684898376464844 10.931646347045898438 10.79914093017578125 10.666245460510253906 10.538823127746582031 10.435648918151855469 10.319184303283691406 10.21106719970703125 10.114428520202636719 10.053068161010742188 10.082686424255371094 10.183175086975097656 10.315762519836425781 10.449277877807617188 10.551788330078125
