MapLinkProApp/griddata/temperature/ASCII/cmems_mod_glo_phy-thetao_anfc_0,083deg_P1D-m_1702458667101_1,5.asc
ncols        121
nrows        120
xllcorner    -30.041666666667
yllcorner    40.041666655981
cellsize     0.083333333333
NODATA_value  9.9692099683868690468e+36
[rows 36 to 53 of 120, columns 0 to 39 of 121]
13.82358551025390625 13.778822898864746094 13.743030548095703125 13.721581459045410156 13.708092689514160156 13.693553924560546875 13.679663658142089844 13.669409751892089844 13.664553642272949219 13.666598320007324219 13.672056198120117188 13.67794036865234375 13.680243492126464844 13.676412582397460938 13.668913841247558594 13.659977912902832031 13.631261825561523438 13.565962791442871094 13.531660079956054688 13.571328163146972656 13.652923583984375 13.75162506103515625 13.872514724731445313 14.05144500732421875 14.276584625244140625 14.422616004943847656 14.405932426452636719 14.368364334106445313 14.439252853393554688 14.514513015747070313 14.514242172241210938 14.487878799438476563 14.462188720703125 14.419782638549804688 14.356709480285644531 14.299184799194335938 14.228631019592285156 14.142183303833007813 14.024371147155761719 13.871091842651367188
13.915086746215820313 13.887760162353515625 13.863511085510253906 13.842497825622558594 13.822696685791015625 13.799478530883789063 13.777044296264648438 13.765659332275390625 13.767614364624023438 13.777407646179199219 13.786870002746582031 13.7928924560546875 13.788339614868164063 13.774180412292480469 13.749855995178222656 13.716532707214355469 13.698870658874511719 13.668336868286132813 13.588755607604980469 13.535670280456542969 13.562023162841796875 13.652718544006347656 13.760684967041015625 13.863986968994140625 14.01551055908203125 14.234005928039550781 14.382737159729003906 14.373174667358398438 14.33638763427734375 14.378168106079101563 14.451943397521972656 14.478460311889648438 14.46259307861328125 14.419359207153320313 14.340586662292480469 14.228831291198730469 14.106453895568847656 13.970113754272460938 13.837999343872070313 13.696299552917480469
13.936819076538085938 13.9383697509765625 13.940746307373046875 13.946172714233398438 13.952347755432128906 13.955241203308105469 13.960019111633300781 13.968182563781738281 13.972603797912597656 13.9729156494140625 13.970018386840820313 13.962357521057128906 13.952985763549804688 13.938232421875 13.9143829345703125 13.883425712585449219 13.831602096557617188 13.778756141662597656 13.713162422180175781 13.623808860778808594 13.569944381713867188 13.578485488891601563 13.632429122924804688 13.716928482055664063 13.805153846740722656 13.899367332458496094 14.042401313781738281 14.22196197509765625 14.340510368347167969 14.360852241516113281 14.342253684997558594 14.343257904052734375 14.363932609558105469 14.400587081909179688 14.419079780578613281 14.39080047607421875 14.323726654052734375 14.235346794128417969 14.134370803833007813 14.060587882995605469
13.940880775451660156 13.965886116027832031 13.987648963928222656 14.006998062133789063 14.021836280822753906 14.031846046447753906 14.037734031677246094 14.041575431823730469 14.043653488159179688 14.043849945068359375 14.045171737670898438 14.043108940124511719 14.037836074829101563 14.030667304992675781 14.0141754150390625 14.000210762023925781 13.972616195678710938 13.924867630004882813 13.856989860534667969 13.747916221618652344 13.636828422546386719 13.584103584289550781 13.606520652770996094 13.65341949462890625 13.699350357055664063 13.756013870239257813 13.817273139953613281 13.880433082580566406 14.027480125427246094 14.23487091064453125 14.373675346374511719 14.401326179504394531 14.343798637390136719 14.275458335876464844 14.275315284729003906 14.347639083862304688 14.381153106689453125 14.366415977478027344 14.313340187072753906 14.276662826538085938
13.954449653625488281 13.966717720031738281 13.970894813537597656 13.971624374389648438 13.974390029907226563 13.97982025146484375 13.990418434143066406 14.009167671203613281 14.033251762390136719 14.059380531311035156 14.083254814147949219 14.099003791809082031 14.101935386657714844 14.095758438110351563 14.075592041015625 14.052943229675292969 14.029755592346191406 14.000603675842285156 13.96665191650390625 13.880044937133789063 13.7436065673828125 13.633624076843261719 13.603816032409667969 13.635974884033203125 13.687420845031738281 13.722551345825195313 13.75252532958984375 13.804329872131347656 13.865906715393066406 13.946862220764160156 14.074033737182617188 14.224421501159667969 14.363132476806640625 14.424946784973144531 14.351359367370605469 14.241755485534667969 14.240283966064453125 14.2906494140625 14.3000946044921875 14.279385566711425781
13.863844871520996094 13.870070457458496094 13.879836082458496094 13.904937744140625 13.9516143798828125 14.0189361572265625 14.107420921325683594 14.209932327270507813 14.312284469604492188 14.404314994812011719 14.466083526611328125 14.495478630065917969 14.482359886169433594 14.435891151428222656 14.353733062744140625 14.253015518188476563 14.137915611267089844 14.044313430786132813 14.010175704956054688 14.003308296203613281 13.915339469909667969 13.746726036071777344 13.648657798767089844 13.667924880981445313 13.714686393737792969 13.735333442687988281 13.725603103637695313 13.732362747192382813 13.795018196105957031 13.885676383972167969 14.000042915344238281 14.08235931396484375 14.145977973937988281 14.291218757629394531 14.48647308349609375 14.525411605834960938 14.292934417724609375 14.133065223693847656 14.134738922119140625 14.165697097778320313
13.864727020263671875 13.909556388854980469 13.980838775634765625 14.091800689697265625 14.242822647094726563 14.415639877319335938 14.598587989807128906 14.775038719177246094 14.926672935485839844 15.039730072021484375 15.089791297912597656 15.089237213134765625 15.049355506896972656 14.962679862976074219 14.846249580383300781 14.691000938415527344 14.497762680053710938 14.268707275390625 14.073240280151367188 14.017057418823242188 14.001488685607910156 13.905686378479003906 13.786200523376464844 13.750300407409667969 13.782328605651855469 13.797259330749511719 13.755076408386230469 13.696351051330566406 13.699900627136230469 13.795168876647949219 13.950377464294433594 14.08725738525390625 14.187741279602050781 14.293971061706542969 14.433920860290527344 14.608156204223632813 14.589699745178222656 14.288482666015625 14.05738067626953125 13.985321998596191406
14.133708000183105469 14.30303955078125 14.504155158996582031 14.718064308166503906 14.9262237548828125 15.118306159973144531 15.277220726013183594 15.379411697387695313 15.427277565002441406 15.427905082702636719 15.397879600524902344 15.354859352111816406 15.293462753295898438 15.229282379150390625 15.169935226440429688 15.072017669677734375 14.941753387451171875 14.752873420715332031 14.475100517272949219 14.216817855834960938 14.054297447204589844 13.97133636474609375 13.902399063110351563 13.85486602783203125 13.856570243835449219 13.855272293090820313 13.802208900451660156 13.708627700805664063 13.62090301513671875 13.637314796447753906 13.832163810729980469 14.086098670959472656 14.229777336120605469 14.359222412109375 14.560849189758300781 14.672631263732910156 14.74829864501953125 14.629199981689453125 14.316918373107910156 14.034865379333496094
14.847712516784667969 15.041767120361328125 15.191327095031738281 15.290637969970703125 15.376835823059082031 15.462281227111816406 15.519335746765136719 15.550835609436035156 15.562573432922363281 15.536314010620117188 15.491239547729492188 15.442727088928222656 15.394934654235839844 15.338217735290527344 15.276981353759765625 15.186078071594238281 15.106822013854980469 15.011339187622070313 14.879401206970214844 14.618632316589355469 14.325010299682617188 14.077849388122558594 13.943442344665527344 13.879779815673828125 13.862239837646484375 13.841521263122558594 13.781859397888183594 13.699281692504882813 13.612936019897460938 13.568596839904785156 13.710248947143554688 14.024959564208984375 14.2556610107421875 14.398676872253417969 14.574999809265136719 14.730536460876464844 14.79071807861328125 14.770501136779785156 14.574983596801757813 14.264822006225585938
15.242246627807617188 15.286566734313964844 15.340758323669433594 15.429229736328125 15.545170783996582031 15.657352447509765625 15.733028411865234375 15.776341438293457031 15.783601760864257813 15.766704559326171875 15.738733291625976563 15.705942153930664063 15.668728828430175781 15.626867294311523438 15.567216873168945313 15.478756904602050781 15.340613365173339844 15.174449920654296875 15.045735359191894531 14.886249542236328125 14.651507377624511719 14.358180999755859375 14.106599807739257813 13.941830635070800781 13.860544204711914063 13.816748619079589844 13.767302513122558594 13.708456993103027344 13.661902427673339844 13.610927581787109375 13.68988800048828125 13.967003822326660156 14.244189262390136719 14.406446456909179688 14.563128471374511719 14.713448524475097656 14.802140235900878906 14.770961761474609375 14.612017631530761719 14.354592323303222656
15.476963043212890625 15.619414329528808594 15.735745429992675781 15.821608543395996094 15.868961334228515625 15.889351844787597656 15.888790130615234375 15.876383781433105469 15.860248565673828125 15.843825340270996094 15.825531005859375 15.8002777099609375 15.771570205688476563 15.744349479675292969 15.711758613586425781 15.682970046997070313 15.620568275451660156 15.488590240478515625 15.295666694641113281 15.109032630920410156 14.944169044494628906 14.744861602783203125 14.489628791809082031 14.250682830810546875 14.063859939575195313 13.935650825500488281 13.865398406982421875 13.817902565002441406 13.819733619689941406 13.81653594970703125 13.817074775695800781 13.987667083740234375 14.267260551452636719 14.457815170288085938 14.571692466735839844 14.713991165161132813 14.828687667846679688 14.809027671813964844 14.637203216552734375 14.3724365234375
15.9046630859375 15.920530319213867188 15.921985626220703125 15.916405677795410156 15.904179573059082031 15.8846588134765625 15.859648704528808594 15.830355644226074219 15.801239967346191406 15.771089553833007813 15.737995147705078125 15.702672958374023438 15.670224189758300781 15.645635604858398438 15.632932662963867188 15.644247055053710938 15.651346206665039063 15.614656448364257813 15.5002593994140625 15.316724777221679688 15.132661819458007813 14.973580360412597656 14.786089897155761719 14.575613021850585938 14.376163482666015625 14.198534965515136719 14.085974693298339844 14.011606216430664063 14.005382537841796875 14.018025398254394531 14.021357536315917969 14.120218276977539063 14.361245155334472656 14.529948234558105469 14.615525245666503906 14.767678260803222656 14.869602203369140625 14.855561256408691406 14.671051025390625 14.377577781677246094
15.928133010864257813 15.926962852478027344 15.920961380004882813 15.900758743286132813 15.854946136474609375 15.782964706420898438 15.699164390563964844 15.618004798889160156 15.552667617797851563 15.50618743896484375 15.472815513610839844 15.450716018676757813 15.441378593444824219 15.438226699829101563 15.448014259338378906 15.491076469421386719 15.557727813720703125 15.592217445373535156 15.553812980651855469 15.438391685485839844 15.273663520812988281 15.119435310363769531 14.965125083923339844 14.802542686462402344 14.653070449829101563 14.494098663330078125 14.370259284973144531 14.277581214904785156 14.2392578125 14.238459587097167969 14.237992286682128906 14.290200233459472656 14.489025115966796875 14.610815048217773438 14.684314727783203125 14.830881118774414063 14.919451713562011719 14.884915351867675781 14.701663017272949219 14.409189224243164063
15.947583198547363281 15.93611907958984375 15.880568504333496094 15.762120246887207031 15.588385581970214844 15.402321815490722656 15.255282402038574219 15.1687164306640625 15.139515876770019531 15.141201019287109375 15.164685249328613281 15.208916664123535156 15.257025718688964844 15.282290458679199219 15.296445846557617188 15.345564842224121094 15.436194419860839844 15.520750045776367188 15.542357444763183594 15.474216461181640625 15.357983589172363281 15.234455108642578125 15.094104766845703125 14.956843376159667969 14.845904350280761719 14.724858283996582031 14.61734771728515625 14.535472869873046875 14.477873802185058594 14.47008514404296875 14.450821876525878906 14.476251602172851563 14.634820938110351563 14.7036285400390625 14.755755424499511719 14.889645576477050781 14.962212562561035156 14.894709587097167969 14.695015907287597656 14.431754112243652344
15.972476005554199219 15.910368919372558594 15.755805015563964844 15.515658378601074219 15.249370574951171875 15.057422637939453125 14.989224433898925781 14.991323471069335938 15.017066001892089844 15.064283370971679688 15.121935844421386719 15.185621261596679688 15.237173080444335938 15.251873970031738281 15.249978065490722656 15.279422760009765625 15.365733146667480469 15.467653274536132813 15.510530471801757813 15.460361480712890625 15.375811576843261719 15.276129722595214844 15.159708976745605469 15.053203582763671875 14.958666801452636719 14.844766616821289063 14.76367950439453125 14.692394256591796875 14.632961273193359375 14.630126953125 14.577417373657226563 14.601502418518066406 14.741131782531738281 14.780100822448730469 14.807821273803710938 14.918645858764648438 14.982964515686035156 14.910457611083984375 14.692410469055175781 14.455636024475097656
15.992465019226074219 15.882791519165039063 15.652517318725585938 15.355395317077636719 15.108071327209472656 15.007222175598144531 15.020138740539550781 15.071134567260742188 15.130770683288574219 15.175555229187011719 15.207477569580078125 15.229121208190917969 15.236898422241210938 15.23105621337890625 15.231535911560058594 15.267323493957519531 15.346209526062011719 15.435622215270996094 15.473875045776367188 15.437717437744140625 15.37065887451171875 15.30014801025390625 15.230877876281738281 15.16591644287109375 15.069937705993652344 14.975245475769042969 14.903901100158691406 14.8180999755859375 14.769048690795898438 14.744520187377929688 14.689465522766113281 14.749613761901855469 14.853463172912597656 14.841999053955078125 14.853318214416503906 14.953148841857910156 15.014261245727539063 14.946298599243164063 14.745423316955566406 14.521639823913574219
16.061237335205078125 15.95047760009765625 15.674037933349609375 15.334355354309082031 15.077151298522949219 15.0078887939453125 15.070570945739746094 15.142041206359863281 15.188801765441894531 15.208777427673339844 15.217144012451171875 15.218823432922363281 15.218614578247070313 15.229036331176757813 15.259922981262207031 15.312481880187988281 15.376914024353027344 15.432092666625976563 15.450643539428710938 15.417522430419921875 15.365032196044921875 15.320923805236816406 15.283923149108886719 15.238814353942871094 15.173377037048339844 15.099020004272460938 15.004299163818359375 14.926810264587402344 14.880013465881347656 14.819929122924804688 14.796183586120605469 14.908403396606445313 14.947783470153808594 14.882513046264648438 14.912679672241210938 15.014630317687988281 15.060227394104003906 14.979557991027832031 14.785815238952636719 14.586867332458496094
16.116289138793945313 16.03520965576171875 15.740191459655761719 15.36409759521484375 15.080765724182128906 15.019598007202148438 15.101935386657714844 15.164542198181152344 15.179582595825195313 15.175044059753417969 15.173197746276855469 15.183678627014160156 15.20767974853515625 15.238209724426269531 15.279879570007324219 15.325207710266113281 15.376223564147949219 15.419485092163085938 15.429079055786132813 15.400061607360839844 15.36615753173828125 15.338812828063964844 15.3190155029296875 15.291058540344238281 15.239256858825683594 15.159748077392578125 15.078161239624023438 15.004767417907714844 14.950282096862792969 14.885201454162597656 14.947908401489257813 15.040477752685546875 14.98479461669921875 14.911555290222167969 14.97469329833984375 15.066424369812011719 15.103496551513671875 15.025149345397949219 14.826968193054199219 14.64243316650390625
