MapLinkProApp/griddata/temperature/ASCII/cmems_mod_glo_phy-thetao_anfc_0,083deg_P1D-m_1702458667101_40,3.asc
ncols        121
nrows        120
xllcorner    -30.041666666667
yllcorner    40.041666655981
cellsize     0.083333333333
NODATA_value  9.9692099683868690468e+36
[rows 0 to 17 of 120, columns 80 to 119 of 121]
12.678239822387695313 12.604024887084960938 12.515372276306152344 12.578744888305664063 12.816882133483886719 13.059115409851074219 13.337541580200195313 13.503812789916992188 13.545965194702148438 13.568034172058105469 13.585638999938964844 13.571741104125976563 13.5423736572265625 13.517601966857910156 13.500897407531738281 13.487874984741210938 13.480215072631835938 13.482417106628417969 13.482071876525878906 13.474549293518066406 13.448045730590820313 13.397319793701171875 13.38348388671875 13.409440994262695313 13.425446510314941406 13.394742965698242188 13.331148147583007813 13.274189949035644531 13.177036285400390625 13.050428390502929688 12.944680213928222656 12.909033775329589844 12.903634071350097656 12.872608184814453125 12.78902435302734375 12.695379257202148438 12.7210845947265625 12.953064918518066406 13.237044334411621094 13.327374458312988281
13.127164840698242188 13.048818588256835938 13.0125885009765625 13.174563407897949219 13.300267219543457031 13.404455184936523438 13.537343978881835938 13.554242134094238281 13.54437255859375 13.565517425537109375 13.5654754638671875 13.533366203308105469 13.503777503967285156 13.491711616516113281 13.491024017333984375 13.47212982177734375 13.438142776489257813 13.422829627990722656 13.416315078735351563 13.41240692138671875 13.405347824096679688 13.415468215942382813 13.442894935607910156 13.468069076538085938 13.436817169189453125 13.352801322937011719 13.252777099609375 13.178124427795410156 13.1333465576171875 13.103219032287597656 13.0723114013671875 13.019141197204589844 12.924122810363769531 12.82574462890625 12.758353233337402344 12.754731178283691406 12.877995491027832031 13.096177101135253906 13.263256072998046875 13.33249664306640625
13.40576171875 13.35053253173828125 13.380007743835449219 13.474351882934570313 13.465842247009277344 13.523713111877441406 13.572856903076171875 13.54267120361328125 13.532754898071289063 13.555052757263183594 13.543238639831542969 13.513962745666503906 13.498131752014160156 13.490267753601074219 13.483044624328613281 13.461014747619628906 13.432176589965820313 13.414400100708007813 13.399008750915527344 13.387760162353515625 13.432134628295898438 13.453489303588867188 13.431948661804199219 13.388639450073242188 13.347685813903808594 13.330725669860839844 13.307493209838867188 13.220767021179199219 13.070473670959472656 12.949559211730957031 12.871554374694824219 12.855473518371582031 12.869174957275390625 12.907069206237792969 12.948293685913085938 13.003507614135742188 13.090314865112304688 13.189260482788085938 13.269833564758300781 13.329192161560058594
13.536260604858398438 13.484235763549804688 13.5380096435546875 13.572688102722167969 13.534451484680175781 13.579343795776367188 13.571087837219238281 13.521728515625 13.515308380126953125 13.529474258422851563 13.507994651794433594 13.492857933044433594 13.492389678955078125 13.480869293212890625 13.466131210327148438 13.460240364074707031 13.460675239562988281 13.457815170288085938 13.459698677062988281 13.460885047912597656 13.467417716979980469 13.454779624938964844 13.41915130615234375 13.358969688415527344 13.279728889465332031 13.177486419677734375 13.091149330139160156 13.020069122314453125 13.016880989074707031 13.0387420654296875 13.101716041564941406 13.180856704711914063 13.263124465942382813 13.322671890258789063 13.366654396057128906 13.399935722351074219 13.423756599426269531 13.4373779296875 13.442950248718261719 13.442699432373046875
13.572161674499511719 13.511618614196777344 13.57872772216796875 13.602393150329589844 13.560671806335449219 13.595224380493164063 13.569094657897949219 13.51003265380859375 13.496100425720214844 13.496273040771484375 13.463088035583496094 13.452142715454101563 13.467085838317871094 13.471271514892578125 13.467114448547363281 13.475956916809082031 13.492298126220703125 13.495314598083496094 13.490278244018554688 13.466259956359863281 13.3909454345703125 13.312766075134277344 13.202555656433105469 13.115713119506835938 13.101737022399902344 13.1217498779296875 13.181256294250488281 13.237026214599609375 13.292826652526855469 13.307023048400878906 13.331329345703125 13.330430030822753906 13.335666656494140625 13.34597015380859375 13.371791839599609375 13.41490936279296875 13.454349517822265625 13.477510452270507813 13.482221603393554688 13.474758148193359375
13.6753997802734375 13.591153144836425781 13.640443801879882813 13.649485588073730469 13.58837890625 13.597937583923339844 13.574754714965820313 13.506644248962402344 13.478710174560546875 13.4712982177734375 13.414629936218261719 13.3809661865234375 13.385771751403808594 13.396883010864257813 13.413848876953125 13.428735733032226563 13.420172691345214844 13.390734672546386719 13.341581344604492188 13.275909423828125 13.208289146423339844 13.157087326049804688 13.166395187377929688 13.203705787658691406 13.260436058044433594 13.290750503540039063 13.328040122985839844 13.31928253173828125 13.324070930480957031 13.296144485473632813 13.309275627136230469 13.299783706665039063 13.280195236206054688 13.267366409301757813 13.277512550354003906 13.332531929016113281 13.411931037902832031 13.477296829223632813 13.509434700012207031 13.512940406799316406
13.7466583251953125 13.669752120971679688 13.700367927551269531 13.687132835388183594 13.611708641052246094 13.597310066223144531 13.585003852844238281 13.511328697204589844 13.461647987365722656 13.455812454223632813 13.400572776794433594 13.336550712585449219 13.311068534851074219 13.311565399169921875 13.32772064208984375 13.328846931457519531 13.294526100158691406 13.25037384033203125 13.206018447875976563 13.185315132141113281 13.216895103454589844 13.279756546020507813 13.328440666198730469 13.338571548461914063 13.307776451110839844 13.256625175476074219 13.231930732727050781 13.202385902404785156 13.209958076477050781 13.211109161376953125 13.225553512573242188 13.232654571533203125 13.241907119750976563 13.227599143981933594 13.2156219482421875 13.24674224853515625 13.33139801025390625 13.430523872375488281 13.502283096313476563 13.538622856140136719
13.788555145263671875 13.741055488586425781 13.747119903564453125 13.701067924499511719 13.62757110595703125 13.5963134765625 13.598231315612792969 13.529116630554199219 13.444937705993652344 13.432826042175292969 13.395929336547851563 13.336287498474121094 13.315655708312988281 13.291035652160644531 13.267641067504882813 13.246911048889160156 13.219381332397460938 13.202955245971679688 13.207782745361328125 13.245241165161132813 13.296519279479980469 13.322548866271972656 13.305294990539550781 13.235762596130371094 13.168500900268554688 13.136353492736816406 13.136033058166503906 13.110616683959960938 13.109439849853515625 13.107905387878417969 13.106230735778808594 13.143213272094726563 13.183946609497070313 13.187173843383789063 13.189101219177246094 13.21691131591796875 13.282596588134765625 13.382763862609863281 13.480052947998046875 13.548184394836425781
13.819746017456054688 13.786553382873535156 13.733832359313964844 13.660980224609375 13.614615440368652344 13.584774971008300781 13.598041534423828125 13.555591583251953125 13.445440292358398438 13.417006492614746094 13.393452644348144531 13.310853004455566406 13.269295692443847656 13.226701736450195313 13.196393966674804688 13.189653396606445313 13.198098182678222656 13.222041130065917969 13.256250381469726563 13.291441917419433594 13.307216644287109375 13.289157867431640625 13.243803024291992188 13.216543197631835938 13.226178169250488281 13.231604576110839844 13.195254325866699219 13.154505729675292969 13.131203651428222656 13.122431755065917969 13.115861892700195313 13.116517066955566406 13.1328582763671875 13.144001007080078125 13.164661407470703125 13.210016250610351563 13.277474403381347656 13.362192153930664063 13.450610160827636719 13.524425506591796875
13.829855918884277344 13.751093864440917969 13.645345687866210938 13.590735435485839844 13.591769218444824219 13.600544929504394531 13.59975433349609375 13.581957817077636719 13.47113037109375 13.397151947021484375 13.3930206298828125 13.303132057189941406 13.239217758178710938 13.195390701293945313 13.171210289001464844 13.178318023681640625 13.203016281127929688 13.235733985900878906 13.272037506103515625 13.298168182373046875 13.302378654479980469 13.282145500183105469 13.25569915771484375 13.245630264282226563 13.244688987731933594 13.228048324584960938 13.199687004089355469 13.16353607177734375 13.121577262878417969 13.125418663024902344 13.133680343627929688 13.142637252807617188 13.149329185485839844 13.152088165283203125 13.169771194458007813 13.216886520385742188 13.296133041381835938 13.384215354919433594 13.460943222045898438 13.521805763244628906
13.762697219848632813 13.628121376037597656 13.601622581481933594 13.671872138977050781 13.682828903198242188 13.677220344543457031 13.648992538452148438 13.616108894348144531 13.511855125427246094 13.389983177185058594 13.372225761413574219 13.338855743408203125 13.246824264526367188 13.191975593566894531 13.167733192443847656 13.182250022888183594 13.221083641052246094 13.259210586547851563 13.292014122009277344 13.313299179077148438 13.314870834350585938 13.302884101867675781 13.287180900573730469 13.272124290466308594 13.249967575073242188 13.227347373962402344 13.217955589294433594 13.175464630126953125 13.130518913269042969 13.116457939147949219 13.133276939392089844 13.157846450805664063 13.169180870056152344 13.172189712524414063 13.190855026245117188 13.245225906372070313 13.334438323974609375 13.433195114135742188 13.517822265625 13.574932098388671875
13.645773887634277344 13.647052764892578125 13.724984169006347656 13.748811721801757813 13.747668266296386719 13.722006797790527344 13.6728515625 13.616937637329101563 13.515589714050292969 13.393534660339355469 13.34621429443359375 13.368712425231933594 13.3053741455078125 13.218091964721679688 13.157673835754394531 13.144921302795410156 13.181844711303710938 13.239490509033203125 13.285487174987792969 13.308474540710449219 13.312741279602050781 13.303335189819335938 13.281506538391113281 13.253737449645996094 13.21916961669921875 13.189181327819824219 13.1753387451171875 13.147040367126464844 13.11145782470703125 13.105424880981445313 13.125814437866210938 13.171236038208007813 13.199034690856933594 13.203472137451171875 13.226573944091796875 13.305530548095703125 13.423428535461425781 13.535037994384765625 13.621381759643554688 13.677516937255859375
13.714681625366210938 13.742168426513671875 13.763631820678710938 13.766676902770996094 13.763385772705078125 13.75041961669921875 13.728669166564941406 13.691662788391113281 13.629839897155761719 13.53690338134765625 13.437103271484375 13.351866722106933594 13.308732986450195313 13.285222053527832031 13.248534202575683594 13.198028564453125 13.158560752868652344 13.144494056701660156 13.152735710144042969 13.170456886291503906 13.183991432189941406 13.184140205383300781 13.167634010314941406 13.140051841735839844 13.113982200622558594 13.098812103271484375 13.107908248901367188 13.101269721984863281 13.08852386474609375 13.096749305725097656 13.128733634948730469 13.184253692626953125 13.226033210754394531 13.227438926696777344 13.267576217651367188 13.3792572021484375 13.523179054260253906 13.645448684692382813 13.723670005798339844 13.761411666870117188
13.751795768737792969 13.787542343139648438 13.811504364013671875 13.813104629516601563 13.815896034240722656 13.806493759155273438 13.797417640686035156 13.789629936218261719 13.774230003356933594 13.743481636047363281 13.68662261962890625 13.595398902893066406 13.460447311401367188 13.328914642333984375 13.251852035522460938 13.216693878173828125 13.200003623962402344 13.185335159301757813 13.163569450378417969 13.140110969543457031 13.120166778564453125 13.100057601928710938 13.079747200012207031 13.062430381774902344 13.047823905944824219 13.047579765319824219 13.063071250915527344 13.059735298156738281 13.069549560546875 13.10288238525390625 13.163687705993652344 13.244214057922363281 13.266242027282714844 13.269734382629394531 13.362357139587402344 13.512563705444335938 13.659402847290039063 13.760161399841308594 13.81533050537109375 13.832185745239257813
13.870104789733886719 13.920092582702636719 13.923359870910644531 13.932858467102050781 13.932686805725097656 13.929971694946289063 13.929726600646972656 13.925326347351074219 13.918923377990722656 13.904727935791015625 13.874996185302734375 13.834481239318847656 13.779917716979980469 13.684284210205078125 13.555378913879394531 13.415731430053710938 13.295594215393066406 13.21744537353515625 13.170842170715332031 13.143070220947265625 13.125896453857421875 13.109394073486328125 13.09189605712890625 13.076692581176757813 13.063053131103515625 13.058343887329101563 13.05884552001953125 13.054576873779296875 13.088476181030273438 13.141314506530761719 13.226872444152832031 13.300065040588378906 13.292256355285644531 13.333340644836425781 13.483975410461425781 13.645447731018066406 13.779223442077636719 13.8636932373046875 13.899175643920898438 13.910282135009765625
13.967226982116699219 13.951276779174804688 13.941985130310058594 13.922743797302246094 13.91253662109375 13.916077613830566406 13.924591064453125 13.937747955322265625 13.953861236572265625 13.967013359069824219 13.974080085754394531 13.967714309692382813 13.943793296813964844 13.896703720092773438 13.849162101745605469 13.770277023315429688 13.671407699584960938 13.545575141906738281 13.415525436401367188 13.300588607788085938 13.213547706604003906 13.155385971069335938 13.120104789733886719 13.098169326782226563 13.082997322082519531 13.07808685302734375 13.082567214965820313 13.111873626708984375 13.178926467895507813 13.249437332153320313 13.330613136291503906 13.337121009826660156 13.335113525390625 13.452093124389648438 13.61081695556640625 13.7626190185546875 13.891643524169921875 13.958881378173828125 13.985234260559082031 13.992588996887207031
13.923506736755371094 13.875231742858886719 13.844388961791992188 13.830717086791992188 13.842442512512207031 13.868770599365234375 13.898779869079589844 13.933378219604492188 13.958765983581542969 13.969148635864257813 13.972015380859375 13.978406906127929688 13.982753753662109375 13.972846031188964844 13.946901321411132813 13.891909599304199219 13.831874847412109375 13.756117820739746094 13.669545173645019531 13.566247940063476563 13.451002120971679688 13.3454742431640625 13.267560958862304688 13.21341705322265625 13.182631492614746094 13.178136825561523438 13.192646980285644531 13.245771408081054688 13.304095268249511719 13.372850418090820313 13.390850067138671875 13.348443031311035156 13.428731918334960938 13.591834068298339844 13.749455451965332031 13.9230499267578125 14.041437149047851563 14.067198753356933594 14.053091049194335938 14.037951469421386719
13.814831733703613281 13.780838966369628906 13.77524566650390625 13.802268028259277344 13.851716995239257813 13.918614387512207031 13.986050605773925781 14.040494918823242188 14.061783790588378906 14.063731193542480469 14.050495147705078125 14.028390884399414063 14.008245468139648438 13.9965972900390625 13.987494468688964844 13.968525886535644531 13.935303688049316406 13.890905380249023438 13.837788581848144531 13.771360397338867188 13.684530258178710938 13.585509300231933594 13.491657257080078125 13.416949272155761719 13.367229461669921875 13.342898368835449219 13.343262672424316406 13.365983963012695313 13.402184486389160156 13.429835319519042969 13.390520095825195313 13.392301559448242188 13.536119461059570313 13.692841529846191406 13.873557090759277344 14.057610511779785156 14.114733695983886719 14.079097747802734375 14.042589187622070313 14.021371841430664063
