MapLinkProApp/griddata/temperature/ASCII/cmems_mod_glo_phy-thetao_anfc_0,083deg_P1D-m_1702458667101_3597,0.asc
ncols        121
nrows        120
xllcorner    -30.041666666667
yllcorner    40.041666655981
cellsize     0.083333333333
NODATA_value  9.9692099683868690468e+36
[rows 102 to 118 of 120, columns 74 to 110 of 121]
2.3268926143646240234 2.3236072063446044922 2.3320066928863525391 2.3562884330749511719 2.3835978507995605469 2.3938543796539306641 2.3977630138397216797 2.3936100006103515625 2.3684287071228027344 2.3483312129974365234 2.3429439067840576172 2.3470814228057861328 2.3506803512573242188 2.3624513149261474609 2.3787820339202880859 2.3829853534698486328 2.4084923267364501953 2.4191217422485351563 2.4053769111633300781 2.3811917304992675781 2.3624179363250732422 2.3482749462127685547 2.3295712471008300781 2.3190174102783203125 2.3242673873901367188 2.3202869892120361328 2.3124244213104248047 2.309795379638671875 2.3139483928680419922 2.327732086181640625 9.9692099683868690468e+36 9.9692099683868690468e+36 9.9692099683868690468e+36 9.9692099683868690468e+36 9.9692099683868690468e+36 9.9692099683868690468e+36 9.9692099683868690468e+36
2.3511996269226074219 2.3488557338714599609 2.34558868408203125 2.3500092029571533203 2.3680734634399414063 2.3923087120056152344 2.4098658561706542969 2.4082140922546386719 2.3843762874603271484 2.3667011260986328125 2.3697426319122314453 2.3778293132781982422 2.3792202472686767578 2.3873388767242431641 2.4008116722106933594 2.4118168354034423828 2.4226605892181396484 2.4225974082946777344 2.4029462337493896484 2.3797702789306640625 2.3604300022125244141 2.3419823646545410156 2.3248479366302490234 2.3197968006134033203 2.3178789615631103516 2.3075470924377441406 2.3074185848236083984 2.3207631111145019531 2.3276345729827880859 2.3437042236328125 9.9692099683868690468e+36 9.9692099683868690468e+36 9.9692099683868690468e+36 9.9692099683868690468e+36 9.9692099683868690468e+36 9.9692099683868690468e+36 9.9692099683868690468e+36
2.3824441432952880859 2.3821465969085693359 2.3825452327728271484 2.3635351657867431641 2.3786032199859619141 9.9692099683868690468e+36 2.4051184654235839844 2.3981471061706542969 2.381610870361328125 2.3749873638153076172 2.3823320865631103516 2.3935420513153076172 2.3811256885528564453 2.3775079250335693359 2.3791325092315673828 2.3892967700958251953 2.403133392333984375 2.4073572158813476563 2.4004881381988525391 2.3911190032958984375 2.3851211071014404297 2.3670208454132080078 2.3377490043640136719 2.3189611434936523438 2.3015990257263183594 2.2954919338226318359 2.3000690937042236328 9.9692099683868690468e+36 9.9692099683868690468e+36 9.9692099683868690468e+36 9.9692099683868690468e+36 9.9692099683868690468e+36 9.9692099683868690468e+36 9.9692099683868690468e+36 9.9692099683868690468e+36 9.9692099683868690468e+36 9.9692099683868690468e+36
2.3700525760650634766 2.3776273727416992188 2.3746144771575927734 2.3747358322143554688 2.388095855712890625 9.9692099683868690468e+36 2.4013576507568359375 2.3803284168243408203 2.3633894920349121094 2.3742287158966064453 2.3822376728057861328 2.3739049434661865234 2.3602845668792724609 2.3535277843475341797 2.3529050350189208984 2.3586030006408691406 2.3783283233642578125 2.3836774826049804688 2.3781943321228027344 2.3682694435119628906 2.3579392433166503906 2.3351459503173828125 2.3097746372222900391 2.2856159210205078125 9.9692099683868690468e+36 9.9692099683868690468e+36 9.9692099683868690468e+36 9.9692099683868690468e+36 9.9692099683868690468e+36 9.9692099683868690468e+36 9.9692099683868690468e+36 9.9692099683868690468e+36 9.9692099683868690468e+36 9.9692099683868690468e+36 9.9692099683868690468e+36 9.9692099683868690468e+36 2.2391860485076904297
2.3310749530792236328 2.3475866317749023438 2.3618483543395996094 2.3643369674682617188 2.3677034378051757813 2.3699681758880615234 2.3574712276458740234 2.3453311920166015625 2.3333687782287597656 2.3455913066864013672 2.3591890335083007813 2.3473105430603027344 2.335750579833984375 2.3329923152923583984 2.3350417613983154297 2.3460657596588134766 2.3601579666137695313 2.36264801025390625 2.3546326160430908203 2.3408222198486328125 2.3223433494567871094 2.29669952392578125 2.2762074470520019531 2.2657837867736816406 9.9692099683868690468e+36 9.9692099683868690468e+36 9.9692099683868690468e+36 9.9692099683868690468e+36 9.9692099683868690468e+36 9.9692099683868690468e+36 9.9692099683868690468e+36 9.9692099683868690468e+36 9.9692099683868690468e+36 9.9692099683868690468e+36 9.9692099683868690468e+36 9.9692099683868690468e+36 2.2682507038116455078
2.2879729270935058594 2.3073782920837402344 2.3227543830871582031 2.3242490291595458984 2.3482594490051269531 9.9692099683868690468e+36 2.339839935302734375 2.3419892787933349609 2.3388056755065917969 2.3407328128814697266 2.3500449657440185547 2.3427639007568359375 2.3356492519378662109 2.3357372283935546875 2.3333780765533447266 2.3350419998168945313 2.3363673686981201172 2.3365416526794433594 2.3282094001770019531 2.3120813369750976563 2.2977917194366455078 2.2801113128662109375 2.2544286251068115234 9.9692099683868690468e+36 9.9692099683868690468e+36 2.2415635585784912109 2.2404520511627197266 9.9692099683868690468e+36 9.9692099683868690468e+36 9.9692099683868690468e+36 9.9692099683868690468e+36 9.9692099683868690468e+36 9.9692099683868690468e+36 9.9692099683868690468e+36 9.9692099683868690468e+36 2.2509706020355224609 2.255889892578125
2.2724251747131347656 2.2879717350006103516 2.2987883090972900391 2.2968418598175048828 2.3239946365356445313 2.3444602489471435547 2.3337757587432861328 2.3316252231597900391 2.3158025741577148438 2.3102977275848388672 2.3288083076477050781 2.3297953605651855469 2.3251678943634033203 2.3263137340545654297 2.3230047225952148438 2.3189325332641601563 2.3122031688690185547 2.3095874786376953125 2.3068261146545410156 2.2978138923645019531 2.2884423732757568359 2.2735333442687988281 2.2384388446807861328 2.2172596454620361328 2.2166321277618408203 2.2160820960998535156 2.2238109111785888672 9.9692099683868690468e+36 9.9692099683868690468e+36 9.9692099683868690468e+36 9.9692099683868690468e+36 9.9692099683868690468e+36 9.9692099683868690468e+36 9.9692099683868690468e+36 2.2510077953338623047 2.2293353080749511719 2.2437000274658203125
2.2685384750366210938 2.2775354385375976563 2.2902243137359619141 2.2984688282012939453 9.9692099683868690468e+36 9.9692099683868690468e+36 2.3449327945709228516 2.3275909423828125 2.3149406909942626953 2.3090472221374511719 2.3155934810638427734 2.3177323341369628906 2.3182935714721679688 2.3152081966400146484 2.3052649497985839844 2.3044846057891845703 2.3022429943084716797 2.2937932014465332031 2.2921473979949951172 2.2902319431304931641 2.2830586433410644531 2.2767641544342041016 2.2534999847412109375 2.2271935939788818359 2.2334473133087158203 2.2350649833679199219 2.231777191162109375 2.2665910720825195313 9.9692099683868690468e+36 9.9692099683868690468e+36 9.9692099683868690468e+36 9.9692099683868690468e+36 9.9692099683868690468e+36 2.2762179374694824219 9.9692099683868690468e+36 2.2324788570404052734 9.9692099683868690468e+36
2.2825038433074951172 2.2915832996368408203 2.3079562187194824219 2.3273632526397705078 2.3313660621643066406 2.3434100151062011719 2.3457319736480712891 2.3214550018310546875 2.3155391216278076172 2.3168675899505615234 2.3101060390472412109 2.3077068328857421875 2.3072686195373535156 2.2984278202056884766 2.2970092296600341797 9.9692099683868690468e+36 2.2955420017242431641 2.2912015914916992188 2.2904076576232910156 2.2862231731414794922 2.2793397903442382813 2.2769210338592529297 2.2706973552703857422 2.2559807300567626953 2.2512238025665283203 2.2423174381256103516 2.2375161647796630859 2.2678558826446533203 9.9692099683868690468e+36 9.9692099683868690468e+36 9.9692099683868690468e+36 9.9692099683868690468e+36 9.9692099683868690468e+36 9.9692099683868690468e+36 9.9692099683868690468e+36 9.9692099683868690468e+36 2.2216517925262451172
2.3033802509307861328 2.3122065067291259766 2.3110942840576171875 2.3283083438873291016 2.3541646003723144531 2.3638372421264648438 2.3495130538940429688 2.3230414390563964844 2.3095080852508544922 2.2978851795196533203 2.2894520759582519531 2.2902765274047851563 2.2879545688629150391 2.2844295501708984375 2.293041229248046875 2.3001749515533447266 2.2867803573608398438 2.2867298126220703125 2.2966086864471435547 2.3014435768127441406 2.2891831398010253906 2.2829082012176513672 2.2734847068786621094 2.2663416862487792969 2.2648396492004394531 2.2372574806213378906 2.2208003997802734375 9.9692099683868690468e+36 9.9692099683868690468e+36 9.9692099683868690468e+36 9.9692099683868690468e+36 2.2142136096954345703 2.1602215766906738281 2.1484470367431640625 2.1654789447784423828 2.1805369853973388672 2.2031042575836181641
2.3260374069213867188 2.3294782638549804688 2.3174424171447753906 2.3141469955444335938 2.3298854827880859375 2.3383021354675292969 2.3245630264282226563 2.3074412345886230469 2.2985599040985107422 2.2851130962371826172 2.2766346931457519531 2.2761559486389160156 2.2669076919555664063 2.2768139839172363281 9.9692099683868690468e+36 2.2965288162231445313 2.2943010330200195313 2.2912232875823974609 2.2949450016021728516 2.3019387722015380859 2.2994663715362548828 2.2952456474304199219 2.2818195819854736328 2.2705631256103515625 2.2638862133026123047 2.2260236740112304688 9.9692099683868690468e+36 9.9692099683868690468e+36 2.2011036872863769531 9.9692099683868690468e+36 2.1786930561065673828 2.1457962989807128906 2.1316096782684326172 2.1452372074127197266 2.1412858963012695313 2.1679284572601318359 2.1769831180572509766
2.3717184066772460938 2.3888413906097412109 2.3822689056396484375 2.3588931560516357422 2.3406825065612792969 2.3266890048980712891 2.3098006248474121094 2.2972104549407958984 2.2859911918640136719 2.2704923152923583984 2.2594807147979736328 2.2564852237701416016 2.2569174766540527344 2.2728364467620849609 2.2889397144317626953 2.2843964099884033203 2.2927007675170898438 2.3054268360137939453 2.3131668567657470703 2.3142452239990234375 2.3074979782104492188 2.2963492870330810547 2.2838585376739501953 2.276218414306640625 2.265716552734375 2.2297048568725585938 2.1945884227752685547 2.1848208904266357422 2.1833062171936035156 2.1684615612030029297 2.1481010913848876953 2.1292107105255126953 2.1232244968414306641 2.1272721290588378906 2.1154031753540039063 2.1353600025177001953 2.1549580097198486328
2.4020464420318603516 2.4320650100708007813 2.4193391799926757813 2.3795845508575439453 2.3466091156005859375 2.3221368789672851563 2.3019869327545166016 2.2887501716613769531 2.2786383628845214844 2.2663860321044921875 2.2488846778869628906 2.2350454330444335938 2.2336966991424560547 2.2404792308807373047 2.2548763751983642578 2.2750208377838134766 2.2964205741882324219 2.3114366531372070313 2.3182859420776367188 2.3198592662811279297 2.3152642250061035156 2.3042366504669189453 2.2981238365173339844 2.2927792072296142578 2.2848131656646728516 2.2572972774505615234 2.2200911045074462891 2.20507049560546875 2.2113008499145507813 2.2026934623718261719 2.1756751537322998047 2.1434180736541748047 2.1319439411163330078 2.116313934326171875 2.1003639698028564453 2.1080389022827148438 2.1270651817321777344
2.4203820228576660156 2.4309933185577392578 2.4033074378967285156 2.3638641834259033203 2.3299400806427001953 2.3072252273559570313 2.2855906486511230469 2.2770521640777587891 2.2694041728973388672 2.2503678798675537109 2.2331933975219726563 2.2189068794250488281 2.2180354595184326172 2.2298431396484375 2.2519004344940185547 2.2826786041259765625 2.3008892536163330078 2.3094162940979003906 2.3194496631622314453 2.3256847858428955078 2.3190858364105224609 2.3036639690399169922 2.2982771396636962891 2.2885718345642089844 2.2619116306304931641 2.2351291179656982422 2.2151842117309570313 2.2059512138366699219 2.2032809257507324219 2.1995141506195068359 2.1882650852203369141 2.1665396690368652344 2.1476924419403076172 2.1258177757263183594 2.1172101497650146484 2.1184456348419189453 2.1193423271179199219
2.4045503139495849609 2.3823308944702148438 2.343799591064453125 2.3196470737457275391 2.3039867877960205078 2.2896449565887451172 9.9692099683868690468e+36 2.2802498340606689453 2.2508258819580078125 2.2389788627624511719 2.2265067100524902344 2.2202763557434082031 2.2250685691833496094 2.2366056442260742188 2.2527828216552734375 2.2713191509246826172 2.2846639156341552734 2.2951250076293945313 2.3074855804443359375 2.31771087646484375 2.3285284042358398438 2.3531785011291503906 9.9692099683868690468e+36 2.3030743598937988281 2.2578067779541015625 2.225738525390625 2.2029988765716552734 2.1950900554656982422 2.1931617259979248047 2.1912205219268798828 2.1820690631866455078 2.1715302467346191406 2.1532115936279296875 2.1390316486358642578 2.1403484344482421875 2.1413297653198242188 2.1370995044708251953
2.3497223854064941406 2.3203992843627929688 2.3143961429595947266 2.3053543567657470703 2.2919642925262451172 2.2775640487670898438 2.2665498256683349609 2.2557878494262695313 2.2429082393646240234 2.2320597171783447266 2.2249970436096191406 2.2235059738159179688 2.2281410694122314453 2.2423827648162841797 2.2565655708312988281 2.2654125690460205078 2.2732300758361816406 2.2772867679595947266 2.2818059921264648438 2.2860901355743408203 2.2863755226135253906 2.2830445766448974609 2.2771773338317871094 2.2645821571350097656 2.2454509735107421875 2.2261025905609130859 2.2119085788726806641 2.2030241489410400391 2.1866588592529296875 2.1757748126983642578 2.1715657711029052734 2.1650078296661376953 2.1519322395324707031 2.1383757591247558594 2.1397433280944824219 2.14288330078125 2.1468136310577392578
2.3052768707275390625 2.3106882572174072266 2.3440492153167724609 2.3158655166625976563 2.2695677280426025391 2.2550303936004638672 2.2521119117736816406 2.2478387355804443359 2.2372121810913085938 2.226322174072265625 2.2304389476776123047 9.9692099683868690468e+36 2.2362585067749023438 2.238162994384765625 2.2460036277770996094 2.2454040050506591797 2.2464692592620849609 2.2528598308563232422 2.2561888694763183594 2.2530944347381591797 2.2512919902801513672 2.2486448287963867188 2.2443742752075195313 2.2387320995330810547 2.2307476997375488281 2.2234454154968261719 2.2197568416595458984 2.2125449180603027344 2.1936092376708984375 2.1801404953002929688 2.1766369342803955078 2.1677181720733642578 2.1530148983001708984 2.1434323787689208984 2.1470432281494140625 2.1482672691345214844 2.1608211994171142578
