MapLinkProApp/griddata/temperature/ASCII/cmems_mod_glo_phy-thetao_anfc_0,083deg_P1D-m_1702458667101_65,8.asc
ncols        121
nrows        120
xllcorner    -30.041666666667
yllcorner    40.041666655981
cellsize     0.083333333333
NODATA_value  9.9692099683868690468e+36
[rows 36 to 53 of 120, columns 0 to 39 of 121]
13.836733818054199219 13.791504859924316406 13.7561492919921875 13.73419189453125 13.719307899475097656 13.7034759521484375 13.688761711120605469 13.6779632568359375 13.672154426574707031 13.672940254211425781 13.677826881408691406 13.683536529541015625 13.685780525207519531 13.682391166687011719 13.675863265991210938 13.667634963989257813 13.639783859252929688 13.572549819946289063 13.537689208984375 13.580191612243652344 13.662571907043457031 13.761727333068847656 13.884656906127929688 14.066628456115722656 14.294112205505371094 14.4391632080078125 14.41872406005859375 14.382285118103027344 14.45542144775390625 14.529059410095214844 14.527050971984863281 14.500387191772460938 14.474764823913574219 14.432467460632324219 14.369341850280761719 14.311370849609375 14.241100311279296875 14.155384063720703125 14.037794113159179688 13.884401321411132813
13.926699638366699219 13.899200439453125 13.875980377197265625 13.856722831726074219 13.838588714599609375 13.818796157836914063 13.80089569091796875 13.790287971496582031 13.787164688110351563 13.791378021240234375 13.798884391784667969 13.801476478576660156 13.795355796813964844 13.7815399169921875 13.758709907531738281 13.725928306579589844 13.707709312438964844 13.6781005859375 13.595995903015136719 13.54170989990234375 13.570246696472167969 13.662266731262207031 13.771366119384765625 13.876089096069335938 14.030230522155761719 14.251948356628417969 14.399600028991699219 14.386455535888671875 14.34923553466796875 14.393673896789550781 14.467560768127441406 14.491589546203613281 14.473981857299804688 14.429533004760742188 14.349719047546386719 14.237134933471679688 14.115365028381347656 13.978830337524414063 13.846902847290039063 13.705492973327636719
13.951697349548339844 13.952622413635253906 13.954095840454101563 13.958254814147949219 13.963118553161621094 13.965364456176757813 13.9694366455078125 13.976230621337890625 13.979638099670410156 13.979929924011230469 13.977391242980957031 13.969483375549316406 13.960986137390136719 13.947823524475097656 13.924601554870605469 13.895109176635742188 13.840737342834472656 13.78824615478515625 13.724050521850585938 13.632276535034179688 13.576751708984375 13.585993766784667969 13.641129493713378906 13.726810455322265625 13.816578865051269531 13.912168502807617188 14.056873321533203125 14.237828254699707031 14.355726242065429688 14.374898910522460938 14.355301856994628906 14.356964111328125 14.37772369384765625 14.414670944213867188 14.43155670166015625 14.40108489990234375 14.32994842529296875 14.238039970397949219 14.134386062622070313 14.057148933410644531
13.9535675048828125 13.978841781616210938 14.0009307861328125 14.019933700561523438 14.03397369384765625 14.043483734130859375 14.049059867858886719 14.052474021911621094 14.053928375244140625 14.053600311279296875 14.054615974426269531 14.052058219909667969 14.046255111694335938 14.038880348205566406 14.021782875061035156 14.007893562316894531 13.980388641357421875 13.931744575500488281 13.863372802734375 13.757458686828613281 13.6453704833984375 13.5909423828125 13.61411285400390625 13.661822319030761719 13.708184242248535156 13.766069412231445313 13.829137802124023438 13.892621994018554688 14.040883064270019531 14.250013351440429688 14.389126777648925781 14.416138648986816406 14.358183860778808594 14.285487174987792969 14.287685394287109375 14.362413406372070313 14.394495010375976563 14.377406120300292969 14.321974754333496094 14.283885002136230469
13.970020294189453125 13.982991218566894531 13.987337112426757813 13.988311767578125 13.990029335021972656 13.993732452392578125 14.002482414245605469 14.019047737121582031 14.041514396667480469 14.065982818603515625 14.089080810546875 14.1038970947265625 14.106466293334960938 14.100545883178710938 14.081085205078125 14.059001922607421875 14.036359786987304688 14.008193016052246094 13.9749603271484375 13.888034820556640625 13.750089645385742188 13.639646530151367188 13.610754966735839844 13.64379119873046875 13.695209503173828125 13.731128692626953125 13.763337135314941406 13.816351890563964844 13.87837982177734375 13.958847999572753906 14.08748626708984375 14.239521980285644531 14.379944801330566406 14.441827774047851563 14.36061859130859375 14.250158309936523438 14.253855705261230469 14.304958343505859375 14.313290596008300781 14.29120635986328125
13.880182266235351563 13.885201454162597656 13.894453048706054688 13.917291641235351563 13.958590507507324219 14.019963264465332031 14.103460311889648438 14.203026771545410156 14.304243087768554688 14.396572113037109375 14.459418296813964844 14.491680145263671875 14.48049163818359375 14.435411453247070313 14.354005813598632813 14.253026962280273438 14.139316558837890625 14.049205780029296875 14.017680168151855469 14.013636589050292969 13.920538902282714844 13.751776695251464844 13.653215408325195313 13.678952217102050781 13.721158981323242188 13.742236137390136719 13.734228134155273438 13.742639541625976563 13.807178497314453125 13.900369644165039063 14.012682914733886719 14.093702316284179688 14.157303810119628906 14.305864334106445313 14.503260612487792969 14.538090705871582031 14.296505928039550781 14.141219139099121094 14.147850990295410156 14.1799468994140625
13.87957763671875 13.923108100891113281 13.993129730224609375 14.099095344543457031 14.238678932189941406 14.402555465698242188 14.583959579467773438 14.765810966491699219 14.924576759338378906 15.040109634399414063 15.089945793151855469 15.09146881103515625 15.053487777709960938 14.965285301208496094 14.853251457214355469 14.698114395141601563 14.500287055969238281 14.27178955078125 14.081130027770996094 14.026991844177246094 14.012010574340820313 13.911637306213378906 13.791741371154785156 13.757763862609863281 13.787778854370117188 13.803326606750488281 13.762098312377929688 13.705349922180175781 13.711046218872070313 13.809494972229003906 13.965366363525390625 14.10070037841796875 14.20012664794921875 14.302608489990234375 14.446630477905273438 14.622067451477050781 14.598032951354980469 14.290366172790527344 14.063340187072753906 13.997035980224609375
14.142743110656738281 14.301634788513183594 14.498586654663085938 14.718486785888671875 14.947684288024902344 15.157881736755371094 15.31903076171875 15.428155899047851563 15.480975151062011719 15.472342491149902344 15.4284210205078125 15.377825736999511719 15.313183784484863281 15.260199546813964844 15.188109397888183594 15.089555740356445313 14.956965446472167969 14.766524314880371094 14.487196922302246094 14.226022720336914063 14.062071800231933594 13.978516578674316406 13.909633636474609375 13.862774848937988281 13.862241744995117188 13.862401962280273438 13.809770584106445313 13.716200828552246094 13.629649162292480469 13.649462699890136719 13.847723960876464844 14.10005950927734375 14.241514205932617188 14.369974136352539063 14.571862220764160156 14.685052871704101563 14.762190818786621094 14.638089179992675781 14.320194244384765625 14.039057731628417969
14.828871726989746094 15.0493621826171875 15.238162994384765625 15.393181800842285156 15.500933647155761719 15.55591583251953125 15.590273857116699219 15.601971626281738281 15.582074165344238281 15.550557136535644531 15.502599716186523438 15.454998970031738281 15.403601646423339844 15.359047889709472656 15.31916046142578125 15.252584457397460938 15.214915275573730469 15.120318412780761719 14.906597137451171875 14.628811836242675781 14.327137947082519531 14.08129119873046875 13.947852134704589844 13.887540817260742188 13.870914459228515625 13.850560188293457031 13.790785789489746094 13.707942008972167969 13.620695114135742188 13.577656745910644531 13.720987319946289063 14.039332389831542969 14.269178390502929688 14.409852027893066406 14.586599349975585938 14.744386672973632813 14.804486274719238281 14.785400390625 14.584014892578125 14.271176338195800781
15.29271697998046875 15.4013824462890625 15.472834587097167969 15.532148361206054688 15.595722198486328125 15.660228729248046875 15.732425689697265625 15.778629302978515625 15.78847503662109375 15.772108078002929688 15.743481636047363281 15.709185600280761719 15.671322822570800781 15.628909111022949219 15.569907188415527344 15.483185768127441406 15.365326881408691406 15.261854171752929688 15.145612716674804688 14.9240264892578125 14.661342620849609375 14.362819671630859375 14.108580589294433594 13.944705963134765625 13.8665618896484375 13.823676109313964844 13.775409698486328125 13.715659141540527344 13.667971611022949219 13.616690635681152344 13.697648048400878906 13.979860305786132813 14.26016998291015625 14.417558670043945313 14.573902130126953125 14.727150917053222656 14.815523147583007813 14.785073280334472656 14.624332427978515625 14.364789009094238281
15.566195487976074219 15.6671905517578125 15.758111953735351563 15.824547767639160156 15.872120857238769531 15.895604133605957031 15.89830780029296875 15.887228965759277344 15.872040748596191406 15.857003211975097656 15.84008026123046875 15.815136909484863281 15.786382675170898438 15.758152961730957031 15.724211692810058594 15.694876670837402344 15.631670951843261719 15.502842903137207031 15.35042572021484375 15.213852882385253906 15.021821975708007813 14.780732154846191406 14.4980316162109375 14.2551422119140625 14.06678009033203125 13.938989639282226563 13.870271682739257813 13.822625160217285156 13.8247222900390625 13.820668220520019531 13.818583488464355469 13.991169929504394531 14.278415679931640625 14.469347000122070313 14.582911491394042969 14.726065635681152344 14.841338157653808594 14.823805809020996094 14.649759292602539063 14.384347915649414063
15.911563873291015625 15.929547309875488281 15.931956291198730469 15.927333831787109375 15.915784835815429688 15.896549224853515625 15.872051239013671875 15.843785285949707031 15.8161468505859375 15.787133216857910156 15.754778861999511719 15.719630241394042969 15.686552047729492188 15.6619873046875 15.648141860961914063 15.658188819885253906 15.664526939392089844 15.626661300659179688 15.508592605590820313 15.343153953552246094 15.219456672668457031 15.061021804809570313 14.825200080871582031 14.58966827392578125 14.383591651916503906 14.203907966613769531 14.092741012573242188 14.017226219177246094 14.011156082153320313 14.026696205139160156 14.02813720703125 14.123116493225097656 14.366551399230957031 14.540060997009277344 14.625606536865234375 14.778033256530761719 14.881670951843261719 14.869051933288574219 14.6832427978515625 14.3889923095703125
15.936933517456054688 15.936188697814941406 15.931287765502929688 15.912762641906738281 15.86837005615234375 15.79766845703125 15.71503448486328125 15.634886741638183594 15.570321083068847656 15.52358245849609375 15.490369796752929688 15.468480110168457031 15.458372116088867188 15.453639030456542969 15.462462425231933594 15.505001068115234375 15.571091651916503906 15.604689598083496094 15.564999580383300781 15.447015762329101563 15.284844398498535156 15.152126312255859375 15.004290580749511719 14.834523200988769531 14.674343109130859375 14.508388519287109375 14.378643989562988281 14.285439491271972656 14.246661186218261719 14.248687744140625 14.24798583984375 14.29610443115234375 14.495656967163085938 14.620303153991699219 14.694281578063964844 14.839913368225097656 14.9312591552734375 14.898218154907226563 14.714369773864746094 14.421017646789550781
15.9534759521484375 15.943515777587890625 15.890395164489746094 15.774201393127441406 15.601382255554199219 15.415671348571777344 15.269064903259277344 15.181769371032714844 15.150853157043457031 15.152300834655761719 15.176375389099121094 15.220462799072265625 15.268401145935058594 15.293369293212890625 15.308202743530273438 15.357301712036132813 15.44840240478515625 15.532589912414550781 15.553481101989746094 15.484277725219726563 15.366559982299804688 15.245868682861328125 15.112030982971191406 14.978117942810058594 14.868480682373046875 14.741765022277832031 14.635633468627929688 14.551838874816894531 14.489645957946777344 14.487174034118652344 14.462503433227539063 14.482043266296386719 14.6419525146484375 14.71247100830078125 14.7649078369140625 14.899339675903320313 14.974359512329101563 14.907453536987304688 14.707811355590820313 14.445852279663085938
15.979284286499023438 15.916888236999511719 15.762869834899902344 15.523257255554199219 15.256834030151367188 15.0646514892578125 14.99582672119140625 14.99826812744140625 15.02333831787109375 15.069873809814453125 15.128470420837402344 15.193433761596679688 15.245718002319335938 15.261259078979492188 15.260245323181152344 15.28983306884765625 15.377095222473144531 15.47895050048828125 15.521347999572753906 15.47106170654296875 15.385675430297851563 15.286654472351074219 15.171762466430664063 15.067953109741210938 14.975902557373046875 14.861948966979980469 14.783924102783203125 14.706258773803710938 14.645865440368652344 14.642790794372558594 14.584815025329589844 14.607548713684082031 14.7501983642578125 14.790355682373046875 14.81842041015625 14.928851127624511719 14.995457649230957031 14.923518180847167969 14.70447540283203125 14.4671630859375
15.996180534362792969 15.883109092712402344 15.651458740234375 15.35399627685546875 15.108536720275878906 15.011762619018554688 15.027173042297363281 15.077589988708496094 15.13774871826171875 15.182362556457519531 15.214885711669921875 15.237302780151367188 15.245589256286621094 15.240243911743164063 15.240648269653320313 15.275454521179199219 15.355069160461425781 15.445986747741699219 15.484788894653320313 15.44824981689453125 15.380650520324707031 15.310263633728027344 15.241181373596191406 15.176924705505371094 15.081781387329101563 14.987928390502929688 14.916822433471679688 14.82924652099609375 14.779239654541015625 14.754088401794433594 14.698708534240722656 14.757867813110351563 14.862194061279296875 14.852013587951660156 14.862944602966308594 14.964169502258300781 15.026551246643066406 14.959467887878417969 14.757060050964355469 14.534440040588378906
16.065631866455078125 15.947271347045898438 15.665892601013183594 15.324721336364746094 15.07208251953125 15.01113128662109375 15.077466011047363281 15.149744033813476563 15.198884963989257813 15.217837333679199219 15.226573944091796875 15.228249549865722656 15.227848052978515625 15.237636566162109375 15.26790618896484375 15.319520950317382813 15.385046005249023438 15.441669464111328125 15.4608612060546875 15.427581787109375 15.374651908874511719 15.33074188232421875 15.293328285217285156 15.24794769287109375 15.183458328247070313 15.109997749328613281 15.015816688537597656 14.937046051025390625 14.891539573669433594 14.831168174743652344 14.804468154907226563 14.916068077087402344 14.956486701965332031 14.894145965576171875 14.92261505126953125 15.025959014892578125 15.072388648986816406 14.992278099060058594 14.796515464782714844 14.596326828002929688
16.121534347534179688 16.030517578125 15.727725028991699219 15.349397659301757813 15.072705268859863281 15.022168159484863281 15.108351707458496094 15.171284675598144531 15.187088966369628906 15.183485031127929688 15.182725906372070313 15.19293975830078125 15.216185569763183594 15.246439933776855469 15.288507461547851563 15.334276199340820313 15.385884284973144531 15.429184913635253906 15.439335823059082031 15.410311698913574219 15.375599861145019531 15.34879302978515625 15.328135490417480469 15.300489425659179688 15.248922348022460938 15.170464515686035156 15.090145111083984375 15.014039993286132813 14.960341453552246094 14.894077301025390625 14.955919265747070313 15.048407554626464844 14.994358062744140625 14.924612998962402344 14.985150337219238281 15.076893806457519531 15.115285873413085938 15.037322044372558594 14.837158203125 14.651104927062988281
