MapLinkProApp/griddata/temperature/ASCII/cmems_mod_glo_phy-thetao_anfc_0,083deg_P1D-m_1702458667101_15,8.asc
ncols        121
nrows        120
xllcorner    -30.041666666667
yllcorner    40.041666655981
cellsize     0.083333333333
NODATA_value  9.9692099683868690468e+36
[rows 72 to 89 of 120, columns 0 to 39 of 121]
17.356275558471679688 17.351413726806640625 17.338953018188476563 17.32910919189453125 17.322872161865234375 17.321887969970703125 17.325593948364257813 17.332105636596679688 17.336015701293945313 17.324779510498046875 17.278680801391601563 17.122600555419921875 16.800161361694335938 16.343719482421875 16.008378982543945313 15.853093147277832031 15.842593193054199219 15.882053375244140625 15.912541389465332031 15.803452491760253906 15.585974693298339844 15.393768310546875 15.30187225341796875 15.354906082153320313 15.525514602661132813 16.013521194458007813 16.669927597045898438 17.052755355834960938 17.142328262329101563 17.15137481689453125 17.170398712158203125 17.17244720458984375 17.131837844848632813 17.072671890258789063 17.03047943115234375 17.008081436157226563 16.997087478637695313 16.99131011962890625 16.986194610595703125 16.981006622314453125
17.332834243774414063 17.334592819213867188 17.326604843139648438 17.311784744262695313 17.2964019775390625 17.283199310302734375 17.273920059204101563 17.267818450927734375 17.273057937622070313 17.288784027099609375 17.303789138793945313 17.287221908569335938 17.13974761962890625 16.8154296875 16.444271087646484375 16.1760711669921875 16.056287765502929688 16.008653640747070313 15.986985206604003906 15.894012451171875 15.662403106689453125 15.456034660339355469 15.396160125732421875 15.732842445373535156 16.204389572143554688 16.767282485961914063 17.037933349609375 17.053197860717773438 17.064023971557617188 17.115499496459960938 17.172273635864257813 17.1604766845703125 17.0674896240234375 16.97138214111328125 16.913043975830078125 16.869554519653320313 16.8363037109375 16.812091827392578125 16.79618072509765625 16.793947219848632813
17.27843475341796875 17.293378829956054688 17.301477432250976563 17.297685623168945313 17.288579940795898438 17.276311874389648438 17.268798828125 17.255718231201171875 17.242366790771484375 17.22490692138671875 17.22198486328125 17.245546340942382813 17.249149322509765625 17.11536407470703125 16.816614151000976563 16.468975067138671875 16.237445831298828125 16.06764984130859375 15.931307792663574219 15.761254310607910156 15.561633110046386719 15.576654434204101563 16.090326309204101563 16.64923858642578125 16.90683746337890625 16.981462478637695313 16.992795944213867188 17.0180511474609375 17.04442596435546875 17.072900772094726563 17.112018585205078125 17.039197921752929688 16.858613967895507813 16.71868133544921875 16.649209976196289063 16.597711563110351563 16.557373046875 16.525196075439453125 16.508043289184570313 16.508678436279296875
17.228361129760742188 17.235952377319335938 17.25104522705078125 17.25809478759765625 17.260480880737304688 17.252593994140625 17.248041152954101563 17.244752883911132813 17.243581771850585938 17.222537994384765625 17.192087173461914063 17.18132781982421875 17.223529815673828125 17.242975234985351563 17.04981231689453125 16.634578704833984375 16.278345108032226563 15.946423530578613281 15.710766792297363281 15.583536148071289063 15.791724205017089844 16.371004104614257813 16.871128082275390625 16.930938720703125 16.936937332153320313 16.93431854248046875 16.944520950317382813 16.938901901245117188 16.92987823486328125 16.972688674926757813 17.027662277221679688 16.914180755615234375 16.670261383056640625 16.51634979248046875 16.452898025512695313 16.415613174438476563 16.394710540771484375 16.378408432006835938 16.370103836059570313 16.365566253662109375
17.249414443969726563 17.237979888916015625 17.239990234375 17.241067886352539063 17.246547698974609375 17.248012542724609375 17.24493408203125 17.242422103881835938 17.23998260498046875 17.227273941040039063 17.204029083251953125 17.167963027954101563 17.185998916625976563 17.2456817626953125 17.139783859252929688 16.727558135986328125 16.230747222900390625 15.79627227783203125 15.643800735473632813 15.901500701904296875 16.500396728515625 16.816303253173828125 16.907499313354492188 16.910833358764648438 16.907230377197265625 16.901536941528320313 16.89482879638671875 16.88549041748046875 16.884124755859375 16.929346084594726563 16.97396087646484375 16.807048797607421875 16.532245635986328125 16.411401748657226563 16.3868865966796875 16.37042236328125 16.363002777099609375 16.355504989624023438 16.352552413940429688 16.350917816162109375
17.434804916381835938 17.368236541748046875 17.315517425537109375 17.28116607666015625 17.260511398315429688 17.255029678344726563 17.250118255615234375 17.248508453369140625 17.24674224853515625 17.2397003173828125 17.217378616333007813 17.180431365966796875 17.161714553833007813 17.230779647827148438 17.196058273315429688 16.8173980712890625 16.199937820434570313 15.772985458374023438 15.905210494995117188 16.496141433715820313 16.799871444702148438 16.898611068725585938 16.9140777587890625 16.908174514770507813 16.901170730590820313 16.88733673095703125 16.878467559814453125 16.867471694946289063 16.853572845458984375 16.894611358642578125 16.9298858642578125 16.724918365478515625 16.42722320556640625 16.359304428100585938 16.36438751220703125 16.352090835571289063 16.354612350463867188 16.36090087890625 16.36750030517578125 16.37810516357421875
17.68065643310546875 17.609609603881835938 17.527223587036132813 17.446271896362304688 17.375782012939453125 17.3243865966796875 17.286670684814453125 17.274288177490234375 17.262969970703125 17.260229110717773438 17.23163604736328125 17.2093353271484375 17.161138534545898438 17.216371536254882813 17.230054855346679688 16.91193389892578125 16.264581680297851563 15.859692573547363281 16.165918350219726563 16.676578521728515625 16.859460830688476563 16.90631866455078125 16.917760848999023438 16.914073944091796875 16.881444931030273438 16.857097625732421875 16.84590911865234375 16.832538604736328125 16.820138931274414063 16.8668365478515625 16.900716781616210938 16.674020767211914063 16.380184173583984375 16.349679946899414063 16.36730194091796875 16.363733291625976563 16.397382736206054688 16.427520751953125 16.451297760009765625 16.4826507568359375
17.754642486572265625 17.72838592529296875 17.67786407470703125 17.611682891845703125 17.534029006958007813 17.469831466674804688 17.40943145751953125 17.370258331298828125 17.331554412841796875 17.3087310791015625 17.26103973388671875 17.24713897705078125 17.187961578369140625 17.212917327880859375 17.253726959228515625 17.017910003662109375 16.380645751953125 15.953579902648925781 16.233333587646484375 16.6868743896484375 16.855503082275390625 16.903268814086914063 16.91912078857421875 16.901762008666992188 16.845149993896484375 16.816125869750976563 16.802392959594726563 16.78859710693359375 16.791257858276367188 16.846273422241210938 16.885158538818359375 16.645071029663085938 16.36380767822265625 16.358673095703125 16.399120330810546875 16.41620635986328125 16.465841293334960938 16.5028533935546875 16.53462982177734375 16.568777084350585938
17.69104766845703125 17.725099563598632813 17.733112335205078125 17.712795257568359375 17.669939041137695313 17.622844696044921875 17.555179595947265625 17.49468231201171875 17.43022918701171875 17.377752304077148438 17.312557220458984375 17.289150238037109375 17.246585845947265625 17.218471527099609375 17.269159317016601563 17.140569686889648438 16.5749969482421875 16.092212677001953125 16.235445022583007813 16.627773284912109375 16.82799530029296875 16.897500991821289063 16.920047760009765625 16.870008468627929688 16.799076080322265625 16.763540267944335938 16.74604034423828125 16.73892974853515625 16.755197525024414063 16.814300537109375 16.872373580932617188 16.662611007690429688 16.366308212280273438 16.37787628173828125 16.4294891357421875 16.434814453125 16.478633880615234375 16.534635543823242188 16.589666366577148438 16.632944107055664063
17.554979324340820313 17.625272750854492188 17.684722900390625 17.710992813110351563 17.699007034301757813 17.662313461303710938 17.599338531494140625 17.540246963500976563 17.477483749389648438 17.417444229125976563 17.3502960205078125 17.319147109985351563 17.308879852294921875 17.249011993408203125 17.2871246337890625 17.246679306030273438 16.775293350219726563 16.2498321533203125 16.257732391357421875 16.585458755493164063 16.806756973266601563 16.895664215087890625 16.896463394165039063 16.809740066528320313 16.743680953979492188 16.711900711059570313 16.693674087524414063 16.694437026977539063 16.717859268188476563 16.775327682495117188 16.861993789672851563 16.7203369140625 16.385271072387695313 16.376399993896484375 16.422178268432617188 16.404790878295898438 16.435029983520507813 16.50742340087890625 16.585538864135742188 16.643949508666992188
17.502836227416992188 17.540264129638671875 17.607755661010742188 17.660121917724609375 17.670675277709960938 17.646257400512695313 17.599561691284179688 17.56119537353515625 17.503170013427734375 17.44057464599609375 17.377893447875976563 17.3476715087890625 17.348810195922851563 17.277990341186523438 17.298326492309570313 17.296644210815429688 16.918369293212890625 16.377359390258789063 16.314311981201171875 16.598558425903320313 16.812274932861328125 16.88690185546875 16.83415985107421875 16.74369049072265625 16.685232162475585938 16.657196044921875 16.650081634521484375 16.667301177978515625 16.693323135375976563 16.737421035766601563 16.843931198120117188 16.7898101806640625 16.428213119506835938 16.35865020751953125 16.393774032592773438 16.347490310668945313 16.344560623168945313 16.420995712280273438 16.53141021728515625 16.624866485595703125
17.49596405029296875 17.492410659790039063 17.542919158935546875 17.601535797119140625 17.637563705444335938 17.644845962524414063 17.62621307373046875 17.600063323974609375 17.543413162231445313 17.490604400634765625 17.439483642578125 17.407629013061523438 17.400266647338867188 17.306575775146484375 17.305816650390625 17.32269287109375 17.041173934936523438 16.50601959228515625 16.392871856689453125 16.625965118408203125 16.800020217895507813 16.813516616821289063 16.729387283325195313 16.657068252563476563 16.6043701171875 16.592914581298828125 16.621263504028320313 16.67011260986328125 16.7057037353515625 16.712705612182617188 16.798025131225585938 16.872156143188476563 16.525072097778320313 16.34990692138671875 16.350933074951171875 16.292270660400390625 16.251585006713867188 16.303857803344726563 16.421894073486328125 16.5548248291015625
17.480394363403320313 17.477437973022460938 17.510763168334960938 17.560529708862304688 17.60794830322265625 17.63556671142578125 17.641201019287109375 17.631887435913085938 17.593601226806640625 17.55783843994140625 17.511806488037109375 17.472848892211914063 17.439874649047851563 17.32592010498046875 17.30870819091796875 17.327013015747070313 17.10486602783203125 16.59537506103515625 16.454034805297851563 16.628732681274414063 16.7327423095703125 16.690959930419921875 16.6136322021484375 16.560802459716796875 16.541830062866210938 16.579677581787109375 16.66703033447265625 16.746667861938476563 16.787670135498046875 16.750276565551757813 16.763711929321289063 16.890211105346679688 16.630300521850585938 16.370458602905273438 16.302591323852539063 16.253326416015625 16.234365463256835938 16.275747299194335938 16.376253128051757813 16.500680923461914063
17.463430404663085938 17.470331192016601563 17.50130462646484375 17.549823760986328125 17.596311569213867188 17.629093170166015625 17.64447784423828125 17.644186019897460938 17.62268829345703125 17.595575332641601563 17.5521697998046875 17.516496658325195313 17.466800689697265625 17.343791961669921875 17.316936492919921875 17.325647354125976563 17.110874176025390625 16.625030517578125 16.482992172241210938 16.603729248046875 16.634805679321289063 16.583505630493164063 16.523950576782226563 16.5122222900390625 16.557348251342773438 16.684083938598632813 16.828588485717773438 16.923120498657226563 16.938783645629882813 16.855752944946289063 16.772245407104492188 16.88593292236328125 16.69770050048828125 16.394567489624023438 16.27428436279296875 16.263040542602539063 16.28607940673828125 16.36881256103515625 16.5161895751953125 16.630535125732421875
17.47069549560546875 17.491367340087890625 17.5301055908203125 17.577281951904296875 17.612577438354492188 17.634080886840820313 17.642190933227539063 17.6419219970703125 17.632238388061523438 17.616338729858398438 17.583314895629882813 17.559391021728515625 17.50623321533203125 17.377763748168945313 17.32897186279296875 17.31999969482421875 17.09645843505859375 16.637517929077148438 16.510158538818359375 16.557027816772460938 16.519237518310546875 16.483957290649414063 16.505401611328125 16.618885040283203125 16.828317642211914063 17.046674728393554688 17.196950912475585938 17.252405166625976563 17.201648712158203125 17.040760040283203125 16.845844268798828125 16.88629913330078125 16.772790908813476563 16.434469223022460938 16.286752700805664063 16.314701080322265625 16.371089935302734375 16.524372100830078125 16.75939178466796875 16.940259933471679688
17.541448593139648438 17.555089950561523438 17.580060958862304688 17.602872848510742188 17.610692977905273438 17.615282058715820313 17.6186065673828125 17.626434326171875 17.625240325927734375 17.621706008911132813 17.605377197265625 17.584993362426757813 17.52725982666015625 17.39592742919921875 17.333782196044921875 17.292512893676757813 17.040111541748046875 16.609041213989257813 16.524103164672851563 16.478597640991210938 16.451259613037109375 16.520826339721679688 16.717016220092773438 17.029603958129882813 17.315586090087890625 17.479116439819335938 17.529445648193359375 17.51932525634765625 17.419498443603515625 17.206752777099609375 16.932756423950195313 16.897436141967773438 16.866907119750976563 16.5134429931640625 16.350038528442382813 16.364459991455078125 16.401762008666992188 16.532949447631835938 16.761264801025390625 16.988742828369140625
17.576137542724609375 17.580648422241210938 17.586671829223632813 17.591312408447265625 17.59384918212890625 17.599519729614257813 17.60993194580078125 17.627138137817382813 17.6330718994140625 17.627534866333007813 17.6169891357421875 17.587940216064453125 17.513334274291992188 17.390289306640625 17.331514358520507813 17.248706817626953125 16.933023452758789063 16.563741683959960938 16.480943679809570313 16.436330795288085938 16.5308837890625 16.753267288208007813 17.112934112548828125 17.430301666259765625 17.585878372192382813 17.601251602172851563 17.586765289306640625 17.555448532104492188 17.456041336059570313 17.252290725708007813 16.974582672119140625 16.910135269165039063 16.94773101806640625 16.608371734619140625 16.447925567626953125 16.419115066528320313 16.410699844360351563 16.467498779296875 16.647090911865234375 16.91883087158203125
17.620143890380859375 17.608409881591796875 17.602748870849609375 17.605176925659179688 17.613895416259765625 17.623027801513671875 17.6410369873046875 17.65863800048828125 17.655414581298828125 17.64258575439453125 17.61910247802734375 17.558441162109375 17.452695846557617188 17.339769363403320313 17.272655487060546875 17.122833251953125 16.776239395141601563 16.455165863037109375 16.440547943115234375 16.566156387329101563 16.826902389526367188 17.16962432861328125 17.460231781005859375 17.597040176391601563 17.591562271118164063 17.522855758666992188 17.4717864990234375 17.43231964111328125 17.34271240234375 17.17819976806640625 16.95890045166015625 16.930517196655273438 17.010944366455078125 16.756526947021484375 16.609014511108398438 16.514852523803710938 16.458242416381835938 16.48174285888671875 16.766969680786132813 17.189138412475585938
