MapLinkProApp/griddata/temperature/ASCII/cmems_mod_glo_phy-thetao_anfc_0,083deg_P1D-m_1702458667101_2,6.asc
ncols        121
nrows        120
xllcorner    -30.041666666667
yllcorner    40.041666655981
cellsize     0.083333333333
NODATA_value  9.9692099683868690468e+36
[rows 36 to 53 of 120, columns 80 to 119 of 121]
14.90027618408203125 14.941708564758300781 14.931761741638183594 14.878905296325683594 14.801320075988769531 14.686634063720703125 14.526121139526367188 14.302400588989257813 14.003049850463867188 13.742290496826171875 13.624049186706542969 13.587741851806640625 13.581824302673339844 13.71221923828125 14.092525482177734375 14.45891571044921875 14.610110282897949219 14.651705741882324219 14.712512016296386719 14.768304824829101563 14.775014877319335938 14.770900726318359375 14.750812530517578125 14.7377471923828125 14.74222564697265625 14.774466514587402344 14.824332237243652344 14.856187820434570313 14.852501869201660156 14.80094146728515625 14.731808662414550781 14.760991096496582031 14.861750602722167969 14.896721839904785156 14.84964752197265625 14.776354789733886719 14.72560882568359375 14.698596954345703125 14.688454627990722656 14.685214042663574219
15.093203544616699219 15.091469764709472656 15.040514945983886719 14.980434417724609375 14.927624702453613281 14.880693435668945313 14.814316749572753906 14.719921112060546875 14.5160980224609375 14.132282257080078125 13.780504226684570313 13.595829010009765625 13.556281089782714844 13.69710540771484375 14.083544731140136719 14.458506584167480469 14.612227439880371094 14.642765998840332031 14.681463241577148438 14.719174385070800781 14.721982002258300781 14.707452774047851563 14.672860145568847656 14.643336296081542969 14.642756462097167969 14.677511215209960938 14.732241630554199219 14.795291900634765625 14.836833000183105469 14.807172775268554688 14.711679458618164063 14.687579154968261719 14.79543304443359375 14.903400421142578125 14.903214454650878906 14.834027290344238281 14.766408920288085938 14.718993186950683594 14.69580078125 14.687653541564941406
15.084093093872070313 14.993088722229003906 14.912229537963867188 14.873712539672851563 14.865742683410644531 14.865380287170410156 14.837330818176269531 14.802268028259277344 14.732546806335449219 14.4677886962890625 14.044038772583007813 13.711420059204101563 13.570332527160644531 13.653857231140136719 13.992247581481933594 14.397882461547851563 14.599301338195800781 14.632021903991699219 14.655423164367675781 14.675466537475585938 14.665874481201171875 14.633108139038085938 14.580754280090332031 14.538212776184082031 14.537161827087402344 14.577753067016601563 14.636357307434082031 14.714242935180664063 14.795841217041015625 14.802350044250488281 14.710049629211425781 14.62599945068359375 14.688581466674804688 14.858929634094238281 14.938547134399414063 14.910176277160644531 14.853923797607421875 14.792566299438476563 14.738561630249023438 14.707491874694824219
14.939366340637207031 14.879910469055175781 14.897408485412597656 14.930560111999511719 14.951772689819335938 14.956519126892089844 14.931488990783691406 14.878755569458007813 14.838009834289550781 14.723562240600585938 14.394486427307128906 13.983857154846191406 13.6739959716796875 13.595699310302734375 13.814088821411132813 14.2080841064453125 14.524764060974121094 14.633999824523925781 14.653444290161132813 14.652655601501464844 14.625208854675292969 14.556070327758789063 14.456525802612304688 14.37355804443359375 14.343605995178222656 14.378564834594726563 14.470211982727050781 14.600343704223632813 14.738458633422851563 14.802793502807617188 14.727614402770996094 14.605660438537597656 14.605134963989257813 14.770418167114257813 14.923296928405761719 14.944743156433105469 14.919302940368652344 14.885581016540527344 14.832218170166015625 14.77881622314453125
14.8680267333984375 14.910058975219726563 14.953159332275390625 14.981014251708984375 15.008839607238769531 15.033267021179199219 15.042391777038574219 15.01705169677734375 14.952760696411132813 14.83596038818359375 14.606996536254882813 14.258396148681640625 13.909153938293457031 13.678686141967773438 13.673781394958496094 13.89942169189453125 14.230713844299316406 14.481899261474609375 14.603788375854492188 14.64736175537109375 14.630078315734863281 14.527400016784667969 14.357631683349609375 14.178874015808105469 14.054614067077636719 14.046008110046386719 14.169657707214355469 14.389766693115234375 14.617903709411621094 14.7684478759765625 14.758767127990722656 14.616951942443847656 14.521836280822753906 14.617426872253417969 14.826861381530761719 14.93647003173828125 14.948430061340332031 14.948087692260742188 14.93747711181640625 14.905297279357910156
14.841458320617675781 14.841736793518066406 14.846266746520996094 14.890445709228515625 14.951874732971191406 15.012407302856445313 15.060098648071289063 15.081166267395019531 15.0555877685546875 14.961312294006347656 14.770548820495605469 14.478712081909179688 14.140886306762695313 13.832094192504882813 13.665643692016601563 13.696106910705566406 13.941403388977050781 14.257761001586914063 14.459958076477050781 14.593054771423339844 14.618221282958984375 14.562867164611816406 14.408941268920898438 14.184743881225585938 13.970964431762695313 13.864118576049804688 13.912372589111328125 14.135133743286132813 14.446735382080078125 14.693741798400878906 14.772413253784179688 14.654872894287109375 14.491342544555664063 14.478957176208496094 14.664719581604003906 14.850895881652832031 14.939983367919921875 14.965554237365722656 14.971499443054199219 14.96490478515625
14.749199867248535156 14.711336135864257813 14.722028732299804688 14.773691177368164063 14.840250015258789063 14.910343170166015625 14.977967262268066406 15.038834571838378906 15.084873199462890625 15.100589752197265625 15.056286811828613281 14.929442405700683594 14.714215278625488281 14.42128753662109375 14.11914825439453125 13.867101669311523438 13.710097312927246094 13.700852394104003906 13.823423385620117188 14.015908241271972656 14.2345428466796875 14.387059211730957031 14.411898612976074219 14.309976577758789063 14.140035629272460938 13.951813697814941406 13.81475830078125 13.842761039733886719 14.123505592346191406 14.497944831848144531 14.726510047912597656 14.71205902099609375 14.516496658325195313 14.388539314270019531 14.458788871765136719 14.647286415100097656 14.819978713989257813 14.94140625 14.996583938598632813 15.009436607360839844
14.69860076904296875 14.659925460815429688 14.665233612060546875 14.710755348205566406 14.774901390075683594 14.843740463256835938 14.911067008972167969 14.973778724670410156 15.029379844665527344 15.075547218322753906 15.105986595153808594 15.115761756896972656 15.090437889099121094 15.009409904479980469 14.866957664489746094 14.668039321899414063 14.465044975280761719 14.248114585876464844 14.056825637817382813 13.908619880676269531 13.817933082580566406 13.803636550903320313 13.836933135986328125 13.884616851806640625 13.887348175048828125 13.866166114807128906 13.829722404479980469 13.738674163818359375 13.8214111328125 14.189785003662109375 14.575520515441894531 14.731395721435546875 14.609305381774902344 14.382981300354003906 14.284608840942382813 14.339719772338867188 14.492922782897949219 14.694629669189453125 14.873818397521972656 14.993762969970703125
14.722503662109375 14.698474884033203125 14.715395927429199219 14.772924423217773438 14.843953132629394531 14.915701866149902344 14.989349365234375 15.062917709350585938 15.130808830261230469 15.185514450073242188 15.217822074890136719 15.227235794067382813 15.218871116638183594 15.197721481323242188 15.167835235595703125 15.122013092041015625 15.059507369995117188 14.9739990234375 14.857282638549804688 14.716067314147949219 14.563460350036621094 14.399641990661621094 14.243382453918457031 14.114176750183105469 14.00437164306640625 13.907885551452636719 13.864121437072753906 13.793227195739746094 13.750364303588867188 13.964691162109375 14.387172698974609375 14.678784370422363281 14.679576873779296875 14.471594810485839844 14.274690628051757813 14.203932762145996094 14.249650001525878906 14.407835960388183594 14.625886917114257813 14.844127655029296875
14.796479225158691406 14.796983718872070313 14.834363937377929688 14.909551620483398438 14.987011909484863281 15.049382209777832031 15.107001304626464844 15.174149513244628906 15.262075424194335938 15.362400054931640625 15.451503753662109375 15.512136459350585938 15.531321525573730469 15.505657196044921875 15.448853492736816406 15.379706382751464844 15.319184303283691406 15.273165702819824219 15.234049797058105469 15.190014839172363281 15.132193565368652344 15.056957244873046875 14.942904472351074219 14.800981521606445313 14.6461029052734375 14.448726654052734375 14.276524543762207031 14.136938095092773438 13.913191795349121094 13.890933990478515625 14.18378448486328125 14.543397903442382813 14.692417144775390625 14.598965644836425781 14.390601158142089844 14.21654510498046875 14.142962455749511719 14.19415283203125 14.358881950378417969 14.585529327392578125
14.906973838806152344 14.969847679138183594 15.04253387451171875 15.126662254333496094 15.182813644409179688 15.205842018127441406 15.215625762939453125 15.231723785400390625 15.28067779541015625 15.3681488037109375 15.470684051513671875 15.567399024963378906 15.643143653869628906 15.677196502685546875 15.662430763244628906 15.61386871337890625 15.548944473266601563 15.481472015380859375 15.422335624694824219 15.37908935546875 15.3448638916015625 15.311384201049804688 15.253220558166503906 15.163179397583007813 15.038303375244140625 14.834456443786621094 14.617587089538574219 14.442130088806152344 14.148664474487304688 13.948027610778808594 14.086973190307617188 14.405323982238769531 14.638279914855957031 14.658284187316894531 14.512442588806152344 14.3062286376953125 14.148691177368164063 14.123084068298339844 14.20684051513671875 14.352620124816894531
15.378615379333496094 15.438023567199707031 15.456041336059570313 15.443449020385742188 15.4048614501953125 15.357549667358398438 15.32138824462890625 15.307150840759277344 15.32968902587890625 15.39923095703125 15.495457649230957031 15.584192276000976563 15.644043922424316406 15.677450180053710938 15.695813179016113281 15.697438240051269531 15.679340362548828125 15.650349617004394531 15.61170196533203125 15.568633079528808594 15.537350654602050781 15.501001358032226563 15.465345382690429688 15.444785118103027344 15.356542587280273438 15.124538421630859375 14.860746383666992188 14.653571128845214844 14.342174530029296875 14.043633460998535156 14.053177833557128906 14.29413604736328125 14.545063018798828125 14.646846771240234375 14.564474105834960938 14.361194610595703125 14.165421485900878906 14.114882469177246094 14.191388130187988281 14.2926025390625
15.620584487915039063 15.612972259521484375 15.55230712890625 15.466160774230957031 15.379030227661132813 15.317096710205078125 15.297888755798339844 15.319091796875 15.367931365966796875 15.43856048583984375 15.520381927490234375 15.596320152282714844 15.65268707275390625 15.682774543762207031 15.696808815002441406 15.700475692749023438 15.686923980712890625 15.666133880615234375 15.645294189453125 15.618641853332519531 15.59729766845703125 15.585643768310546875 15.572420120239257813 15.605421066284179688 15.59600067138671875 15.391762733459472656 15.08724212646484375 14.824499130249023438 14.500026702880859375 14.14669036865234375 14.04341888427734375 14.187912940979003906 14.4107818603515625 14.579810142517089844 14.566487312316894531 14.38135528564453125 14.164783477783203125 14.082140922546386719 14.181760787963867188 14.339043617248535156
15.673724174499511719 15.6034393310546875 15.505837440490722656 15.425470352172851563 15.381964683532714844 15.375959396362304688 15.402380943298339844 15.447356224060058594 15.497325897216796875 15.546128273010253906 15.595526695251464844 15.637828826904296875 15.663624763488769531 15.681016921997070313 15.698510169982910156 15.705061912536621094 15.68896484375 15.65383148193359375 15.609857559204101563 15.5675506591796875 15.541845321655273438 15.547281265258789063 15.566774368286132813 15.616619110107421875 15.641589164733886719 15.518111228942871094 15.223645210266113281 14.926461219787597656 14.574624061584472656 14.200527191162109375 14.037468910217285156 14.113552093505859375 14.310141563415527344 14.504233360290527344 14.547839164733886719 14.404918670654296875 14.181241989135742188 14.056178092956542969 14.164178848266601563 14.391619682312011719
15.507672309875488281 15.452178001403808594 15.415172576904296875 15.412008285522460938 15.439984321594238281 15.480095863342285156 15.522090911865234375 15.557749748229980469 15.586534500122070313 15.604487419128417969 15.619584083557128906 15.637933731079101563 15.655696868896484375 15.676091194152832031 15.701868057250976563 15.711648941040039063 15.681993484497070313 15.620856285095214844 15.55381011962890625 15.500509262084960938 15.472857475280761719 15.477596282958984375 15.510123252868652344 15.563610076904296875 15.631731986999511719 15.578349113464355469 15.321589469909667969 14.98148345947265625 14.619993209838867188 14.247228622436523438 14.046994209289550781 14.067773818969726563 14.22660064697265625 14.422713279724121094 14.504834175109863281 14.394570350646972656 14.162949562072753906 14.035172462463378906 14.197848320007324219 14.466554641723632813
15.428773880004882813 15.441002845764160156 15.467897415161132813 15.508086204528808594 15.549119949340820313 15.584223747253417969 15.610118865966796875 15.621846199035644531 15.631953239440917969 15.639407157897949219 15.648967742919921875 15.666517257690429688 15.688984870910644531 15.710354804992675781 15.726137161254882813 15.709186553955078125 15.650193214416503906 15.579846382141113281 15.5203857421875 15.475142478942871094 15.446949005126953125 15.4378204345703125 15.451154708862304688 15.49178314208984375 15.562347412109375 15.589328765869140625 15.384451866149902344 15.01367950439453125 14.618748664855957031 14.260440826416015625 14.037023544311523438 14.024343490600585938 14.165643692016601563 14.347434043884277344 14.423035621643066406 14.318232536315917969 14.089237213134765625 14.059243202209472656 14.325710296630859375 14.625264167785644531
15.546330451965332031 15.575564384460449219 15.607911109924316406 15.638256072998046875 15.666599273681640625 15.69087982177734375 15.711920738220214844 15.728109359741210938 15.737109184265136719 15.742677688598632813 15.742365837097167969 15.738598823547363281 15.729903221130371094 15.731126785278320313 15.727009773254394531 15.681330680847167969 15.617150306701660156 15.560357093811035156 15.502523422241210938 15.456317901611328125 15.435486793518066406 15.425780296325683594 15.421252250671386719 15.439443588256835938 15.496632575988769531 15.555998802185058594 15.467786788940429688 15.133141517639160156 14.713372230529785156 14.331478118896484375 14.080374717712402344 14.008791923522949219 14.113039970397949219 14.266757965087890625 14.326680183410644531 14.216862678527832031 14.039103507995605469 14.161627769470214844 14.509805679321289063 14.808214187622070313
15.722265243530273438 15.739207267761230469 15.76415252685546875 15.793049812316894531 15.824309349060058594 15.851208686828613281 15.861085891723632813 15.852540016174316406 15.831048011779785156 15.795655250549316406 15.761028289794921875 15.738986968994140625 15.729604721069335938 15.734755516052246094 15.701868057250976563 15.643343925476074219 15.593005180358886719 15.519577980041503906 15.432850837707519531 15.38805389404296875 15.38748931884765625 15.39870452880859375 15.401793479919433594 15.40948486328125 15.451337814331054688 15.516953468322753906 15.516065597534179688 15.320026397705078125 14.933098793029785156 14.520068168640136719 14.199101448059082031 14.074160575866699219 14.100530624389648438 14.17819976806640625 14.202624320983886719 14.093145370483398438 14.125977516174316406 14.447690010070800781 14.811746597290039063 15.058933258056640625
