MapLinkProApp/griddata/temperature/ASCII/cmems_mod_glo_phy-thetao_anfc_0,083deg_P1D-m_1702458667101_21,6.asc
ncols        121
nrows        120
xllcorner    -30.041666666667
yllcorner    40.041666655981
cellsize     0.083333333333
NODATA_value  9.9692099683868690468e+36
[rows 90 to 107 of 120, columns 0 to 39 of 121]
17.705785751342773438 17.68963623046875 17.678966522216796875 17.678346633911132813 17.681415557861328125 17.688020706176757813 17.6939849853515625 17.693124771118164063 17.674741744995117188 17.638149261474609375 17.576274871826171875 17.481798171997070313 17.361352920532226563 17.26224517822265625 17.145572662353515625 16.9021148681640625 16.528951644897460938 16.443756103515625 16.6132049560546875 16.852827072143554688 17.161449432373046875 17.425027847290039063 17.592357635498046875 17.602848052978515625 17.49900054931640625 17.374431610107421875 17.319610595703125 17.256076812744140625 17.167757034301757813 17.0515899658203125 16.946842193603515625 17.004810333251953125 17.080461502075195313 16.906324386596679688 16.719211578369140625 16.588514328002929688 16.538829803466796875 16.898700714111328125 17.504650115966796875 17.991609573364257813
17.726169586181640625 17.726278305053710938 17.724317550659179688 17.721960067749023438 17.718854904174804688 17.714002609252929688 17.70287322998046875 17.690999984741210938 17.663278579711914063 17.599897384643554688 17.501970291137695313 17.388917922973632813 17.27642059326171875 17.154287338256835938 16.960718154907226563 16.658000946044921875 16.406110763549804688 16.630655288696289063 16.832666397094726563 17.108606338500976563 17.346002578735351563 17.533609390258789063 17.620687484741210938 17.581203460693359375 17.445825576782226563 17.306011199951171875 17.228246688842773438 17.167987823486328125 17.089611053466796875 17.027631759643554688 17.01151275634765625 17.088621139526367188 17.097505569458007813 16.940647125244140625 16.719270706176757813 16.61818695068359375 17.069295883178710938 17.865095138549804688 18.316484451293945313 18.403667449951171875
17.63516998291015625 17.647027969360351563 17.658391952514648438 17.666355133056640625 17.667337417602539063 17.663461685180664063 17.6533660888671875 17.63445281982421875 17.584463119506835938 17.49443817138671875 17.373746871948242188 17.257266998291015625 17.13834381103515625 16.985162734985351563 16.780948638916015625 16.603548049926757813 16.674631118774414063 16.870700836181640625 17.055469512939453125 17.256055831909179688 17.419055938720703125 17.548763275146484375 17.610177993774414063 17.586254119873046875 17.489246368408203125 17.3565216064453125 17.262533187866210938 17.202022552490234375 17.151102066040039063 17.135580062866210938 17.150539398193359375 17.15145111083984375 17.04575347900390625 16.836214065551757813 16.848321914672851563 17.449457168579101563 18.158918380737304688 18.412935256958007813 18.411891937255859375 18.33510589599609375
17.54891204833984375 17.558422088623046875 17.572086334228515625 17.577863693237304688 17.572856903076171875 17.557844161987304688 17.5353546142578125 17.493600845336914063 17.428201675415039063 17.340150833129882813 17.239871978759765625 17.14038848876953125 17.027597427368164063 16.902807235717773438 16.810239791870117188 16.828752517700195313 16.950704574584960938 17.052721023559570313 17.205350875854492188 17.317714691162109375 17.40633392333984375 17.484292984008789063 17.538640975952148438 17.568464279174804688 17.54050445556640625 17.455213546752929688 17.379327774047851563 17.319067001342773438 17.269033432006835938 17.22006988525390625 17.135890960693359375 16.992464065551757813 16.8979949951171875 17.271429061889648438 17.947994232177734375 18.3389739990234375 18.434856414794921875 18.41757965087890625 18.360311508178710938 18.295167922973632813
17.492219924926757813 17.494335174560546875 17.4915771484375 17.482515335083007813 17.467273712158203125 17.441812515258789063 17.410291671752929688 17.368791580200195313 17.313634872436523438 17.244935989379882813 17.168600082397460938 17.096536636352539063 17.023141860961914063 16.97444915771484375 16.97475433349609375 17.019937515258789063 17.0957183837890625 17.19310760498046875 17.275600433349609375 17.313734054565429688 17.34816741943359375 17.374967575073242188 17.416614532470703125 17.479717254638671875 17.486644744873046875 17.43370819091796875 17.376819610595703125 17.30419158935546875 17.204494476318359375 17.0797882080078125 16.95561981201171875 16.97721099853515625 17.61524200439453125 18.274444580078125 18.425464630126953125 18.436445236206054688 18.459196090698242188 18.460405349731445313 18.447195053100585938 18.379636764526367188
17.478130340576171875 17.459138870239257813 17.441131591796875 17.421855926513671875 17.398059844970703125 17.369855880737304688 17.336910247802734375 17.302753448486328125 17.259037017822265625 17.210773468017578125 17.162992477416992188 17.120647430419921875 17.08477020263671875 17.0672454833984375 17.079437255859375 17.138383865356445313 17.211256027221679688 17.250804901123046875 17.273939132690429688 17.283405303955078125 17.27391815185546875 17.265399932861328125 17.289581298828125 17.339857101440429688 17.357271194458007813 17.322834014892578125 17.259386062622070313 17.168821334838867188 17.059110641479492188 16.987070083618164063 17.089977264404296875 17.694559097290039063 18.339054107666015625 18.435558319091796875 18.432973861694335938 18.46132659912109375 18.495655059814453125 18.493072509765625 18.46398162841796875 18.398983001708984375
17.474756240844726563 17.472322463989257813 17.463220596313476563 17.4419097900390625 17.409978866577148438 17.37294769287109375 17.334293365478515625 17.300119400024414063 17.265920639038085938 17.233989715576171875 17.200506210327148438 17.164243698120117188 17.131153106689453125 17.126323699951171875 17.176479339599609375 17.232694625854492188 17.24224090576171875 17.2448577880859375 17.245622634887695313 17.228952407836914063 17.200963973999023438 17.182886123657226563 17.19284820556640625 17.212804794311523438 17.211828231811523438 17.181760787963867188 17.129512786865234375 17.054933547973632813 17.00213623046875 17.080554962158203125 17.480594635009765625 18.212848663330078125 18.433074951171875 18.430356979370117188 18.415613174438476563 18.435821533203125 18.439006805419921875 18.454126358032226563 18.476024627685546875 18.484872817993164063
17.385730743408203125 17.389064788818359375 17.397525787353515625 17.406435012817382813 17.410730361938476563 17.397706985473632813 17.369466781616210938 17.332447052001953125 17.2934722900390625 17.248987197875976563 17.201925277709960938 17.154266357421875 17.134759902954101563 17.168439865112304688 17.22855377197265625 17.23894500732421875 17.223726272583007813 17.215951919555664063 17.205442428588867188 17.184223175048828125 17.161645889282226563 17.155744552612304688 17.16426849365234375 17.169284820556640625 17.150691986083984375 17.109272003173828125 17.055437088012695313 16.99285125732421875 16.966814041137695313 17.089395523071289063 17.52520751953125 18.154886245727539063 18.429548263549804688 18.4219818115234375 18.370391845703125 18.347475051879882813 18.326074600219726563 18.339517593383789063 18.39907073974609375 18.473180770874023438
17.377698898315429688 17.372035980224609375 17.343898773193359375 17.319269180297851563 17.313924789428710938 17.31584930419921875 17.305986404418945313 17.275529861450195313 17.23342132568359375 17.193685531616210938 17.156316757202148438 17.140729904174804688 17.157762527465820313 17.20355987548828125 17.230083465576171875 17.2112579345703125 17.181432723999023438 17.172029495239257813 17.165227890014648438 17.154529571533203125 17.151546478271484375 17.164342880249023438 17.18369293212890625 17.187757492065429688 17.1679534912109375 17.127676010131835938 17.080331802368164063 17.02075958251953125 16.970914840698242188 16.99308013916015625 17.218847274780273438 17.703668594360351563 18.191192626953125 18.378225326538085938 18.368452072143554688 18.330150604248046875 18.272100448608398438 18.222326278686523438 18.217523574829101563 18.280248641967773438
17.41217803955078125 17.40740966796875 17.382328033447265625 17.324598312377929688 17.267709732055664063 17.243207931518554688 17.233306884765625 17.214269638061523438 17.190187454223632813 17.17901611328125 17.178188323974609375 17.188831329345703125 17.206949234008789063 17.216108322143554688 17.201992034912109375 17.166910171508789063 17.133180618286132813 17.122098922729492188 17.127759933471679688 17.143245697021484375 17.17208099365234375 17.212690353393554688 17.252796173095703125 17.277376174926757813 17.268218994140625 17.228839874267578125 17.173810958862304688 17.120990753173828125 17.077692031860351563 17.063436508178710938 17.11661529541015625 17.323949813842773438 17.694234848022460938 18.089488983154296875 18.277833938598632813 18.277921676635742188 18.196672439575195313 18.124338150024414063 18.11107635498046875 18.10572052001953125
17.46920013427734375 17.449384689331054688 17.409158706665039063 17.349180221557617188 17.293949127197265625 17.262012481689453125 17.248119354248046875 17.239330291748046875 17.233728408813476563 17.235231399536132813 17.239423751831054688 17.238103866577148438 17.225736618041992188 17.20538330078125 17.173948287963867188 17.140470504760742188 17.117588043212890625 17.112209320068359375 17.119474411010742188 17.142621994018554688 17.180156707763671875 17.232452392578125 17.285369873046875 17.341403961181640625 17.374177932739257813 17.377557754516601563 17.343021392822265625 17.280948638916015625 17.210836410522460938 17.159420013427734375 17.150438308715820313 17.198041915893554688 17.365108489990234375 17.6495513916015625 17.856393814086914063 17.877660751342773438 17.8133697509765625 17.751117706298828125 17.829885482788085938 17.977910995483398438
17.505130767822265625 17.46588134765625 17.428339004516601563 17.38358306884765625 17.34497833251953125 17.324804306030273438 17.3080902099609375 17.293514251708984375 17.286413192749023438 17.286405563354492188 17.286357879638671875 17.279211044311523438 17.26076507568359375 17.236310958862304688 17.208784103393554688 17.188060760498046875 17.180383682250976563 17.185192108154296875 17.193769454956054688 17.207935333251953125 17.230075836181640625 17.264324188232421875 17.289445877075195313 17.328439712524414063 17.374391555786132813 17.421772003173828125 17.44226837158203125 17.427337646484375 17.384027481079101563 17.329860687255859375 17.287153244018554688 17.263200759887695313 17.265604019165039063 17.319187164306640625 17.404876708984375 17.45784759521484375 17.52117156982421875 17.611928939819335938 17.769283294677734375 17.93865203857421875
17.52481842041015625 17.492326736450195313 17.469991683959960938 17.45839691162109375 17.469738006591796875 17.4810028076171875 17.4774627685546875 17.467376708984375 17.454839706420898438 17.438352584838867188 17.415430068969726563 17.392492294311523438 17.378278732299804688 17.383176803588867188 17.41062164306640625 17.46227264404296875 17.522806167602539063 17.57274627685546875 17.59291839599609375 17.590618133544921875 17.568685531616210938 17.535959243774414063 17.484186172485351563 17.438867568969726563 17.413852691650390625 17.4163970947265625 17.441497802734375 17.461603164672851563 17.467489242553710938 17.45766448974609375 17.458217620849609375 17.462358474731445313 17.488653182983398438 17.550672531127929688 17.648328781127929688 17.845109939575195313 18.0714569091796875 18.257333755493164063 18.41309356689453125 18.508968353271484375
17.583057403564453125 17.5841827392578125 17.626634597778320313 17.720066070556640625 17.8333282470703125 17.891857147216796875 17.887027740478515625 17.847568511962890625 17.807256698608398438 17.76377105712890625 17.720952987670898438 17.721498489379882813 17.787549972534179688 17.913066864013671875 18.061670303344726563 18.191537857055664063 18.275175094604492188 18.307603836059570313 18.313365936279296875 18.298524856567382813 18.257183074951171875 18.184953689575195313 18.054653167724609375 17.860774993896484375 17.70508575439453125 17.610639572143554688 17.536119461059570313 17.493206024169921875 17.473598480224609375 17.458232879638671875 17.569070816040039063 17.793369293212890625 18.040750503540039063 18.274896621704101563 18.55156707763671875 18.72145843505859375 18.792749404907226563 18.8308563232421875 18.844614028930664063 18.844997406005859375
17.695278167724609375 17.761775970458984375 17.89656829833984375 18.07576751708984375 18.218303680419921875 18.256361007690429688 18.223972320556640625 18.19020843505859375 18.178041458129882813 18.163476943969726563 18.159854888916015625 18.223817825317382813 18.343000411987304688 18.4505615234375 18.505771636962890625 18.521680831909179688 18.5147857666015625 18.499834060668945313 18.494466781616210938 18.506267547607421875 18.520357131958007813 18.520681381225585938 18.486135482788085938 18.354959487915039063 18.166622161865234375 18.010805130004882813 17.868160247802734375 17.746660232543945313 17.566396713256835938 17.525907516479492188 17.940349578857421875 18.425933837890625 18.752260208129882813 18.834873199462890625 18.857189178466796875 18.857051849365234375 18.8463897705078125 18.84259796142578125 18.846805572509765625 18.854030609130859375
17.8015899658203125 17.895143508911132813 18.068639755249023438 18.261190414428710938 18.389642715454101563 18.427816390991210938 18.404825210571289063 18.380329132080078125 18.393194198608398438 18.402462005615234375 18.407245635986328125 18.449987411499023438 18.512147903442382813 18.54093170166015625 18.55034637451171875 18.523174285888671875 18.46912384033203125 18.414915084838867188 18.390451431274414063 18.4095458984375 18.44744110107421875 18.494855880737304688 18.53277587890625 18.539079666137695313 18.466999053955078125 18.369180679321289063 18.257537841796875 18.07717132568359375 17.707735061645507813 17.773052215576171875 18.305805206298828125 18.664083480834960938 18.806299209594726563 18.840505599975585938 18.842332839965820313 18.836957931518554688 18.8342132568359375 18.839048385620117188 18.850179672241210938 18.863676071166992188
17.972536087036132813 17.979564666748046875 18.038791656494140625 18.158390045166015625 18.30278778076171875 18.431545257568359375 18.486696243286132813 18.48484039306640625 18.490793228149414063 18.509059906005859375 18.521556854248046875 18.54225921630859375 18.577972412109375 18.592792510986328125 18.58982086181640625 18.550701141357421875 18.481502532958984375 18.398590087890625 18.357879638671875 18.36785125732421875 18.401376724243164063 18.4413604736328125 18.496978759765625 18.566606521606445313 18.589788436889648438 18.538988113403320313 18.439340591430664063 18.1779022216796875 17.8288421630859375 18.000570297241210938 18.428976058959960938 18.731763839721679688 18.8354644775390625 18.860029220581054688 18.853008270263671875 18.827289581298828125 18.811290740966796875 18.814861297607421875 18.831241607666015625 18.850505828857421875
18.061908721923828125 18.1014251708984375 18.1156158447265625 18.128475189208984375 18.160030364990234375 18.2246856689453125 18.344194412231445313 18.457094192504882813 18.501527786254882813 18.522064208984375 18.541675567626953125 18.566684722900390625 18.594646453857421875 18.599590301513671875 18.58602142333984375 18.533321380615234375 18.447793960571289063 18.34130096435546875 18.31821441650390625 18.341241836547851563 18.400377273559570313 18.459005355834960938 18.498464584350585938 18.568866729736328125 18.626373291015625 18.581882476806640625 18.4266815185546875 18.122097015380859375 17.928127288818359375 18.203464508056640625 18.546960830688476563 18.768938064575195313 18.845354080200195313 18.849817276000976563 18.806203842163085938 18.765436172485351563 18.759952545166015625 18.7734375 18.802764892578125 18.827959060668945313
