MapLinkProApp/griddata/temperature/ASCII/cmems_mod_glo_phy-thetao_anfc_0,083deg_P1D-m_1702458667101_155,9.asc
ncols        121
nrows        120
xllcorner    -30.041666666667
yllcorner    40.041666655981
cellsize     0.083333333333
NODATA_value  9.9692099683868690468e+36
[rows 0 to 17 of 120, columns 80 to 119 of 121]
12.214359283447265625 11.998925209045410156 12.171847343444824219 12.331032752990722656 12.453691482543945313 12.817477226257324219 13.1317138671875 13.057168006896972656 12.993710517883300781 13.227677345275878906 13.493462562561035156 13.564944267272949219 13.534543037414550781 13.49477386474609375 13.437890052795410156 13.389413833618164063 13.344446182250976563 13.335749626159667969 13.325893402099609375 13.30767822265625 13.307829856872558594 13.2648468017578125 13.264390945434570313 13.162896156311035156 13.009275436401367188 13.133909225463867188 13.23935699462890625 13.259000778198242188 13.180609703063964844 13.054914474487304688 12.955065727233886719 12.967485427856445313 13.018535614013671875 13.014279365539550781 12.9085693359375 12.716473579406738281 12.515648841857910156 12.469790458679199219 12.64690399169921875 12.81957244873046875
12.420728683471679688 12.550721168518066406 12.703334808349609375 12.611003875732421875 12.854874610900878906 13.295823097229003906 13.304416656494140625 13.056258201599121094 13.074231147766113281 13.377013206481933594 13.544427871704101563 13.522111892700195313 13.491796493530273438 13.47637176513671875 13.472722053527832031 13.449090003967285156 13.399714469909667969 13.363821029663085938 13.331074714660644531 13.259616851806640625 13.212758064270019531 13.2355804443359375 13.235196113586425781 13.255820274353027344 13.287141799926757813 13.300855636596679688 13.244482040405273438 13.177480697631835938 13.145870208740234375 13.119336128234863281 13.109414100646972656 13.081388473510742188 13.000370025634765625 12.863233566284179688 12.7068634033203125 12.593416213989257813 12.523003578186035156 12.543085098266601563 12.740826606750488281 12.986539840698242188
12.60406494140625 12.815510749816894531 12.79357147216796875 12.808133125305175781 13.26656341552734375 13.437314987182617188 13.205221176147460938 13.032029151916503906 13.155104637145996094 13.429225921630859375 13.527936935424804688 13.501100540161132813 13.487932205200195313 13.481282234191894531 13.473446846008300781 13.441096305847167969 13.389563560485839844 13.371495246887207031 13.375071525573730469 13.3531494140625 13.365121841430664063 13.381255149841308594 13.288553237915039063 13.266234397888183594 13.287541389465332031 13.325465202331542969 13.314115524291992188 13.213593482971191406 13.083096504211425781 12.985332489013671875 12.883218765258789063 12.836621284484863281 12.833966255187988281 12.843532562255859375 12.829371452331542969 12.803056716918945313 12.799442291259765625 12.82440185546875 12.879323959350585938 12.950890541076660156
12.776616096496582031 12.982378959655761719 12.997406959533691406 13.160305023193359375 13.448607444763183594 13.382029533386230469 13.17916107177734375 13.081215858459472656 13.191137313842773438 13.422268867492675781 13.491595268249511719 13.480347633361816406 13.481580734252929688 13.464494705200195313 13.42121124267578125 13.356778144836425781 13.314725875854492188 13.333632469177246094 13.367767333984375 13.37435150146484375 13.384431838989257813 13.373272895812988281 13.357633590698242188 13.327075958251953125 13.277826309204101563 13.192334175109863281 13.092156410217285156 13.027399063110351563 12.94309234619140625 12.893687248229980469 12.883657455444335938 12.923766136169433594 12.973916053771972656 13.026288032531738281 13.040147781372070313 13.026871681213378906 13.054524421691894531 13.085943222045898438 13.088498115539550781 13.107721328735351563
12.892192840576171875 13.118076324462890625 13.147390365600585938 13.264220237731933594 13.471646308898925781 13.358747482299804688 13.207106590270996094 13.135234832763671875 13.204591751098632813 13.401014328002929688 13.445784568786621094 13.4379425048828125 13.457187652587890625 13.458467483520507813 13.431705474853515625 13.398138999938964844 13.402576446533203125 13.469061851501464844 13.479522705078125 13.450429916381835938 13.382982254028320313 13.310840606689453125 13.215177536010742188 13.153191566467285156 13.026713371276855469 12.926389694213867188 12.801991462707519531 12.7299957275390625 12.743449211120605469 12.783697128295898438 12.821091651916503906 12.859478950500488281 12.881546974182128906 12.932226181030273438 12.994460105895996094 13.044321060180664063 13.060807228088378906 13.093882560729980469 13.137190818786621094 13.150958061218261719
13.02156829833984375 13.24774169921875 13.233814239501953125 13.308650016784667969 13.49059295654296875 13.378665924072265625 13.262834548950195313 13.199395179748535156 13.230394363403320313 13.3973846435546875 13.398336410522460938 13.368525505065917969 13.376115798950195313 13.384890556335449219 13.400963783264160156 13.419225692749023438 13.414841651916503906 13.387617111206054688 13.341379165649414063 13.279911041259765625 13.191079139709472656 13.095838546752929688 12.940950393676757813 12.798521995544433594 12.633421897888183594 12.542836189270019531 12.491743087768554688 12.547491073608398438 12.637170791625976563 12.735608100891113281 12.704311370849609375 12.737552642822265625 12.813925743103027344 12.84383392333984375 12.877964973449707031 12.961977005004882813 13.049648284912109375 13.13567352294921875 13.219631195068359375 13.265455245971679688
13.18445587158203125 13.343828201293945313 13.319772720336914063 13.351950645446777344 13.478379249572753906 13.376667022705078125 13.292479515075683594 13.245329856872558594 13.259759902954101563 13.403003692626953125 13.392251014709472656 13.328331947326660156 13.302659034729003906 13.305499076843261719 13.324049949645996094 13.328795433044433594 13.299361228942871094 13.247406005859375 13.151242256164550781 12.990581512451171875 12.794202804565429688 12.603751182556152344 12.458621025085449219 12.391112327575683594 12.3509674072265625 12.379556655883789063 12.394046783447265625 12.446260452270507813 12.389845848083496094 12.398570060729980469 12.546705245971679688 12.743866920471191406 12.918262481689453125 12.959748268127441406 12.911012649536132813 12.898688316345214844 12.970616340637207031 13.087888717651367188 13.202808380126953125 13.285962104797363281
13.364202499389648438 13.478099822998046875 13.436291694641113281 13.387835502624511719 13.397624969482421875 13.25493621826171875 13.226983070373535156 13.260306358337402344 13.267696380615234375 13.369867324829101563 13.381896018981933594 13.332111358642578125 13.314702033996582031 13.293803215026855469 13.274422645568847656 13.25087738037109375 13.193315505981445313 13.0772247314453125 12.884352684020996094 12.666152000427246094 12.485530853271484375 12.370955467224121094 12.3361663818359375 12.363354682922363281 12.401203155517578125 12.446825027465820313 12.529458045959472656 12.664590835571289063 12.684268951416015625 12.593462944030761719 12.647419929504394531 12.774271965026855469 12.924352645874023438 13.009943008422851563 12.994652748107910156 12.938990592956542969 12.920116424560546875 12.962655067443847656 13.026514053344726563 13.10387420654296875
13.518223762512207031 13.516963005065917969 13.429144859313964844 13.406605720520019531 13.2908477783203125 13.054660797119140625 13.07396697998046875 13.219288825988769531 13.256551742553710938 13.293306350708007813 13.369009017944335938 13.312752723693847656 13.274517059326171875 13.236079216003417969 13.177152633666992188 13.088286399841308594 12.940520286560058594 12.735022544860839844 12.522791862487792969 12.371615409851074219 12.301936149597167969 12.284505844116210938 12.275879859924316406 12.179259300231933594 12.003604888916015625 11.944660186767578125 12.049909591674804688 12.359188079833984375 12.709124565124511719 12.868515968322753906 12.853556632995605469 12.902592658996582031 12.965868949890136719 12.940466880798339844 12.905787467956542969 12.926538467407226563 12.925382614135742188 12.927234649658203125 12.958966255187988281 13.002801895141601563
13.48030853271484375 13.300642967224121094 13.412034034729003906 13.380258560180664063 13.127471923828125 12.953824043273925781 12.944424629211425781 13.155778884887695313 13.241152763366699219 13.215840339660644531 13.357554435729980469 13.302264213562011719 13.212863922119140625 13.133147239685058594 13.027353286743164063 12.889702796936035156 12.705637931823730469 12.494371414184570313 12.335168838500976563 12.260027885437011719 12.225454330444335938 12.228629112243652344 12.224072456359863281 12.149073600769042969 12.051573753356933594 11.879871368408203125 11.856782913208007813 12.067753791809082031 12.409346580505371094 12.752080917358398438 12.853038787841796875 12.914113044738769531 12.928803443908691406 12.866277694702148438 12.811020851135253906 12.824355125427246094 12.837406158447265625 12.834133148193359375 12.859533309936523438 12.900544166564941406
13.185683250427246094 13.358006477355957031 13.314798355102539063 13.241246223449707031 13.243958473205566406 13.183519363403320313 13.0662994384765625 13.115374565124511719 13.240636825561523438 13.153105735778808594 13.225760459899902344 13.314012527465820313 13.205315589904785156 13.078008651733398438 12.949621200561523438 12.746676445007324219 12.504309654235839844 12.2883758544921875 12.145660400390625 12.077486038208007813 12.042656898498535156 12.019021034240722656 12.002924919128417969 12.038041114807128906 12.032143592834472656 11.912334442138671875 11.829084396362304688 12.013258934020996094 12.396701812744140625 12.639014244079589844 12.736429214477539063 12.803208351135253906 12.826737403869628906 12.769516944885253906 12.73142242431640625 12.749556541442871094 12.754410743713378906 12.771632194519042969 12.782816886901855469 12.807456016540527344
13.338007926940917969 13.2536773681640625 13.286285400390625 13.449814796447753906 13.469832420349121094 13.370429039001464844 13.132223129272460938 13.028644561767578125 13.1230926513671875 13.059708595275878906 13.046504974365234375 13.305494308471679688 13.296212196350097656 13.163048744201660156 13.005709648132324219 12.837367057800292969 12.646434783935546875 12.444811820983886719 12.271136283874511719 12.171835899353027344 12.127145767211914063 12.065918922424316406 12.03395843505859375 12.122645378112792969 12.18514251708984375 12.066396713256835938 11.981217384338378906 12.101831436157226563 12.366167068481445313 12.63201141357421875 12.708138465881347656 12.729848861694335938 12.685289382934570313 12.623307228088378906 12.636218070983886719 12.680930137634277344 12.721280097961425781 12.761668205261230469 12.806523323059082031 12.842641830444335938
12.942570686340332031 13.027955055236816406 13.176735877990722656 13.356389999389648438 13.474210739135742188 13.464571952819824219 13.350409507751464844 13.241646766662597656 13.132425308227539063 13.083022117614746094 13.033823013305664063 13.084885597229003906 13.132907867431640625 13.15447235107421875 13.135936737060546875 13.05594635009765625 12.916209220886230469 12.750799179077148438 12.582571983337402344 12.444205284118652344 12.353969573974609375 12.298605918884277344 12.280024528503417969 12.292529106140136719 12.300457000732421875 12.226856231689453125 12.213556289672851563 12.339951515197753906 12.593119621276855469 12.748375892639160156 12.756124496459960938 12.73061370849609375 12.631140708923339844 12.587000846862792969 12.633787155151367188 12.67522430419921875 12.747429847717285156 12.8509368896484375 12.9204864501953125 12.988562583923339844
12.66091156005859375 12.776226997375488281 12.763607025146484375 12.877593994140625 12.962484359741210938 13.033957481384277344 13.054140090942382813 13.049116134643554688 12.935961723327636719 13.025274276733398438 13.096192359924316406 13.212431907653808594 13.243371963500976563 13.097234725952148438 13.005011558532714844 12.981041908264160156 12.983606338500976563 12.980127334594726563 12.946624755859375 12.875370025634765625 12.781413078308105469 12.692513465881347656 12.647337913513183594 12.642504692077636719 12.611572265625 12.601261138916015625 12.643640518188476563 12.747447013854980469 12.831833839416503906 12.800066947937011719 12.732863426208496094 12.647569656372070313 12.564971923828125 12.562193870544433594 12.612534523010253906 12.722249031066894531 12.882382392883300781 13.032986640930175781 13.135453224182128906 13.176993370056152344
13.068447113037109375 13.167508125305175781 13.203486442565917969 13.192300796508789063 13.098176002502441406 13.052135467529296875 12.93453216552734375 12.799312591552734375 12.658660888671875 12.56827545166015625 12.561388969421386719 12.691704750061035156 12.791957855224609375 12.951379776000976563 13.1382293701171875 13.130713462829589844 13.039388656616210938 12.951436042785644531 12.902615547180175781 12.881839752197265625 12.868178367614746094 12.861693382263183594 12.868852615356445313 12.884324073791503906 12.888660430908203125 12.894708633422851563 12.916811943054199219 12.90833282470703125 12.841162681579589844 12.724454879760742188 12.636096954345703125 12.542871475219726563 12.500540733337402344 12.544302940368652344 12.652113914489746094 12.839872360229492188 13.064453125 13.161897659301757813 13.18068695068359375 13.181432723999023438
13.790902137756347656 13.682195663452148438 13.672345161437988281 13.658026695251464844 13.640135765075683594 13.588032722473144531 13.5499267578125 13.423377037048339844 13.224499702453613281 13.032794952392578125 12.831117630004882813 12.631927490234375 12.39867401123046875 12.316356658935546875 12.354773521423339844 12.509493827819824219 12.81810760498046875 13.058633804321289063 13.117497444152832031 13.041655540466308594 12.918246269226074219 12.830760955810546875 12.79947662353515625 12.804021835327148438 12.8236846923828125 12.8234710693359375 12.811947822570800781 12.742318153381347656 12.674150466918945313 12.618587493896484375 12.536345481872558594 12.488495826721191406 12.502935409545898438 12.590837478637695313 12.772942543029785156 13.010309219360351563 13.124212265014648438 13.120191574096679688 13.095524787902832031 13.069615364074707031
13.644968032836914063 13.429156303405761719 13.462656974792480469 13.561765670776367188 13.583547592163085938 13.499136924743652344 13.346881866455078125 13.166355133056640625 12.994811058044433594 12.877442359924316406 12.747491836547851563 12.663268089294433594 12.567289352416992188 12.428478240966796875 12.296297073364257813 12.242136001586914063 12.287816047668457031 12.457493782043457031 12.720026016235351563 12.931408882141113281 13.011064529418945313 12.968239784240722656 12.875042915344238281 12.784397125244140625 12.723836898803710938 12.7007598876953125 12.665861129760742188 12.629718780517578125 12.594506263732910156 12.510232925415039063 12.453144073486328125 12.461237907409667969 12.530432701110839844 12.72299957275390625 12.950216293334960938 13.130399703979492188 13.13690948486328125 13.151158332824707031 13.165539741516113281 13.180300712585449219
13.556043624877929688 13.585211753845214844 13.719285964965820313 13.747000694274902344 13.603260993957519531 13.353008270263671875 13.095593452453613281 12.886137008666992188 12.764070510864257813 12.710288047790527344 12.642675399780273438 12.585921287536621094 12.493165969848632813 12.430506706237792969 12.361695289611816406 12.299871444702148438 12.251433372497558594 12.205615043640136719 12.222352981567382813 12.374187469482421875 12.607153892517089844 12.781857490539550781 12.842481613159179688 12.805849075317382813 12.728219032287597656 12.666463851928710938 12.621388435363769531 12.589048385620117188 12.547036170959472656 12.465350151062011719 12.444764137268066406 12.491074562072753906 12.650521278381347656 12.846510887145996094 13.074292182922363281 13.222020149230957031 13.252536773681640625 13.333208084106445313 13.322213172912597656 13.282687187194824219
