MapLinkProApp/griddata/temperature/ASCII/cmems_mod_glo_phy-thetao_anfc_0,083deg_P1D-m_1702458667101_380,2.asc
ncols        121
nrows        120
xllcorner    -30.041666666667
yllcorner    40.041666655981
cellsize     0.083333333333
NODATA_value  9.9692099683868690468e+36
[rows 54 to 71 of 120, columns 40 to 79 of 121]
12.700226783752441406 12.5359954833984375 12.538775444030761719 12.57659912109375 12.457854270935058594 12.181679725646972656 11.926354408264160156 11.791237831115722656 11.755359649658203125 11.772263526916503906 11.795899391174316406 11.787001609802246094 11.794771194458007813 11.864925384521484375 11.900837898254394531 11.879117012023925781 11.904385566711425781 12.017746925354003906 12.181636810302734375 12.312257766723632813 12.417414665222167969 12.449756622314453125 12.4493560791015625 12.464673995971679688 12.586028099060058594 12.836126327514648438 13.032680511474609375 13.063726425170898438 13.027042388916015625 12.959748268127441406 12.884710311889648438 12.774034500122070313 12.668990135192871094 12.610993385314941406 12.603737831115722656 12.620123863220214844 12.650521278381347656 12.691081047058105469 12.694194793701171875 12.682317733764648438
12.889162063598632813 12.690085411071777344 12.647936820983886719 12.691821098327636719 12.598843574523925781 12.340367317199707031 12.049261093139648438 11.859628677368164063 11.784389495849609375 11.772592544555664063 11.782950401306152344 11.792035102844238281 11.817823410034179688 11.87317657470703125 11.909214019775390625 11.917813301086425781 11.976452827453613281 12.0885162353515625 12.203289031982421875 12.325757980346679688 12.455300331115722656 12.533175468444824219 12.555171966552734375 12.5348968505859375 12.654453277587890625 12.926306724548339844 13.102550506591796875 13.123375892639160156 13.075627326965332031 12.968474388122558594 12.848332405090332031 12.7271270751953125 12.610720634460449219 12.530161857604980469 12.537047386169433594 12.538380622863769531 12.5649566650390625 12.579174041748046875 12.636463165283203125 12.633776664733886719
13.212489128112792969 12.946054458618164063 12.767848968505859375 12.7682342529296875 12.732674598693847656 12.510660171508789063 12.20001220703125 11.942652702331542969 11.806705474853515625 11.75518798828125 11.740431785583496094 11.759196281433105469 11.815770149230957031 11.860505104064941406 11.861893653869628906 11.899682044982910156 12.000262260437011719 12.130769729614257813 12.237309455871582031 12.316715240478515625 12.45122528076171875 12.5626220703125 12.620173454284667969 12.615629196166992188 12.692336082458496094 12.99413299560546875 13.121364593505859375 13.105123519897460938 13.047352790832519531 12.938082695007324219 12.815825462341308594 12.684484481811523438 12.594264984130859375 12.523553848266601563 12.470226287841796875 12.470696449279785156 12.521651268005371094 12.545508384704589844 12.532963752746582031 12.577572822570800781
13.336332321166992188 13.090027809143066406 12.904866218566894531 12.878827095031738281 12.88568878173828125 12.734670639038085938 12.4487457275390625 12.131554603576660156 11.892712593078613281 11.783638954162597656 11.758454322814941406 11.763946533203125 11.803942680358886719 11.843712806701660156 11.858217239379882813 11.917334556579589844 12.024380683898925781 12.168500900268554688 12.31391143798828125 12.377823829650878906 12.440823554992675781 12.542650222778320313 12.642327308654785156 12.688675880432128906 12.734936714172363281 12.978649139404296875 13.095800399780273438 13.047365188598632813 12.963710784912109375 12.834462165832519531 12.699474334716796875 12.604348182678222656 12.539105415344238281 12.489171028137207031 12.472416877746582031 12.472960472106933594 12.482811927795410156 12.520613670349121094 12.607962608337402344 12.640115737915039063
13.353063583374023438 13.121416091918945313 12.967695236206054688 12.975666046142578125 13.037148475646972656 12.962136268615722656 12.717774391174316406 12.375109672546386719 12.041054725646972656 11.834842681884765625 11.766404151916503906 11.766966819763183594 11.812495231628417969 11.867550849914550781 11.903700828552246094 11.968956947326660156 12.072312355041503906 12.217812538146972656 12.39099884033203125 12.455571174621582031 12.496685028076171875 12.582919120788574219 12.67862701416015625 12.739602088928222656 12.78411865234375 12.988890647888183594 13.063752174377441406 12.991748809814453125 12.878497123718261719 12.711064338684082031 12.578957557678222656 12.492605209350585938 12.429567337036132813 12.41153717041015625 12.441361427307128906 12.493954658508300781 12.527936935424804688 12.597673416137695313 12.619408607482910156 12.652436256408691406
13.337327957153320313 13.229174613952636719 13.106656074523925781 13.087194442749023438 13.146063804626464844 13.139769554138183594 12.978924751281738281 12.666054725646972656 12.301737785339355469 12.015589714050292969 11.868001937866210938 11.837040901184082031 11.876458168029785156 11.921885490417480469 11.946283340454101563 11.993247032165527344 12.083164215087890625 12.243664741516113281 12.438526153564453125 12.517765045166015625 12.547082901000976563 12.605921745300292969 12.729525566101074219 12.79929351806640625 12.81671142578125 12.968731880187988281 13.023808479309082031 12.966685295104980469 12.831523895263671875 12.615610122680664063 12.480030059814453125 12.434977531433105469 12.377819061279296875 12.385693550109863281 12.477796554565429688 12.514268875122070313 12.561760902404785156 12.611214637756347656 12.701809883117675781 12.798296928405761719
13.195183753967285156 13.241411209106445313 13.268749237060546875 13.280325889587402344 13.267169952392578125 13.270199775695800781 13.220846176147460938 13.022705078125 12.693280220031738281 12.351082801818847656 12.122651100158691406 12.011061668395996094 11.96297454833984375 11.967622756958007813 11.981609344482421875 12.026462554931640625 12.167654037475585938 12.351800918579101563 12.551662445068359375 12.629168510437011719 12.622030258178710938 12.66323089599609375 12.78018951416015625 12.866349220275878906 12.857491493225097656 12.972075462341308594 13.013427734375 12.940629005432128906 12.777251243591308594 12.531244277954101563 12.408452033996582031 12.39186859130859375 12.369711875915527344 12.415523529052734375 12.454175949096679688 12.513299942016601563 12.593604087829589844 12.697897911071777344 12.827328681945800781 12.85752105712890625
12.987360000610351563 13.087458610534667969 13.141764640808105469 13.190893173217773438 13.195402145385742188 13.18410491943359375 13.199737548828125 13.157003402709960938 12.950160980224609375 12.65648651123046875 12.400176048278808594 12.183553695678710938 12.061553001403808594 12.046259880065917969 12.033382415771484375 12.100269317626953125 12.299639701843261719 12.497979164123535156 12.683894157409667969 12.746563911437988281 12.713100433349609375 12.73297882080078125 12.828415870666503906 12.92310333251953125 12.89331817626953125 12.974578857421875 13.010639190673828125 12.917054176330566406 12.7884063720703125 12.479274749755859375 12.369363784790039063 12.356692314147949219 12.370998382568359375 12.397737503051757813 12.377794265747070313 12.476238250732421875 12.6444854736328125 12.805410385131835938 12.862888336181640625 12.871983528137207031
12.978550910949707031 13.006031036376953125 13.020115852355957031 13.044535636901855469 13.059246063232421875 13.098796844482421875 13.132887840270996094 13.161951065063476563 13.096886634826660156 12.930602073669433594 12.714330673217773438 12.477252006530761719 12.296682357788085938 12.197478294372558594 12.163812637329101563 12.290018081665039063 12.52851104736328125 12.709417343139648438 12.852702140808105469 12.875188827514648438 12.80435943603515625 12.775525093078613281 12.873784065246582031 12.955615043640136719 12.904347419738769531 12.991604804992675781 13.020641326904296875 12.952633857727050781 12.836060523986816406 12.544606208801269531 12.397629737854003906 12.307162284851074219 12.337687492370605469 12.380570411682128906 12.397736549377441406 12.489292144775390625 12.671033859252929688 12.871891975402832031 12.879377365112304688 12.940768241882324219
13.019068717956542969 13.050225257873535156 13.072880744934082031 13.083580970764160156 13.051778793334960938 13.02292633056640625 13.023936271667480469 13.063872337341308594 13.094999313354492188 13.055208206176757813 12.912342071533203125 12.731867790222167969 12.557675361633300781 12.450786590576171875 12.491364479064941406 12.671358108520507813 12.854547500610351563 12.940479278564453125 12.978565216064453125 12.91370391845703125 12.841340065002441406 12.821101188659667969 12.936840057373046875 12.985713958740234375 12.929704666137695313 13.015483856201171875 13.024527549743652344 12.954068183898925781 12.9121246337890625 12.668229103088378906 12.5149383544921875 12.410887718200683594 12.386630058288574219 12.443983078002929688 12.544114112854003906 12.695954322814941406 12.835144996643066406 12.924342155456542969 12.924833297729492188 12.966718673706054688
12.959369659423828125 13.013972282409667969 13.067471504211425781 13.112667083740234375 13.135125160217285156 13.113411903381347656 13.061837196350097656 13.034327507019042969 13.038778305053710938 13.011326789855957031 12.94550323486328125 12.852128982543945313 12.762273788452148438 12.755687713623046875 12.832292556762695313 12.952799797058105469 13.041346549987792969 13.033305168151855469 12.9634552001953125 12.842312812805175781 12.82022857666015625 12.864914894104003906 12.981935501098632813 12.997142791748046875 12.947056770324707031 13.0092620849609375 13.021009445190429688 12.953199386596679688 12.986865997314453125 12.800474166870117188 12.613714218139648438 12.602884292602539063 12.540340423583984375 12.584821701049804688 12.694704055786132813 12.846487045288085938 12.910567283630371094 12.924717903137207031 12.903453826904296875 12.927005767822265625
12.982152938842773438 13.086988449096679688 13.159815788269042969 13.183992385864257813 13.166689872741699219 13.151108741760253906 13.134203910827636719 13.080344200134277344 13.030880928039550781 13.017827987670898438 12.999714851379394531 12.984337806701660156 12.972321510314941406 12.996357917785644531 13.054822921752929688 13.06551361083984375 12.969465255737304688 12.83513641357421875 12.772892951965332031 12.76702117919921875 12.866499900817871094 12.980756759643554688 13.047361373901367188 13.013195991516113281 12.971405029296875 13.017928123474121094 13.037313461303710938 12.984581947326660156 13.0807342529296875 12.979230880737304688 12.818347930908203125 12.800818443298339844 12.668836593627929688 12.706285476684570313 12.779144287109375 12.876265525817871094 12.906581878662109375 12.906656265258789063 12.895443916320800781 12.911714553833007813
12.989542007446289063 13.121442794799804688 13.245095252990722656 13.203418731689453125 13.127264022827148438 13.040162086486816406 13.00499725341796875 12.953877449035644531 12.93663787841796875 12.95326995849609375 12.928340911865234375 12.922281265258789063 12.918163299560546875 12.919779777526855469 12.934237480163574219 12.903111457824707031 12.87262725830078125 12.901206016540527344 12.9379730224609375 12.966124534606933594 13.0462493896484375 13.087049484252929688 13.065402984619140625 13.00972747802734375 12.974420547485351563 13.027049064636230469 13.026117324829101563 12.985321998596191406 13.103041648864746094 13.142314910888671875 13.015111923217773438 13.010759353637695313 12.906567573547363281 12.890301704406738281 12.841800689697265625 12.887231826782226563 12.940148353576660156 12.943845748901367188 12.941874504089355469 12.904221534729003906
12.988484382629394531 13.071218490600585938 13.165482521057128906 13.135457038879394531 13.041598320007324219 12.891680717468261719 12.789177894592285156 12.699239730834960938 12.666537284851074219 12.696660041809082031 12.715750694274902344 12.74333953857421875 12.782711982727050781 12.848666191101074219 12.935017585754394531 12.9918212890625 13.026181221008300781 13.051199913024902344 13.051390647888183594 13.051863670349121094 13.088963508605957031 13.096258163452148438 13.04172515869140625 12.993971824645996094 12.959127426147460938 13.017871856689453125 13.028178215026855469 12.978388786315917969 13.043688774108886719 13.24249267578125 13.152729988098144531 13.121737480163574219 13.083317756652832031 13.020442008972167969 12.945517539978027344 12.920413017272949219 12.940264701843261719 12.958384513854980469 12.92374420166015625 12.808814048767089844
13.301308631896972656 13.287951469421386719 13.266516685485839844 13.234744071960449219 13.16954803466796875 13.043995857238769531 12.914052963256835938 12.7702789306640625 12.666675567626953125 12.649899482727050781 12.683968544006347656 12.730961799621582031 12.812397003173828125 12.922101974487304688 13.031046867370605469 13.099579811096191406 13.114124298095703125 13.102383613586425781 13.067413330078125 13.053518295288085938 13.073796272277832031 13.027696609497070313 12.976758003234863281 12.972959518432617188 12.927471160888671875 12.972584724426269531 13.021721839904785156 12.97743988037109375 12.966099739074707031 13.24895477294921875 13.2427978515625 13.124556541442871094 13.25237274169921875 13.168255805969238281 13.061700820922851563 12.95644378662109375 12.953303337097167969 12.917599678039550781 12.825831413269042969 12.856885910034179688
13.384862899780273438 13.399143218994140625 13.394415855407714844 13.384989738464355469 13.366098403930664063 13.314054489135742188 13.253915786743164063 13.191458702087402344 13.123989105224609375 13.05881500244140625 13.041784286499023438 13.039126396179199219 13.060216903686523438 13.11977386474609375 13.178823471069335938 13.1966705322265625 13.167447090148925781 13.095215797424316406 13.0401153564453125 13.0378265380859375 12.982045173645019531 12.922377586364746094 12.94278717041015625 12.92118072509765625 12.859285354614257813 12.891314506530761719 12.982132911682128906 12.993609428405761719 12.980342864990234375 13.209486007690429688 13.383128166198730469 13.22655487060546875 13.20121002197265625 13.323316574096679688 13.239130020141601563 13.029588699340820313 12.902035713195800781 12.890486717224121094 12.944620132446289063 12.956540107727050781
13.221146583557128906 13.223521232604980469 13.226620674133300781 13.221776962280273438 13.210523605346679688 13.220038414001464844 13.205867767333984375 13.196001052856445313 13.184256553649902344 13.161169052124023438 13.155240058898925781 13.138100624084472656 13.145636558532714844 13.1808013916015625 13.201125144958496094 13.179879188537597656 13.119803428649902344 13.038974761962890625 12.993299484252929688 12.961679458618164063 12.900155067443847656 12.941367149353027344 12.956659317016601563 12.827707290649414063 12.77753448486328125 12.8730316162109375 12.983091354370117188 13.016453742980957031 12.967493057250976563 13.087841987609863281 13.370347976684570313 13.263729095458984375 13.101098060607910156 13.202159881591796875 13.161497116088867188 13.058451652526855469 12.956349372863769531 12.956034660339355469 12.913324356079101563 12.8558197021484375
13.04286956787109375 13.054924964904785156 13.059539794921875 13.061320304870605469 13.075427055358886719 13.105338096618652344 13.138752937316894531 13.17469024658203125 13.183302879333496094 13.178126335144042969 13.157935142517089844 13.124596595764160156 13.119019508361816406 13.112859725952148438 13.089421272277832031 13.070567131042480469 13.061506271362304688 13.060717582702636719 13.096062660217285156 13.101294517517089844 12.996042251586914063 12.923231124877929688 12.90911102294921875 12.870676040649414063 12.883223533630371094 13.004762649536132813 13.083638191223144531 13.05889129638671875 12.966475486755371094 13.056467056274414063 13.32126617431640625 13.248082160949707031 13.076175689697265625 13.154953956604003906 13.169855117797851563 13.053591728210449219 12.904734611511230469 12.830026626586914063 12.839032173156738281 12.881191253662109375
