MapLinkProApp/griddata/temperature/ASCII/cmems_mod_glo_phy-thetao_anfc_0,083deg_P1D-m_1702458667101_92,3.asc
ncols        121
nrows        120
xllcorner    -30.041666666667
yllcorner    40.041666655981
cellsize     0.083333333333
NODATA_value  9.9692099683868690468e+36
[rows 36 to 53 of 120, columns 40 to 79 of 121]
13.727930068969726563 13.533588409423828125 13.469895362854003906 13.501275062561035156 13.467304229736328125 13.428303718566894531 13.424628257751464844 13.533748626708984375 13.866613388061523438 14.219901084899902344 14.450818061828613281 14.655833244323730469 14.790030479431152344 14.717667579650878906 14.526767730712890625 14.495982170104980469 14.655192375183105469 14.885363578796386719 15.043779373168945313 15.123416900634765625 15.171971321105957031 15.181126594543457031 15.154653549194335938 15.096262931823730469 14.923027992248535156 14.750804901123046875 14.658209800720214844 14.581490516662597656 14.457181930541992188 14.345150947570800781 14.277466773986816406 14.224837303161621094 14.188433647155761719 14.210379600524902344 14.346369743347167969 14.664600372314453125 14.926800727844238281 14.963858604431152344 14.891963958740234375 14.866674423217773438
13.559825897216796875 13.427881240844726563 13.377531051635742188 13.403542518615722656 13.444445610046386719 13.502253532409667969 13.576587677001953125 13.793665885925292969 14.139373779296875 14.338613510131835938 14.498894691467285156 14.751939773559570313 14.864710807800292969 14.699501991271972656 14.473278045654296875 14.487174034118652344 14.67487335205078125 14.899889945983886719 15.047398567199707031 15.126447677612304688 15.182611465454101563 15.194170951843261719 15.155346870422363281 15.086896896362304688 14.924691200256347656 14.771694183349609375 14.696324348449707031 14.614984512329101563 14.503569602966308594 14.404176712036132813 14.319687843322753906 14.245500564575195313 14.219969749450683594 14.257355690002441406 14.434422492980957031 14.762364387512207031 15.000173568725585938 15.017513275146484375 14.976735115051269531 15.027627944946289063
13.944882392883300781 13.843378067016601563 13.814386367797851563 13.777650833129882813 13.75768280029296875 13.7241058349609375 13.807468414306640625 14.105700492858886719 14.267724990844726563 14.296792984008789063 14.611939430236816406 14.925600051879882813 14.93017578125 14.633564949035644531 14.407030105590820313 14.465779304504394531 14.648852348327636719 14.860833168029785156 14.997895240783691406 15.072785377502441406 15.133650779724121094 15.154124259948730469 15.0948333740234375 15.012140274047851563 14.877317428588867188 14.767705917358398438 14.714977264404296875 14.641162872314453125 14.516753196716308594 14.392361640930175781 14.297216415405273438 14.245794296264648438 14.245285987854003906 14.285563468933105469 14.484056472778320313 14.809594154357910156 15.037699699401855469 15.064955711364746094 15.051978111267089844 15.110047340393066406
14.246975898742675781 14.196722030639648438 14.074291229248046875 13.973713874816894531 13.832121849060058594 13.784284591674804688 14.004689216613769531 14.163797378540039063 14.102137565612792969 14.302186012268066406 14.826318740844726563 15.082342147827148438 14.922765731811523438 14.536303520202636719 14.365149497985839844 14.432774543762207031 14.582166671752929688 14.772474288940429688 14.898119926452636719 14.970317840576171875 15.026679039001464844 15.060869216918945313 15.024020195007324219 14.960873603820800781 14.854817390441894531 14.796899795532226563 14.741822242736816406 14.597116470336914063 14.424963951110839844 14.311451911926269531 14.266653060913085938 14.252684593200683594 14.247397422790527344 14.355814933776855469 14.607624053955078125 14.902369499206542969 15.095185279846191406 15.123186111450195313 15.125966072082519531 15.083039283752441406
14.250082015991210938 14.161121368408203125 14.047459602355957031 13.892418861389160156 13.760004997253417969 13.809144973754882813 13.910472869873046875 13.825873374938964844 13.892393112182617188 14.457950592041015625 15.040915489196777344 15.149609565734863281 14.861943244934082031 14.4873046875 14.371266365051269531 14.418699264526367188 14.515043258666992188 14.663897514343261719 14.778239250183105469 14.836457252502441406 14.884578704833984375 14.936863899230957031 14.937669754028320313 14.903448104858398438 14.849168777465820313 14.769199371337890625 14.637847900390625 14.454053878784179688 14.327065467834472656 14.268473625183105469 14.2412567138671875 14.230458259582519531 14.298824310302734375 14.499411582946777344 14.771358489990234375 15.022974967956542969 15.154316902160644531 15.155577659606933594 15.121890068054199219 14.965511322021484375
14.14995574951171875 14.045412063598632813 13.883791923522949219 13.687207221984863281 13.580228805541992188 13.550377845764160156 13.510280609130859375 13.550450325012207031 14.006985664367675781 14.792569160461425781 15.23505401611328125 15.140009880065917969 14.798734664916992188 14.548293113708496094 14.486253738403320313 14.499979019165039063 14.528079986572265625 14.572383880615234375 14.606647491455078125 14.643854141235351563 14.633123397827148438 14.622536659240722656 14.65706634521484375 14.653553009033203125 14.608582496643066406 14.520834922790527344 14.406002044677734375 14.300124168395996094 14.245751380920410156 14.211484909057617188 14.211170196533203125 14.36171722412109375 14.569323539733886719 14.780538558959960938 15.000618934631347656 15.154935836791992188 15.192721366882324219 15.151876449584960938 15.002960205078125 14.85480499267578125
13.955343246459960938 13.850852012634277344 13.678882598876953125 13.510237693786621094 13.419978141784667969 13.41074371337890625 13.442093849182128906 13.632508277893066406 14.25045013427734375 15.028004646301269531 15.305275917053222656 15.105813980102539063 14.851979255676269531 14.7591094970703125 14.730631828308105469 14.719220161437988281 14.711181640625 14.678355216979980469 14.591311454772949219 14.54692840576171875 14.550694465637207031 14.504866600036621094 14.390017509460449219 14.333420753479003906 14.298825263977050781 14.262768745422363281 14.224255561828613281 14.198620796203613281 14.18321990966796875 14.168386459350585938 14.249175071716308594 14.553877830505371094 14.826451301574707031 15.023687362670898438 15.155261993408203125 15.2164306640625 15.212818145751953125 15.096045494079589844 14.878957748413085938 14.7837677001953125
13.852950096130371094 13.690466880798339844 13.569911956787109375 13.476400375366210938 13.440013885498046875 13.510404586791992188 13.612531661987304688 13.876477241516113281 14.540799140930175781 15.222285270690917969 15.369424819946289063 15.220911026000976563 15.195519447326660156 15.243416786193847656 15.219713211059570313 15.205829620361328125 15.145831108093261719 15.096370697021484375 14.988722801208496094 14.812226295471191406 14.617377281188964844 14.507473945617675781 14.455278396606445313 14.3743896484375 14.296862602233886719 14.232237815856933594 14.18425750732421875 14.174757957458496094 14.166296005249023438 14.147768020629882813 14.319739341735839844 14.716559410095214844 14.99715423583984375 15.132463455200195313 15.22325897216796875 15.262761116027832031 15.224018096923828125 15.044587135314941406 14.827296257019042969 14.746538162231445313
14.029717445373535156 13.802209854125976563 13.673714637756347656 13.57962799072265625 13.604517936706542969 13.755932807922363281 13.863406181335449219 14.14410400390625 14.820405006408691406 15.429106712341308594 15.5930938720703125 15.65216064453125 15.81798553466796875 15.870806694030761719 15.855897903442382813 15.840021133422851563 15.754297256469726563 15.658722877502441406 15.548992156982421875 15.465953826904296875 15.331767082214355469 15.0940399169921875 14.781542778015136719 14.478796958923339844 14.3126678466796875 14.24655914306640625 14.209713935852050781 14.182626724243164063 14.151914596557617188 14.159694671630859375 14.430805206298828125 14.828189849853515625 15.135873794555664063 15.269906997680664063 15.354445457458496094 15.365998268127441406 15.25745391845703125 15.029711723327636719 14.845477104187011719 14.769755363464355469
14.134484291076660156 13.914423942565917969 13.748409271240234375 13.708565711975097656 13.864965438842773438 14.029727935791015625 14.057569503784179688 14.340765953063964844 15.033746719360351563 15.624391555786132813 15.8546295166015625 15.967751502990722656 16.037401199340820313 15.973827362060546875 15.91805267333984375 15.906705856323242188 15.934353828430175781 15.930723190307617188 15.884615898132324219 15.809479713439941406 15.713853836059570313 15.609544754028320313 15.455203056335449219 15.199575424194335938 14.878778457641601563 14.559816360473632813 14.316130638122558594 14.216372489929199219 14.18082427978515625 14.215166091918945313 14.526377677917480469 14.957949638366699219 15.279974937438964844 15.393847465515136719 15.399752616882324219 15.367095947265625 15.257293701171875 15.077651023864746094 14.928730964660644531 14.841199874877929688
14.118661880493164063 13.927367210388183594 13.920956611633300781 14.091352462768554688 14.275600433349609375 14.273954391479492188 14.191534996032714844 14.517042160034179688 15.22585296630859375 15.781910896301269531 15.994299888610839844 16.010288238525390625 15.92681121826171875 15.749849319458007813 15.62774658203125 15.5688018798828125 15.524866104125976563 15.487238883972167969 15.495530128479003906 15.555674552917480469 15.649423599243164063 15.734993934631347656 15.778726577758789063 15.750313758850097656 15.613297462463378906 15.3706817626953125 15.030774116516113281 14.715665817260742188 14.438302993774414063 14.362418174743652344 14.618659019470214844 15.02895355224609375 15.314417839050292969 15.376043319702148438 15.264521598815917969 15.137038230895996094 15.041697502136230469 14.939980506896972656 14.868450164794921875 14.86508941650390625
14.127222061157226563 14.068491935729980469 14.221746444702148438 14.42144775390625 14.460656166076660156 14.302937507629394531 14.214985847473144531 14.61165618896484375 15.315033912658691406 15.823182106018066406 16.004270553588867188 15.960630416870117188 15.825532913208007813 15.682671546936035156 15.616349220275878906 15.545717239379882813 15.405609130859375 15.245684623718261719 15.191956520080566406 15.226981163024902344 15.277245521545410156 15.325979232788085938 15.417275428771972656 15.574330329895019531 15.749449729919433594 15.838199615478515625 15.704623222351074219 15.352631568908691406 14.973934173583984375 14.647400856018066406 14.687856674194335938 15.041817665100097656 15.303419113159179688 15.373813629150390625 15.29926300048828125 15.200736045837402344 15.163976669311523438 15.1591949462890625 15.189733505249023438 15.265023231506347656
14.209448814392089844 14.240870475769042969 14.416876792907714844 14.537109375 14.464551925659179688 14.2716827392578125 14.267134666442871094 14.694848060607910156 15.329300880432128906 15.796565055847167969 15.962597846984863281 15.886446952819824219 15.740736007690429688 15.628401756286621094 15.548832893371582031 15.403482437133789063 15.172992706298828125 15.03876495361328125 15.109490394592285156 15.280260086059570313 15.443494796752929688 15.53690338134765625 15.546141624450683594 15.517709732055664063 15.523248672485351563 15.627201080322265625 15.775242805480957031 15.78572845458984375 15.543913841247558594 15.057880401611328125 14.776433944702148438 14.906122207641601563 15.300675392150878906 15.492048263549804688 15.416933059692382813 15.309403419494628906 15.331903457641601563 15.410166740417480469 15.494992256164550781 15.572728157043457031
14.310469627380371094 14.382802963256835938 14.538621902465820313 14.576450347900390625 14.439981460571289063 14.291650772094726563 14.40532684326171875 14.798671722412109375 15.287799835205078125 15.680105209350585938 15.832692146301269531 15.774379730224609375 15.666814804077148438 15.586704254150390625 15.463414192199707031 15.211625099182128906 14.933473587036132813 14.964491844177246094 15.209460258483886719 15.477089881896972656 15.643933296203613281 15.684261322021484375 15.639945030212402344 15.659752845764160156 15.705550193786621094 15.709249496459960938 15.697892189025878906 15.704975128173828125 15.73465728759765625 15.652851104736328125 15.374781608581542969 15.075344085693359375 15.040068626403808594 15.224040985107421875 15.439572334289550781 15.53887939453125 15.586592674255371094 15.637388229370117188 15.674611091613769531 15.698011398315429688
14.380166053771972656 14.472598075866699219 14.601835250854492188 14.591040611267089844 14.422680854797363281 14.305902481079101563 14.486589431762695313 14.861952781677246094 15.262644767761230469 15.593265533447265625 15.730327606201171875 15.698399543762207031 15.624097824096679688 15.529664039611816406 15.351043701171875 15.052366256713867188 14.855154037475585938 14.9909210205078125 15.275910377502441406 15.523027420043945313 15.62015533447265625 15.583896636962890625 15.493268013000488281 15.485777854919433594 15.600752830505371094 15.726192474365234375 15.761395454406738281 15.782044410705566406 15.798716545104980469 15.756903648376464844 15.743167877197265625 15.595580101013183594 15.359033584594726563 15.190957069396972656 15.20694732666015625 15.301239013671875 15.425844192504882813 15.513721466064453125 15.562960624694824219 15.563408851623535156
14.474049568176269531 14.576107978820800781 14.67055511474609375 14.618072509765625 14.424578666687011719 14.303881645202636719 14.516560554504394531 14.893646240234375 15.237352371215820313 15.506573677062988281 15.632115364074707031 15.624227523803710938 15.555457115173339844 15.444110870361328125 15.235098838806152344 14.953017234802246094 14.8565826416015625 14.954966545104980469 15.150493621826171875 15.335325241088867188 15.421438217163085938 15.408824920654296875 15.357757568359375 15.374311447143554688 15.477140426635742188 15.604206085205078125 15.669276237487792969 15.699031829833984375 15.744277000427246094 15.804269790649414063 15.849772453308105469 15.822971343994140625 15.712423324584960938 15.538130760192871094 15.394530296325683594 15.344654083251953125 15.348258018493652344 15.382274627685546875 15.417293548583984375 15.433572769165039063
14.575230598449707031 14.687466621398925781 14.745545387268066406 14.655249595642089844 14.442730903625488281 14.325687408447265625 14.561033248901367188 14.927529335021972656 15.205336570739746094 15.415770530700683594 15.544275283813476563 15.541832923889160156 15.4542236328125 15.3464813232421875 15.143810272216796875 14.910288810729980469 14.865212440490722656 14.909770011901855469 15.049867630004882813 15.232395172119140625 15.377766609191894531 15.453053474426269531 15.466403007507324219 15.484070777893066406 15.61281585693359375 15.764408111572265625 15.832243919372558594 15.835584640502929688 15.783009529113769531 15.754230499267578125 15.794289588928222656 15.874161720275878906 15.904988288879394531 15.858396530151367188 15.752521514892578125 15.641981124877929688 15.5625152587890625 15.527502059936523438 15.521917343139648438 15.530239105224609375
14.649289131164550781 14.759306907653808594 14.797008514404296875 14.692975997924804688 14.467597007751464844 14.359449386596679688 14.597971916198730469 14.966048240661621094 15.236581802368164063 15.425116539001464844 15.50799560546875 15.444339752197265625 15.354160308837890625 15.284039497375488281 15.130150794982910156 14.982375144958496094 14.918967247009277344 14.903395652770996094 14.971429824829101563 15.101834297180175781 15.258301734924316406 15.3600006103515625 15.39710235595703125 15.426405906677246094 15.585933685302734375 15.77942657470703125 15.911821365356445313 15.945527076721191406 15.929534912109375 15.877611160278320313 15.866503715515136719 15.914912223815917969 15.972866058349609375 15.98648834228515625 15.951966285705566406 15.884365081787109375 15.811259269714355469 15.755446434020996094 15.72510528564453125 15.716860771179199219
