MapLinkProApp/griddata/temperature/ASCII/cmems_mod_glo_phy-thetao_anfc_0,083deg_P1D-m_1702458667101_9,6.asc
ncols        121
nrows        120
xllcorner    -30.041666666667
yllcorner    40.041666655981
cellsize     0.083333333333
NODATA_value  9.9692099683868690468e+36
[rows 90 to 107 of 120, columns 0 to 39 of 121]
17.705106735229492188 17.689027786254882813 17.678350448608398438 17.677736282348632813 17.680780410766601563 17.687372207641601563 17.693212509155273438 17.692251205444335938 17.67378997802734375 17.637042999267578125 17.574811935424804688 17.480337142944335938 17.360076904296875 17.260618209838867188 17.144300460815429688 16.901044845581054688 16.529672622680664063 16.445953369140625 16.614841461181640625 16.8556365966796875 17.165960311889648438 17.42533111572265625 17.591257095336914063 17.601413726806640625 17.49735260009765625 17.372663497924804688 17.317689895629882813 17.254302978515625 17.165912628173828125 17.049905776977539063 16.945371627807617188 17.00435638427734375 17.0798797607421875 16.906244277954101563 16.719142913818359375 16.588409423828125 16.543285369873046875 16.949649810791015625 17.56304168701171875 18.019758224487304688
17.725006103515625 17.725206375122070313 17.72332000732421875 17.72100067138671875 17.71791839599609375 17.71302032470703125 17.701784133911132813 17.689886093139648438 17.662050247192382813 17.598423004150390625 17.500257492065429688 17.3874359130859375 17.275028228759765625 17.152858734130859375 16.959928512573242188 16.658443450927734375 16.408704757690429688 16.6346282958984375 16.834339141845703125 17.112003326416015625 17.346338272094726563 17.53260040283203125 17.619335174560546875 17.57981109619140625 17.444677352905273438 17.304826736450195313 17.22705078125 17.166814804077148438 17.088535308837890625 17.02667236328125 17.011243820190429688 17.088171005249023438 17.096591949462890625 16.939672470092773438 16.718667984008789063 16.625776290893554688 17.150934219360351563 17.982025146484375 18.345899581909179688 18.405237197875976563
17.6337738037109375 17.645666122436523438 17.657062530517578125 17.665037155151367188 17.66597747802734375 17.66205596923828125 17.651903152465820313 17.63292694091796875 17.582883834838867188 17.492918014526367188 17.37239837646484375 17.256137847900390625 17.137411117553710938 16.984525680541992188 16.7811431884765625 16.605463027954101563 16.67874908447265625 16.87181854248046875 17.056756973266601563 17.256258010864257813 17.417661666870117188 17.547296524047851563 17.608659744262695313 17.584941864013671875 17.488409042358398438 17.356023788452148438 17.262182235717773438 17.201684951782226563 17.150892257690429688 17.13545989990234375 17.150232315063476563 17.150463104248046875 17.04422760009765625 16.8423309326171875 16.881725311279296875 17.5541229248046875 18.248477935791015625 18.419557571411132813 18.410333633422851563 18.332958221435546875
17.547657012939453125 17.557214736938476563 17.570821762084960938 17.576549530029296875 17.571451187133789063 17.556379318237304688 17.533809661865234375 17.491956710815429688 17.426580429077148438 17.33896636962890625 17.23902130126953125 17.1399078369140625 17.027467727661132813 16.903202056884765625 16.81128692626953125 16.830339431762695313 16.951482772827148438 17.053144454956054688 17.205121994018554688 17.316083908081054688 17.404603958129882813 17.482578277587890625 17.536684036254882813 17.566728591918945313 17.539159774780273438 17.454267501831054688 17.378765106201171875 17.318492889404296875 17.268276214599609375 17.219087600708007813 17.134569168090820313 16.992280960083007813 16.922557830810546875 17.35642242431640625 18.0424652099609375 18.374307632446289063 18.435192108154296875 18.41579437255859375 18.358835220336914063 18.294118881225585938
17.4912872314453125 17.493230819702148438 17.490259170532226563 17.481336593627929688 17.466054916381835938 17.440587997436523438 17.409063339233398438 17.367433547973632813 17.312198638916015625 17.243928909301757813 17.168245315551757813 17.0966033935546875 17.023447036743164063 16.974943161010742188 16.975305557250976563 17.020175933837890625 17.095615386962890625 17.19280242919921875 17.273897171020507813 17.31170654296875 17.346704483032226563 17.3732757568359375 17.414678573608398438 17.477727890014648438 17.484880447387695313 17.432201385498046875 17.375568389892578125 17.302904129028320313 17.203001022338867188 17.078504562377929688 16.95664215087890625 17.001195907592773438 17.722930908203125 18.32376861572265625 18.425722122192382813 18.434625625610351563 18.457681655883789063 18.458896636962890625 18.44586181640625 18.3783416748046875
17.477540969848632813 17.458530426025390625 17.440473556518554688 17.4210662841796875 17.39717864990234375 17.368947982788085938 17.33611297607421875 17.301923751831054688 17.2584381103515625 17.210506439208984375 17.163021087646484375 17.12066650390625 17.084806442260742188 17.067087173461914063 17.079030990600585938 17.137742996215820313 17.210397720336914063 17.249286651611328125 17.272119522094726563 17.281911849975585938 17.272796630859375 17.264009475708007813 17.28801727294921875 17.338115692138671875 17.355661392211914063 17.321401596069335938 17.25811767578125 17.167596817016601563 17.058023452758789063 16.987796783447265625 17.101278305053710938 17.767232894897460938 18.367036819458007813 18.43445587158203125 18.431116104125976563 18.459756851196289063 18.493938446044921875 18.491390228271484375 18.462423324584960938 18.397787094116210938
17.473833084106445313 17.47158050537109375 17.462680816650390625 17.441415786743164063 17.409597396850585938 17.372663497924804688 17.334196090698242188 17.300106048583984375 17.265932083129882813 17.233903884887695313 17.200277328491210938 17.163831710815429688 17.13047027587890625 17.125303268432617188 17.175382614135742188 17.23149871826171875 17.240713119506835938 17.243352890014648438 17.24434661865234375 17.228168487548828125 17.200222015380859375 17.182119369506835938 17.191999435424804688 17.211732864379882813 17.210580825805664063 17.180513381958007813 17.128452301025390625 17.05408477783203125 17.001626968383789063 17.0818634033203125 17.494720458984375 18.234342575073242188 18.432466506958007813 18.428564071655273438 18.413942337036132813 18.4339752197265625 18.4369964599609375 18.452119827270507813 18.4742279052734375 18.483463287353515625
17.385034561157226563 17.3882904052734375 17.396608352661132813 17.405454635620117188 17.409791946411132813 17.39685821533203125 17.368806838989257813 17.331897735595703125 17.292934417724609375 17.248382568359375 17.201158523559570313 17.153326034545898438 17.133722305297851563 17.167369842529296875 17.227548599243164063 17.237668991088867188 17.222438812255859375 17.214857101440429688 17.20473480224609375 17.183757781982421875 17.161233901977539063 17.155393600463867188 17.163911819458007813 17.168794631958007813 17.150129318237304688 17.108783721923828125 17.054944992065429688 16.992368698120117188 16.966325759887695313 17.08939361572265625 17.528684616088867188 18.15699005126953125 18.428264617919921875 18.420257568359375 18.368925094604492188 18.345890045166015625 18.324338912963867188 18.33758544921875 18.397001266479492188 18.47107696533203125
17.377592086791992188 17.371728897094726563 17.343408584594726563 17.31839752197265625 17.312578201293945313 17.314273834228515625 17.3044891357421875 17.274236679077148438 17.232421875 17.192720413208007813 17.1553497314453125 17.139842987060546875 17.156942367553710938 17.202894210815429688 17.229217529296875 17.21016693115234375 17.180582046508789063 17.17145538330078125 17.164812088012695313 17.154256820678710938 17.151403427124023438 17.164335250854492188 17.183719635009765625 17.187786102294921875 17.167943954467773438 17.127824783325195313 17.08060455322265625 17.02108001708984375 16.971033096313476563 16.993036270141601563 17.219026565551757813 17.704692840576171875 18.190587997436523438 18.37624359130859375 18.367052078247070313 18.328948974609375 18.270849227905273438 18.2209014892578125 18.2158355712890625 18.278154373168945313
17.412328720092773438 17.407426834106445313 17.382165908813476563 17.324129104614257813 17.26671600341796875 17.241703033447265625 17.23171234130859375 17.212972640991210938 17.189144134521484375 17.178190231323242188 17.177579879760742188 17.1884002685546875 17.206609725952148438 17.21563720703125 17.201358795166015625 17.166307449340820313 17.132776260375976563 17.121854782104492188 17.127613067626953125 17.143182754516601563 17.172100067138671875 17.21283721923828125 17.25299835205078125 17.27770233154296875 17.268732070922851563 17.229518890380859375 17.174663543701171875 17.1218414306640625 17.078578948974609375 17.064332962036132813 17.1169586181640625 17.323644638061523438 17.693048477172851563 18.08734893798828125 18.275739669799804688 18.276132583618164063 18.194906234741210938 18.122526168823242188 18.109424591064453125 18.104513168334960938
17.469295501708984375 17.449048995971679688 17.40842437744140625 17.347951889038085938 17.292407989501953125 17.260332107543945313 17.246828079223632813 17.238473892211914063 17.2332305908203125 17.235052108764648438 17.239473342895507813 17.238185882568359375 17.22576141357421875 17.205362319946289063 17.173952102661132813 17.140581130981445313 17.117870330810546875 17.112569808959960938 17.119810104370117188 17.142940521240234375 17.180416107177734375 17.232624053955078125 17.285449981689453125 17.34145355224609375 17.3743896484375 17.378133773803710938 17.344120025634765625 17.28240966796875 17.212640762329101563 17.161128997802734375 17.151697158813476563 17.198335647583007813 17.364171981811523438 17.647960662841796875 17.85419464111328125 17.875501632690429688 17.811786651611328125 17.750200271606445313 17.829254150390625 17.976846694946289063
17.504425048828125 17.464630126953125 17.4267120361328125 17.382074356079101563 17.344022750854492188 17.324480056762695313 17.308149337768554688 17.293743133544921875 17.28678131103515625 17.28691864013671875 17.286863327026367188 17.279735565185546875 17.261348724365234375 17.237020492553710938 17.20965576171875 17.189138412475585938 17.181673049926757813 17.186609268188476563 17.19524383544921875 17.209369659423828125 17.231311798095703125 17.265260696411132813 17.290027618408203125 17.32868194580078125 17.374439239501953125 17.421823501586914063 17.442569732666015625 17.428247451782226563 17.385753631591796875 17.331981658935546875 17.289422988891601563 17.265142440795898438 17.266767501831054688 17.319055557250976563 17.404378890991210938 17.45836639404296875 17.523563385009765625 17.615438461303710938 17.772491455078125 17.940860748291015625
17.52344512939453125 17.490949630737304688 17.469465255737304688 17.459321975708007813 17.4719390869140625 17.483831405639648438 17.48017120361328125 17.469709396362304688 17.456981658935546875 17.440382003784179688 17.417509078979492188 17.394937515258789063 17.381805419921875 17.387754440307617188 17.416448593139648438 17.469045639038085938 17.529981613159179688 17.57946014404296875 17.598814010620117188 17.59613037109375 17.573434829711914063 17.54006195068359375 17.487361907958984375 17.440866470336914063 17.41512298583984375 17.417104721069335938 17.441797256469726563 17.461883544921875 17.467988967895507813 17.458490371704101563 17.459980010986328125 17.465579986572265625 17.49457550048828125 17.558958053588867188 17.660005569458007813 17.86029815673828125 18.08568572998046875 18.266901016235351563 18.419803619384765625 18.513492584228515625
17.58298492431640625 17.585054397583007813 17.628875732421875 17.723974227905273438 17.838598251342773438 17.896808624267578125 17.890699386596679688 17.850889205932617188 17.811122894287109375 17.768642425537109375 17.727022171020507813 17.730052947998046875 17.79973602294921875 17.926227569580078125 18.075651168823242188 18.205059051513671875 18.286985397338867188 18.316148757934570313 18.319463729858398438 18.304607391357421875 18.264398574829101563 18.194375991821289063 18.06395721435546875 17.86707305908203125 17.709445953369140625 17.61383819580078125 17.538293838500976563 17.494699478149414063 17.474185943603515625 17.45964813232421875 17.5857086181640625 17.818075180053710938 18.069059371948242188 18.293392181396484375 18.564603805541992188 18.727594375610351563 18.795684814453125 18.8316650390625 18.8444671630859375 18.844636917114257813
17.696147918701171875 17.763360977172851563 17.899570465087890625 18.079725265502929688 18.221178054809570313 18.258035659790039063 18.225416183471679688 18.192195892333984375 18.180795669555664063 18.167348861694335938 18.164936065673828125 18.229730606079101563 18.347591400146484375 18.452653884887695313 18.506196975708007813 18.521282196044921875 18.51378631591796875 18.498600006103515625 18.49330902099609375 18.505620956420898438 18.520292282104492188 18.521749496459960938 18.490930557250976563 18.361516952514648438 18.172285079956054688 18.015882492065429688 17.872606277465820313 17.750112533569335938 17.567842483520507813 17.546594619750976563 17.976438522338867188 18.449819564819335938 18.756765365600585938 18.835214614868164063 18.856725692749023438 18.8559722900390625 18.845470428466796875 18.841716766357421875 18.845888137817382813 18.85305023193359375
17.802431106567382813 17.895750045776367188 18.069141387939453125 18.261518478393554688 18.389635086059570313 18.427892684936523438 18.405260086059570313 18.380872726440429688 18.393829345703125 18.403242111206054688 18.407955169677734375 18.450403213500976563 18.512197494506835938 18.54062652587890625 18.54988861083984375 18.522624969482421875 18.46860504150390625 18.414363861083984375 18.389837265014648438 18.4088134765625 18.446737289428710938 18.49407196044921875 18.532123565673828125 18.539350509643554688 18.46884918212890625 18.371629714965820313 18.260541915893554688 18.080194473266601563 17.711236953735351563 17.805139541625976563 18.314449310302734375 18.663881301879882813 18.805469512939453125 18.839677810668945313 18.841440200805664063 18.836017608642578125 18.83322906494140625 18.838079452514648438 18.849216461181640625 18.862699508666992188
17.973520278930664063 17.980417251586914063 18.038988113403320313 18.158002853393554688 18.302013397216796875 18.430784225463867188 18.486238479614257813 18.484630584716796875 18.490659713745117188 18.508962631225585938 18.521472930908203125 18.54203033447265625 18.577581405639648438 18.592290878295898438 18.589262008666992188 18.550195693969726563 18.480997085571289063 18.398084640502929688 18.357616424560546875 18.367696762084960938 18.401218414306640625 18.441053390502929688 18.49654388427734375 18.56615447998046875 18.589672088623046875 18.539175033569335938 18.4400482177734375 18.179447174072265625 17.838968276977539063 18.014719009399414063 18.42919921875 18.730976104736328125 18.834501266479492188 18.85906219482421875 18.851976394653320313 18.8262786865234375 18.810337066650390625 18.813859939575195313 18.830186843872070313 18.849420547485351563
18.061767578125 18.10150146484375 18.115877151489257813 18.12865447998046875 18.159822463989257813 18.223903656005859375 18.34311676025390625 18.456182479858398438 18.500913619995117188 18.5215911865234375 18.541225433349609375 18.566091537475585938 18.593959808349609375 18.598878860473632813 18.5853271484375 18.532548904418945313 18.446928024291992188 18.340959548950195313 18.318147659301757813 18.341220855712890625 18.400415420532226563 18.459072113037109375 18.498291015625 18.56848907470703125 18.626024246215820313 18.581939697265625 18.4273529052734375 18.124013900756835938 17.945302963256835938 18.212137222290039063 18.546670913696289063 18.767780303955078125 18.844018936157226563 18.848430633544921875 18.804918289184570313 18.764646530151367188 18.759359359741210938 18.772823333740234375 18.801870346069335938 18.826923370361328125
