MapLinkProApp/griddata/temperature/ASCII/cmems_mod_glo_phy-thetao_anfc_0,083deg_P1D-m_1702458667101_1452,3.asc
ncols        121
nrows        120
xllcorner    -30.041666666667
yllcorner    40.041666655981
cellsize     0.083333333333
NODATA_value  9.9692099683868690468e+36
[rows 0 to 17 of 120, columns 40 to 79 of 121]
3.5382716655731201172 3.5637300014495849609 3.5799915790557861328 3.5658712387084960938 3.5358145236968994141 3.5254113674163818359 3.5135293006896972656 3.4635355472564697266 3.4040915966033935547 3.3790128231048583984 3.3712873458862304688 3.3747477531433105469 3.3881173133850097656 3.4061684608459472656 3.4147267341613769531 3.4158322811126708984 3.4129085540771484375 3.4039411544799804688 3.3861401081085205078 3.3671312332153320313 3.3576526641845703125 3.3538775444030761719 3.3549568653106689453 3.3564870357513427734 3.3514156341552734375 3.3504395484924316406 3.3591737747192382813 3.3622689247131347656 3.34737396240234375 3.3259942531585693359 3.3143587112426757813 3.3047311305999755859 3.3084242343902587891 3.3495008945465087891 3.4428544044494628906 3.5385990142822265625 3.5786957740783691406 3.592662811279296875 3.60778045654296875 3.6084313392639160156
3.5684030055999755859 3.5879125595092773438 3.5726120471954345703 3.5323359966278076172 3.5096201896667480469 3.5114524364471435547 3.5058205127716064453 3.4666206836700439453 3.4111301898956298828 3.3789644241333007813 3.3622426986694335938 3.3583478927612304688 3.3649020195007324219 3.3816368579864501953 3.3973691463470458984 3.4044752120971679688 3.4105944633483886719 3.4129421710968017578 3.4065032005310058594 3.3923969268798828125 3.3766264915466308594 3.364444732666015625 3.3548221588134765625 3.3452167510986328125 3.3428864479064941406 3.3512506484985351563 3.3563725948333740234 3.34334564208984375 3.3114190101623535156 3.2798082828521728516 3.2764444351196289063 3.2949464321136474609 3.3597359657287597656 3.4621155261993408203 3.5541892051696777344 3.5786504745483398438 3.5730562210083007813 3.5601680278778076172 3.5623192787170410156 3.5764660835266113281
3.604831695556640625 3.5935256481170654297 3.5603451728820800781 3.5147695541381835938 3.4891192913055419922 3.4918813705444335938 3.5053195953369140625 3.4804742336273193359 3.4223656654357910156 3.3881692886352539063 3.3750874996185302734 3.3565847873687744141 3.3462152481079101563 3.3491203784942626953 3.3548259735107421875 3.3595597743988037109 3.3688406944274902344 3.3764657974243164063 3.3711817264556884766 3.3593776226043701172 3.3491263389587402344 3.3428218364715576172 3.3406813144683837891 3.3447966575622558594 3.3539988994598388672 3.3598408699035644531 3.3526287078857421875 3.3400926589965820313 3.3223743438720703125 3.2979276180267333984 3.3049838542938232422 3.3589031696319580078 3.4311380386352539063 3.4870913028717041016 3.5106651782989501953 3.5389676094055175781 3.5628144741058349609 3.559520721435546875 3.5547914505004882813 3.5669836997985839844
3.6083867549896240234 3.5827670097351074219 3.5297384262084960938 3.4837882518768310547 3.4630146026611328125 3.4696419239044189453 3.4922916889190673828 3.4770739078521728516 3.4267661571502685547 3.3976798057556152344 3.3924384117126464844 3.3659822940826416016 3.3439052104949951172 3.3313543796539306641 3.3239679336547851563 3.3249583244323730469 3.3324038982391357422 3.3395211696624755859 3.3421099185943603516 3.3414058685302734375 3.3439784049987792969 3.3457028865814208984 3.3516161441802978516 3.3570032119750976563 3.361663818359375 3.3631403446197509766 3.3534102439880371094 3.3461976051330566406 3.3433220386505126953 3.3258311748504638672 3.3110795021057128906 3.328197479248046875 3.3625466823577880859 3.3900570869445800781 3.4130141735076904297 3.4846012592315673828 3.55216217041015625 3.5603630542755126953 3.5600442886352539063 3.5728924274444580078
3.5914080142974853516 3.5592584609985351563 3.5057301521301269531 3.4660084247589111328 3.4529852867126464844 3.4626314640045166016 3.4874176979064941406 3.4974319934844970703 3.4823260307312011719 3.4719362258911132813 3.4742968082427978516 3.4696664810180664063 3.4630608558654785156 3.4460940361022949219 3.4189088344573974609 3.3951137065887451172 3.3764560222625732422 3.3613424301147460938 3.3521807193756103516 3.3442089557647705078 3.3413484096527099609 3.3387410640716552734 3.3383786678314208984 3.3398194313049316406 3.3416423797607421875 3.3423850536346435547 3.3371708393096923828 3.3279125690460205078 3.3288550376892089844 3.3421268463134765625 3.3462591171264648438 3.3311502933502197266 3.3136868476867675781 3.3081018924713134766 3.3307032585144042969 3.4267354011535644531 3.54294586181640625 3.5650632381439208984 3.5497076511383056641 3.5656094551086425781
3.5799915790557861328 3.55681610107421875 3.5109345912933349609 3.4806540012359619141 3.4614224433898925781 3.4627830982208251953 3.4852488040924072266 3.5042414665222167969 3.5126070976257324219 3.5215380191802978516 3.5326015949249267578 3.5546734333038330078 3.5679111480712890625 3.5613086223602294922 3.5468821525573730469 3.533184051513671875 3.5161783695220947266 3.501926422119140625 3.4817588329315185547 3.4678969383239746094 3.4534542560577392578 3.4393992424011230469 3.4293248653411865234 3.4242579936981201172 3.4169421195983886719 3.4074177742004394531 3.4049112796783447266 3.4033310413360595703 3.3884565830230712891 3.3762423992156982422 3.3875219821929931641 3.3933596611022949219 3.3594045639038085938 3.3015704154968261719 3.2909924983978271484 3.3969430923461914063 3.5317900180816650391 3.5684542655944824219 3.5498592853546142578 3.5554723739624023438
3.6072828769683837891 3.6063609123229980469 3.5856451988220214844 3.5600450038909912109 3.5354256629943847656 3.5268857479095458984 3.538936614990234375 3.5589199066162109375 3.5769655704498291016 3.5911955833435058594 3.6009588241577148438 3.6072187423706054688 3.6116988658905029297 3.6082091331481933594 3.6037313938140869141 3.5943634510040283203 3.5917584896087646484 3.5812885761260986328 3.5642561912536621094 3.5436069965362548828 3.5240068435668945313 3.5087254047393798828 3.4871129989624023438 3.4598236083984375 3.4332449436187744141 3.4178144931793212891 3.4159209728240966797 3.4187109470367431641 3.4128348827362060547 3.4029898643493652344 3.4060492515563964844 3.4096784591674804688 3.3743076324462890625 3.3042569160461425781 3.2844202518463134766 3.3988769054412841797 3.539226531982421875 3.5722916126251220703 3.5542509555816650391 3.5555994510650634766
3.6316964626312255859 3.6338300704956054688 3.6242113113403320313 3.6023592948913574219 3.5752747058868408203 3.5654153823852539063 3.5643434524536132813 3.5680711269378662109 3.5642864704132080078 3.5681557655334472656 3.56676483154296875 3.5836293697357177734 3.5912313461303710938 3.6109871864318847656 3.6081850528717041016 3.61310577392578125 3.6299142837524414063 3.6469027996063232422 3.6516830921173095703 3.6452622413635253906 3.6484775543212890625 3.6662111282348632813 3.6613838672637939453 3.6087517738342285156 3.5311229228973388672 3.470096588134765625 3.4362230300903320313 3.4211812019348144531 3.4121141433715820313 3.4098381996154785156 3.4191069602966308594 3.4166524410247802734 3.3657057285308837891 3.2864463329315185547 3.2879996299743652344 3.4243397712707519531 3.5576031208038330078 3.5895612239837646484 3.5652632713317871094 3.5482048988342285156
3.6341042518615722656 3.6223125457763671875 3.5989358425140380859 3.5689237117767333984 3.5341329574584960938 3.5146331787109375 3.5094058513641357422 3.5218024253845214844 3.5224561691284179688 3.5451886653900146484 3.5699479579925537109 3.5919933319091796875 3.6106770038604736328 3.6181797981262207031 3.6170630455017089844 3.6280951499938964844 3.6556558609008789063 3.6824917793273925781 3.6818718910217285156 3.6574170589447021484 3.6502878665924072266 3.6868386268615722656 3.7106974124908447266 3.661258697509765625 3.5659646987915039063 3.4848287105560302734 3.436367034912109375 3.4109482765197753906 3.4041304588317871094 3.4163112640380859375 3.4311747550964355469 3.4131212234497070313 3.3423097133636474609 3.2703897953033447266 3.3125793933868408203 3.46736907958984375 3.5799612998962402344 3.5974664688110351563 3.5758204460144042969 3.5571677684783935547
3.6251430511474609375 3.6132907867431640625 3.5845794677734375 3.5562534332275390625 3.5355675220489501953 3.5285122394561767578 3.5272877216339111328 3.5186207294464111328 3.5323674678802490234 3.5583271980285644531 3.5911657810211181641 3.6204597949981689453 3.6320066452026367188 3.6515150070190429688 3.6811270713806152344 3.698314666748046875 3.7175352573394775391 3.7457940578460693359 3.7376523017883300781 3.6994924545288085938 3.6982131004333496094 3.7374110221862792969 3.7229292392730712891 3.6191189289093017578 3.5030992031097412109 3.4372735023498535156 3.4149434566497802734 3.4149420261383056641 3.4204466342926025391 3.415065765380859375 3.3892292976379394531 3.3399863243103027344 3.2850830554962158203 3.2846906185150146484 3.3868963718414306641 3.5370543003082275391 3.6099462509155273438 3.6089234352111816406 3.5830702781677246094 3.5602905750274658203
3.6302535533905029297 3.6279768943786621094 3.6034040451049804688 3.5763878822326660156 3.5569636821746826172 3.5464305877685546875 3.5483448505401611328 3.5378599166870117188 3.5433418750762939453 3.5729162693023681641 3.6104886531829833984 3.6324906349182128906 3.6494612693786621094 3.6571412086486816406 3.6835381984710693359 3.7017617225646972656 3.7266297340393066406 3.7693648338317871094 3.7628967761993408203 3.7217326164245605469 3.7493112087249755859 3.7716197967529296875 3.6793208122253417969 3.5258109569549560547 3.4509537220001220703 3.4355945587158203125 3.4191634654998779297 3.3935792446136474609 3.3668563365936279297 3.3475747108459472656 3.3326010704040527344 3.31783294677734375 3.3260390758514404297 3.3891618251800537109 3.5021197795867919922 3.6076767444610595703 3.6270086765289306641 3.6145157814025878906 3.6186766624450683594 3.6012930870056152344
3.5388808250427246094 3.5672800540924072266 3.5751233100891113281 3.573940277099609375 3.5589985847473144531 3.5527539253234863281 3.542163848876953125 3.5322220325469970703 3.551891326904296875 3.59095001220703125 3.6256508827209472656 3.6508436203002929688 3.6710538864135742188 3.6659758090972900391 3.6904468536376953125 3.7164082527160644531 3.7450585365295410156 3.7852663993835449219 3.7763638496398925781 3.7578928470611572266 3.7937884330749511719 3.7721016407012939453 3.6330668926239013672 3.5503125190734863281 3.5861487388610839844 3.6248090267181396484 3.6203012466430664063 3.5829806327819824219 3.5256376266479492188 3.4819405078887939453 3.4622087478637695313 3.4503765106201171875 3.4575240612030029297 3.5131180286407470703 3.5983533859252929688 3.6400458812713623047 3.6248803138732910156 3.625583648681640625 3.6573789119720458984 3.6656401157379150391
3.4368619918823242188 3.4613428115844726563 3.4817495346069335938 3.5018200874328613281 3.5158350467681884766 3.5244157314300537109 3.5222387313842773438 3.5231950283050537109 3.5654954910278320313 3.6076028347015380859 3.637908935546875 3.6760959625244140625 3.6847541332244873047 3.6935050487518310547 3.7292616367340087891 3.7662596702575683594 3.7875461578369140625 3.8142998218536376953 3.7906754016876220703 3.7905454635620117188 3.8128170967102050781 3.7513597011566162109 3.6195778846740722656 3.6531817913055419922 3.7245972156524658203 3.7420957088470458984 3.7289438247680664063 3.7055504322052001953 3.686492919921875 3.6719756126403808594 3.6503272056579589844 3.6204361915588378906 3.6152431964874267578 3.6512131690979003906 3.6720907688140869141 3.6380281448364257813 3.6035666465759277344 3.6326849460601806641 3.7127399444580078125 3.7740130424499511719
3.3978350162506103516 3.4077286720275878906 3.4207592010498046875 3.4443070888519287109 3.4777910709381103516 3.4978160858154296875 3.5036725997924804688 3.5341081619262695313 3.5825667381286621094 3.6205668449401855469 3.6655569076538085938 3.6864018440246582031 3.7059061527252197266 3.7254908084869384766 3.7512388229370117188 3.7704007625579833984 3.7993147373199462891 3.8111670017242431641 3.8002274036407470703 3.8174860477447509766 3.8179080486297607422 3.7158148288726806641 3.6556732654571533203 3.724567413330078125 3.7395370006561279297 3.7343947887420654297 3.7158765792846679688 3.6862668991088867188 3.6753048896789550781 3.6758718490600585938 3.6663520336151123047 3.6642124652862548828 3.6826596260070800781 3.6898868083953857422 3.6624011993408203125 3.6301395893096923828 3.6386282444000244141 3.7061908245086669922 3.7891674041748046875 3.8264312744140625
3.3907582759857177734 3.3887646198272705078 3.3950903415679931641 3.4215240478515625 3.4556610584259033203 3.4777495861053466797 3.5027484893798828125 3.54846954345703125 3.5985074043273925781 3.6418304443359375 3.6760141849517822266 3.69899749755859375 3.7230615615844726563 3.7453293800354003906 3.7545378208160400391 3.7826859951019287109 3.8204023838043212891 3.8189008235931396484 3.8180246353149414063 3.8214852809906005859 3.7852666378021240234 3.6872067451477050781 3.7444310188293457031 3.7691867351531982422 3.7796447277069091797 3.7940084934234619141 3.7930586338043212891 3.759258270263671875 3.7308695316314697266 3.7035932540893554688 3.6968152523040771484 3.72293853759765625 3.7407147884368896484 3.7205550670623779297 3.6956474781036376953 3.7084372043609619141 3.7575271129608154297 3.801532745361328125 3.8036141395568847656 3.7775635719299316406
3.4062442779541015625 3.3968982696533203125 3.3990209102630615234 3.4179363250732421875 3.4461722373962402344 3.4660012722015380859 3.4904868602752685547 3.5551974773406982422 3.5946710109710693359 3.6564340591430664063 3.6815187931060791016 3.7055413722991943359 3.7319278717041015625 3.7481870651245117188 3.7779181003570556641 3.8217754364013671875 3.8422071933746337891 3.8265345096588134766 3.8201961517333984375 3.8257896900177001953 3.7794182300567626953 3.7692258358001708984 3.8204905986785888672 3.809078216552734375 3.8136820793151855469 3.8270213603973388672 3.8334105014801025391 3.8222529888153076172 3.7800426483154296875 3.7352988719940185547 3.7258565425872802734 3.7567415237426757813 3.7737109661102294922 3.7550499439239501953 3.7502000331878662109 3.7783186435699462891 3.7889654636383056641 3.7299275398254394531 3.6502346992492675781 3.6147310733795166016
3.4502303600311279297 3.4245419502258300781 3.4129137992858886719 3.4245254993438720703 3.4323246479034423828 3.4475414752960205078 3.497821807861328125 3.5665352344512939453 3.6233088970184326172 3.667942047119140625 3.6890099048614501953 3.7151322364807128906 3.7356216907501220703 3.7652070522308349609 3.8182740211486816406 3.8505451679229736328 3.8431839942932128906 3.8306243419647216797 3.8340473175048828125 3.8373205661773681641 3.8106775283813476563 3.8389372825622558594 3.8308012485504150391 3.8275501728057861328 3.8428397178649902344 3.8673985004425048828 3.885463714599609375 3.8779010772705078125 3.8417253494262695313 3.8069868087768554688 3.7957427501678466797 3.8049120903015136719 3.8001320362091064453 3.7841370105743408203 3.7826266288757324219 3.7631239891052246094 3.6842274665832519531 3.5963485240936279297 3.5916280746459960938 3.6154248714447021484
3.4779353141784667969 3.4511737823486328125 3.4270780086517333984 3.4210631847381591797 3.426395416259765625 3.4557168483734130859 3.5111668109893798828 3.5757679939270019531 3.6560087203979492188 3.6734414100646972656 3.6937654018402099609 3.7088093757629394531 3.7333924770355224609 3.7795209884643554688 3.8425071239471435547 3.8594343662261962891 3.8511812686920166016 3.8516082763671875 3.8623979091644287109 3.8560070991516113281 3.8448941707611083984 3.82508087158203125 3.8352167606353759766 3.8519999980926513672 3.8874123096466064453 3.9122691154479980469 3.9295980930328369141 3.9213068485260009766 3.8767380714416503906 3.8444578647613525391 3.8311662673950195313 3.8152172565460205078 3.7971475124359130859 3.7894778251647949219 3.7749750614166259766 3.7183394432067871094 3.6390466690063476563 3.6142618656158447266 3.6604351997375488281 3.7068536281585693359
