MapLinkProApp/griddata/temperature/ASCII/cmems_mod_glo_phy-thetao_anfc_0,083deg_P1D-m_1702458667101_109,7.asc
ncols        121
nrows        120
xllcorner    -30.041666666667
yllcorner    40.041666655981
cellsize     0.083333333333
NODATA_value  9.9692099683868690468e+36
[rows 90 to 107 of 120, columns 0 to 39 of 121]
16.819589614868164063 16.8113250732421875 16.778917312622070313 16.838230133056640625 16.92510223388671875 17.003313064575195313 17.093317031860351563 17.289279937744140625 17.340015411376953125 17.182401657104492188 16.847148895263671875 16.589258193969726563 16.443508148193359375 16.381608963012695313 16.444957733154296875 16.5420684814453125 16.38155364990234375 16.281595230102539063 16.30001068115234375 16.429651260375976563 16.067676544189453125 15.800424575805664063 16.010654449462890625 16.300441741943359375 16.160352706909179688 15.830127716064453125 15.55268096923828125 15.378312110900878906 15.359998703002929688 15.349617958068847656 15.620197296142578125 15.849185943603515625 15.871264457702636719 16.086454391479492188 16.102512359619140625 15.73381805419921875 15.644297599792480469 15.921923637390136719 16.093389511108398438 16.158552169799804688
17.197393417358398438 17.167230606079101563 17.178600311279296875 17.175859451293945313 17.252832412719726563 17.345914840698242188 17.374065399169921875 17.364475250244140625 17.117275238037109375 16.799013137817382813 16.545909881591796875 16.446075439453125 16.452367782592773438 16.530059814453125 16.580089569091796875 16.463708877563476563 16.35012054443359375 16.306844711303710938 16.38330078125 16.257755279541015625 15.866552352905273438 15.941729545593261719 16.222330093383789063 16.301439285278320313 16.145999908447265625 15.855185508728027344 15.557378768920898438 15.4173736572265625 15.470653533935546875 15.606564521789550781 15.817783355712890625 15.822002410888671875 15.751542091369628906 15.955311775207519531 15.926489830017089844 15.870015144348144531 16.027767181396484375 16.196552276611328125 16.240894317626953125 16.2723846435546875
17.27452850341796875 17.287000656127929688 17.312435150146484375 17.335460662841796875 17.363887786865234375 17.350770950317382813 17.2567901611328125 17.056840896606445313 16.772884368896484375 16.624050140380859375 16.584558486938476563 16.612384796142578125 16.656751632690429688 16.647085189819335938 16.529005050659179688 16.389284133911132813 16.350749969482421875 16.352718353271484375 16.36115264892578125 15.964544296264648438 15.843039512634277344 16.076425552368164063 16.267486572265625 16.29116058349609375 16.094509124755859375 15.896212577819824219 15.750963211059570313 15.646994590759277344 15.651227951049804688 15.711545944213867188 15.702632904052734375 15.596410751342773438 15.635176658630371094 15.823353767395019531 16.015207290649414063 16.189695358276367188 16.290536880493164063 16.304636001586914063 16.368709564208984375 16.385877609252929688
17.326108932495117188 17.293636322021484375 17.273771286010742188 17.239507675170898438 17.190988540649414063 17.117765426635742188 17.022699356079101563 16.905691146850585938 16.803270339965820313 16.80477142333984375 16.811107635498046875 16.8137054443359375 16.760232925415039063 16.649763107299804688 16.507844924926757813 16.432849884033203125 16.373636245727539063 16.289714813232421875 16.058406829833984375 15.840434074401855469 15.917724609375 16.018161773681640625 16.165506362915039063 16.219203948974609375 16.063747406005859375 15.890125274658203125 15.757131576538085938 15.661332130432128906 15.588117599487304688 15.540141105651855469 15.517653465270996094 15.588864326477050781 15.821283340454101563 16.09024810791015625 16.270765304565429688 16.328660964965820313 16.37970733642578125 16.454717636108398438 16.512737274169921875 16.451686859130859375
17.406709671020507813 17.368902206420898438 17.321491241455078125 17.277002334594726563 17.213567733764648438 17.149112701416015625 17.08917236328125 17.030536651611328125 16.999332427978515625 16.99536895751953125 16.9608612060546875 16.898288726806640625 16.77291107177734375 16.625692367553710938 16.4881591796875 16.36449432373046875 16.109838485717773438 15.881513595581054688 15.820194244384765625 15.876770973205566406 15.918544769287109375 15.911026954650878906 16.0261688232421875 16.124925613403320313 16.070873260498046875 15.950381278991699219 15.802084922790527344 15.662305831909179688 15.562038421630859375 15.545501708984375 15.66541290283203125 15.901609420776367188 16.133275985717773438 16.253225326538085938 16.303991317749023438 16.411783218383789063 16.45053863525390625 16.597532272338867188 16.645975112915039063 16.498361587524414063
17.379472732543945313 17.365718841552734375 17.34405517578125 17.309144973754882813 17.2631988525390625 17.209951400756835938 17.15277099609375 17.099203109741210938 17.057262420654296875 16.9918060302734375 16.892210006713867188 16.756269454956054688 16.595088958740234375 16.489414215087890625 16.451471328735351563 16.185983657836914063 15.787886619567871094 15.760769844055175781 15.82689666748046875 15.869415283203125 15.886115074157714844 15.881794929504394531 15.915384292602539063 15.998088836669921875 16.028919219970703125 16.006732940673828125 15.935113906860351563 15.843375205993652344 15.765265464782714844 15.783968925476074219 15.944246292114257813 16.121511459350585938 16.21610260009765625 16.270460128784179688 16.408464431762695313 16.455545425415039063 16.490320205688476563 16.736288070678710938 16.74509429931640625 16.64630126953125
17.093870162963867188 17.150144577026367188 17.18314361572265625 17.198871612548828125 17.178918838500976563 17.122293472290039063 17.04863739013671875 16.965282440185546875 16.866199493408203125 16.75679779052734375 16.633586883544921875 16.558910369873046875 16.537488937377929688 16.639118194580078125 16.54991912841796875 16.071559906005859375 15.672277450561523438 15.769132614135742188 15.80756378173828125 15.775767326354980469 15.831061363220214844 15.875043869018554688 15.912682533264160156 15.969038009643554688 15.990818977355957031 16.004590988159179688 16.001277923583984375 16.00162506103515625 16.020845413208007813 16.07215118408203125 16.185594558715820313 16.23744964599609375 16.302194595336914063 16.455163955688476563 16.644840240478515625 16.571763992309570313 16.57329559326171875 16.629583358764648438 16.742733001708984375 16.80107879638671875
16.77173614501953125 16.775209426879882813 16.764375686645507813 16.832117080688476563 16.904150009155273438 16.932058334350585938 16.866334915161132813 16.775377273559570313 16.693572998046875 16.625497817993164063 16.566463470458984375 16.543918609619140625 16.574848175048828125 16.632497787475585938 16.391078948974609375 15.8824920654296875 15.589969635009765625 15.679839134216308594 15.690945625305175781 15.658735275268554688 15.721311569213867188 15.804949760437011719 15.873578071594238281 15.989016532897949219 16.054931640625 16.057292938232421875 16.062948226928710938 16.082059860229492188 16.141138076782226563 16.219945907592773438 16.354318618774414063 16.416486740112304688 16.449167251586914063 16.658365249633789063 16.904499053955078125 16.882061004638671875 16.7530517578125 16.604356765747070313 16.495983123779296875 16.58490753173828125
16.639617919921875 16.62477874755859375 16.470769882202148438 16.413181304931640625 16.457670211791992188 16.566686630249023438 16.59981536865234375 16.592042922973632813 16.564710617065429688 16.4923095703125 16.42400360107421875 16.369293212890625 16.318834304809570313 16.270429611206054688 16.0264129638671875 15.689243316650390625 15.606836318969726563 15.665506362915039063 15.671838760375976563 15.677392005920410156 15.730631828308105469 15.848298072814941406 15.892545700073242188 15.953958511352539063 16.036197662353515625 16.070911407470703125 16.091587066650390625 16.096181869506835938 16.18175506591796875 16.33124542236328125 16.509075164794921875 16.6234283447265625 16.693872451782226563 16.841571807861328125 16.983537673950195313 16.981260299682617188 16.917156219482421875 16.821949005126953125 16.684337615966796875 16.530893325805664063
16.255483627319335938 16.285734176635742188 16.160470962524414063 16.077770233154296875 16.0955657958984375 16.189317703247070313 16.272069931030273438 16.277906417846679688 16.223211288452148438 16.125741958618164063 16.049291610717773438 15.973894119262695313 15.859900474548339844 15.7850189208984375 15.650770187377929688 15.575602531433105469 15.597516059875488281 15.674123764038085938 15.768093109130859375 15.863437652587890625 15.896790504455566406 15.954076766967773438 15.989523887634277344 16.02455902099609375 16.070726394653320313 16.05478668212890625 16.034521102905273438 16.024515151977539063 16.055011749267578125 16.159021377563476563 16.36170196533203125 16.612152099609375 16.795375823974609375 16.942335128784179688 16.941753387451171875 16.820409774780273438 16.890148162841796875 17.032163619995117188 16.977594375610351563 16.854406356811523438
16.077594757080078125 16.027332305908203125 16.013387680053710938 16.016979217529296875 16.023563385009765625 16.028278350830078125 16.005895614624023438 15.96692657470703125 15.953856468200683594 15.951748847961425781 15.962911605834960938 15.930182456970214844 15.8925628662109375 15.857090950012207031 15.784861564636230469 15.703501701354980469 15.663895606994628906 15.682824134826660156 15.740117073059082031 15.855234146118164063 15.918229103088378906 16.013271331787109375 16.067173004150390625 16.10616302490234375 16.192609786987304688 16.172472000122070313 16.116071701049804688 16.01667022705078125 16.016246795654296875 15.999575614929199219 16.06771087646484375 16.18256378173828125 16.348035812377929688 16.531890869140625 16.6160736083984375 16.605073928833007813 16.79607391357421875 17.089124679565429688 17.136905670166015625 16.978910446166992188
16.189756393432617188 16.108816146850585938 16.10907745361328125 16.131196975708007813 16.137617111206054688 16.083715438842773438 16.042278289794921875 15.989790916442871094 15.99225616455078125 16.03528594970703125 16.059900283813476563 16.075639724731445313 16.036169052124023438 15.975233078002929688 15.929705619812011719 15.884299278259277344 15.852463722229003906 15.858859062194824219 15.883014678955078125 15.9444580078125 15.951161384582519531 16.076557159423828125 16.160444259643554688 16.218935012817382813 16.3433685302734375 16.354413986206054688 16.298688888549804688 16.209623336791992188 16.111537933349609375 16.052534103393554688 16.035366058349609375 16.0769500732421875 16.188297271728515625 16.354997634887695313 16.517461776733398438 16.588609695434570313 16.698419570922851563 16.890306472778320313 16.964124679565429688 16.82556915283203125
16.405055999755859375 16.351964950561523438 16.365932464599609375 16.378131866455078125 16.348573684692382813 16.292201995849609375 16.229251861572265625 16.156982421875 16.1441192626953125 16.158540725708007813 16.145404815673828125 16.164667129516601563 16.1036224365234375 16.074453353881835938 16.050579071044921875 16.046316146850585938 16.074022293090820313 16.093349456787109375 16.116003036499023438 16.122888565063476563 16.072179794311523438 16.115724563598632813 16.171916961669921875 16.19489288330078125 16.295686721801757813 16.36501312255859375 16.368043899536132813 16.352827072143554688 16.318634033203125 16.244220733642578125 16.148012161254882813 16.124233245849609375 16.191127777099609375 16.322813034057617188 16.40967559814453125 16.4697113037109375 16.538022994995117188 16.635265350341796875 16.645689010620117188 16.683614730834960938
16.463024139404296875 16.39218902587890625 16.334712982177734375 16.304546356201171875 16.280429840087890625 16.275766372680664063 16.295007705688476563 16.285625457763671875 16.291795730590820313 16.261432647705078125 16.248592376708984375 16.285503387451171875 16.287912368774414063 16.304307937622070313 16.295278549194335938 16.2987823486328125 16.30352783203125 16.264516830444335938 16.274320602416992188 16.294656753540039063 16.327142715454101563 16.3106536865234375 16.265550613403320313 16.23160552978515625 16.251293182373046875 16.289369583129882813 16.309122085571289063 16.281064987182617188 16.350826263427734375 16.391485214233398438 16.370319366455078125 16.379932403564453125 16.418848037719726563 16.52442169189453125 16.574184417724609375 16.573574066162109375 16.614393234252929688 16.646078109741210938 16.700002670288085938 16.743577957153320313
16.266143798828125 16.226345062255859375 16.15781402587890625 16.160762786865234375 16.1939697265625 16.257419586181640625 16.313821792602539063 16.319675445556640625 16.279066085815429688 16.218114852905273438 16.21558380126953125 16.207485198974609375 16.239480972290039063 16.288354873657226563 16.337535858154296875 16.37042236328125 16.258279800415039063 16.056371688842773438 15.854839324951171875 15.820817947387695313 15.9106597900390625 16.16461181640625 16.341869354248046875 16.396574020385742188 16.460924148559570313 16.400922775268554688 16.341077804565429688 16.351949691772460938 16.36083221435546875 16.451267242431640625 16.555372238159179688 16.519016265869140625 16.57581329345703125 16.67003631591796875 16.626710891723632813 16.597988128662109375 16.593786239624023438 16.598115921020507813 16.625598907470703125 16.644998550415039063
16.25048065185546875 16.2365570068359375 16.255411148071289063 16.3246612548828125 16.352025985717773438 16.358591079711914063 16.313802719116210938 16.193071365356445313 16.07537841796875 16.024202346801757813 16.07222747802734375 16.181188583374023438 16.433057785034179688 16.808496475219726563 17.101469039916992188 17.148363113403320313 16.8443450927734375 16.32260894775390625 15.823628425598144531 15.558321952819824219 15.460065841674804688 15.563269615173339844 15.847144126892089844 16.287614822387695313 16.648777008056640625 16.666215896606445313 16.463748931884765625 16.36395263671875 16.50209808349609375 16.70034027099609375 16.657320022583007813 16.572488784790039063 16.716129302978515625 16.825078964233398438 16.786376953125 16.718465805053710938 16.637414932250976563 16.634517669677734375 16.689279556274414063 16.744768142700195313
16.4267425537109375 16.493803024291992188 16.538051605224609375 16.554346084594726563 16.48653411865234375 16.357393264770507813 16.20438385009765625 16.111169815063476563 16.113849639892578125 16.1834716796875 16.3922119140625 16.791448593139648438 17.360139846801757813 17.843503952026367188 17.971624374389648438 17.804615020751953125 17.224683761596679688 16.33040618896484375 15.674837112426757813 15.331732749938964844 15.268055915832519531 15.394909858703613281 15.513677597045898438 15.687745094299316406 16.182651519775390625 16.665496826171875 16.659608840942382813 16.491708755493164063 16.746517181396484375 16.993869781494140625 16.801404953002929688 16.78127288818359375 16.980562210083007813 17.071485519409179688 16.977979660034179688 16.788003921508789063 16.603166580200195313 16.519887924194335938 16.602579116821289063 16.787708282470703125
16.395084381103515625 16.365810394287109375 16.473598480224609375 16.563673019409179688 16.555278778076171875 16.466829299926757813 16.282405853271484375 16.109172821044921875 16.059560775756835938 16.268743515014648438 16.687765121459960938 17.244556427001953125 17.789304733276367188 17.9785919189453125 17.829998016357421875 17.644880294799804688 16.988618850708007813 16.087377548217773438 15.491530418395996094 15.223430633544921875 15.390461921691894531 15.701453208923339844 15.817637443542480469 15.688719749450683594 15.944608688354492188 16.51729583740234375 16.61179351806640625 16.6460113525390625 16.922512054443359375 17.053134918212890625 16.84564208984375 16.93891143798828125 17.182773590087890625 17.190233230590820313 16.926568984985351563 16.617603302001953125 16.392795562744140625 16.322893142700195313 16.362451553344726563 16.503480911254882813
