MapLinkProApp/griddata/temperature/ASCII/cmems_mod_glo_phy-thetao_anfc_0,083deg_P1D-m_1702458667101_21,6.asc
ncols        121
nrows        120
xllcorner    -30.041666666667
yllcorner    40.041666655981
cellsize     0.083333333333
NODATA_value  9.9692099683868690468e+36
[rows 18 to 35 of 120, columns 0 to 39 of 121]
13.996977806091308594 13.867498397827148438 13.721547126770019531 13.583787918090820313 13.581363677978515625 13.783774375915527344 13.966615676879882813 13.846561431884765625 13.47905731201171875 13.094777107238769531 12.819803237915039063 12.665477752685546875 12.607201576232910156 12.60150146484375 12.610330581665039063 12.627695083618164063 12.63396453857421875 12.605017662048339844 12.630633354187011719 12.746496200561523438 12.964011192321777344 13.169856071472167969 13.341830253601074219 13.376056671142578125 13.33737945556640625 13.285439491271972656 13.17697906494140625 13.174845695495605469 12.952844619750976563 12.521925926208496094 12.27605438232421875 12.262945175170898438 12.336737632751464844 12.410196304321289063 12.375530242919921875 12.254678726196289063 12.157725334167480469 12.092985153198242188 12.168015480041503906 12.365155220031738281
13.998395919799804688 13.83242034912109375 13.688455581665039063 13.614818572998046875 13.662116050720214844 13.849923133850097656 14.034755706787109375 13.996744155883789063 13.688579559326171875 13.288571357727050781 12.965428352355957031 12.754064559936523438 12.632482528686523438 12.5909271240234375 12.603301048278808594 12.605570793151855469 12.59490966796875 12.681569099426269531 12.894317626953125 13.145183563232421875 13.405316352844238281 13.594449996948242188 13.704266548156738281 13.655228614807128906 13.529156684875488281 13.43314361572265625 13.321863174438476563 13.22220611572265625 13.21303558349609375 12.991350173950195313 12.5821380615234375 12.288209915161132813 12.216442108154296875 12.268885612487792969 12.2971343994140625 12.258970260620117188 12.193315505981445313 12.126215934753417969 12.202221870422363281 12.395731925964355469
13.92340087890625 13.758602142333984375 13.672918319702148438 13.682971954345703125 13.779489517211914063 13.944792747497558594 14.094224929809570313 14.060817718505859375 13.779887199401855469 13.380780220031738281 13.027405738830566406 12.780940055847167969 12.639191627502441406 12.588006973266601563 12.590945243835449219 12.632106781005859375 12.753432273864746094 12.998243331909179688 13.300994873046875 13.585269927978515625 13.818942070007324219 13.956263542175292969 13.976289749145507813 13.842514991760253906 13.66497039794921875 13.530787467956542969 13.431936264038085938 13.3211517333984375 13.242899894714355469 13.185821533203125 13.007637977600097656 12.718600273132324219 12.441537857055664063 12.283427238464355469 12.24507904052734375 12.226848602294921875 12.183989524841308594 12.153939247131347656 12.24102783203125 12.397551536560058594
13.792692184448242188 13.735306739807128906 13.783892631530761719 13.876614570617675781 13.983612060546875 14.088644027709960938 14.151044845581054688 14.077586174011230469 13.7820892333984375 13.362799644470214844 12.980303764343261719 12.715244293212890625 12.601972579956054688 12.615124702453613281 12.668242454528808594 12.76953887939453125 13.044298171997070313 13.457137107849121094 13.801594734191894531 14.044473648071289063 14.197210311889648438 14.244482994079589844 14.155951499938964844 13.984250068664550781 13.770592689514160156 13.647497177124023438 13.560108184814453125 13.478746414184570313 13.356931686401367188 13.224724769592285156 13.128882408142089844 13.019359588623046875 12.826467514038085938 12.5659332275390625 12.363588333129882813 12.257787704467773438 12.18961334228515625 12.189512252807617188 12.273797035217285156 12.35805511474609375
13.836844444274902344 13.899935722351074219 13.991609573364257813 14.062772750854492188 14.1177825927734375 14.162761688232421875 14.1670989990234375 14.02215576171875 13.671650886535644531 13.234649658203125 12.859782218933105469 12.649431228637695313 12.611617088317871094 12.635990142822265625 12.711911201477050781 12.98413848876953125 13.467295646667480469 13.85092926025390625 14.094821929931640625 14.22966766357421875 14.311869621276855469 14.321232795715332031 14.214930534362792969 14.04693603515625 13.8310089111328125 13.716675758361816406 13.651654243469238281 13.594967842102050781 13.522411346435546875 13.384879112243652344 13.228451728820800781 13.083606719970703125 12.933256149291992188 12.7545623779296875 12.532552719116210938 12.359960556030273438 12.249163627624511719 12.226378440856933594 12.282803535461425781 12.329030036926269531
14.042378425598144531 14.082227706909179688 14.09630584716796875 14.105744361877441406 14.139483451843261719 14.171384811401367188 14.110838890075683594 13.904628753662109375 13.521021842956542969 13.072849273681640625 12.740832328796386719 12.612148284912109375 12.631974220275878906 12.757925987243652344 13.117616653442382813 13.633275032043457031 13.988538742065429688 14.186629295349121094 14.304096221923828125 14.361905097961425781 14.412555694580078125 14.425219535827636719 14.36162567138671875 14.1967620849609375 13.953625679016113281 13.763873100280761719 13.699681282043457031 13.656643867492675781 13.63286590576171875 13.571331977844238281 13.461304664611816406 13.348297119140625 13.084155082702636719 12.831122398376464844 12.649220466613769531 12.488076210021972656 12.353219985961914063 12.280834197998046875 12.275893211364746094 12.292093276977539063
14.118485450744628906 14.098659515380859375 14.068864822387695313 14.043041229248046875 14.065744400024414063 14.140033721923828125 14.096673011779785156 13.83380126953125 13.414507865905761719 12.989077568054199219 12.74419403076171875 12.719142913818359375 12.861216545104980469 13.269033432006835938 13.829018592834472656 14.13065338134765625 14.27976226806640625 14.3584136962890625 14.382906913757324219 14.391466140747070313 14.416264533996582031 14.428530693054199219 14.421517372131347656 14.3376922607421875 14.1096954345703125 13.849102973937988281 13.731621742248535156 13.690604209899902344 13.673528671264648438 13.692845344543457031 13.644975662231445313 13.609194755554199219 13.450484275817871094 13.060535430908203125 12.712156295776367188 12.517373085021972656 12.39745330810546875 12.307888031005859375 12.256221771240234375 12.253766059875488281
14.064563751220703125 14.026654243469238281 13.993346214294433594 13.971050262451171875 13.984539985656738281 14.061842918395996094 14.079802513122558594 13.874926567077636719 13.486423492431640625 13.133611679077148438 12.981298446655273438 13.115940093994140625 13.546088218688964844 14.019045829772949219 14.255286216735839844 14.337718963623046875 14.371071815490722656 14.389459609985351563 14.409139633178710938 14.438227653503417969 14.458640098571777344 14.442625999450683594 14.405248641967773438 14.384382247924804688 14.195891380310058594 13.922102928161621094 13.774164199829101563 13.740477561950683594 13.7536468505859375 13.810200691223144531 13.828287124633789063 13.788418769836425781 13.782535552978515625 13.578115463256835938 13.109048843383789063 12.700536727905273438 12.46063232421875 12.3411865234375 12.270539283752441406 12.246619224548339844
13.883948326110839844 13.875213623046875 13.936034202575683594 14.026759147644042969 14.071676254272460938 14.088870048522949219 14.087773323059082031 13.933947563171386719 13.627360343933105469 13.390592575073242188 13.488145828247070313 13.899100303649902344 14.254012107849121094 14.360561370849609375 14.364622116088867188 14.367945671081542969 14.419519424438476563 14.498263359069824219 14.577860832214355469 14.645589828491210938 14.665857315063476563 14.6255645751953125 14.527457237243652344 14.482326507568359375 14.269284248352050781 14.000791549682617188 13.842101097106933594 13.813885688781738281 13.836886405944824219 13.832425117492675781 13.822978973388671875 13.779897689819335938 13.8013763427734375 13.823941230773925781 13.539762496948242188 13.054592132568359375 12.653403282165527344 12.4326629638671875 12.305013656616210938 12.276129722595214844
13.638819694519042969 13.694794654846191406 13.817090034484863281 13.887493133544921875 13.906773567199707031 13.909526824951171875 13.84963226318359375 13.718680381774902344 13.598508834838867188 13.719948768615722656 14.033905982971191406 14.248882293701171875 14.333308219909667969 14.313138008117675781 14.337256431579589844 14.412789344787597656 14.514065742492675781 14.628110885620117188 14.734650611877441406 14.826784133911132813 14.860348701477050781 14.824786186218261719 14.733325004577636719 14.620833396911621094 14.444711685180664063 14.117483139038085938 13.946924209594726563 13.891328811645507813 13.8621978759765625 13.742394447326660156 13.697071075439453125 13.720753669738769531 13.759840011596679688 13.843470573425292969 13.724277496337890625 13.337138175964355469 12.875307083129882813 12.591565132141113281 12.411007881164550781 12.384398460388183594
13.519589424133300781 13.610030174255371094 13.698598861694335938 13.749396324157714844 13.786523818969726563 13.837774276733398438 13.90700531005859375 13.988778114318847656 14.094428062438964844 14.231926918029785156 14.320868492126464844 14.313676834106445313 14.296969413757324219 14.296034812927246094 14.325063705444335938 14.384009361267089844 14.493968963623046875 14.625905990600585938 14.764690399169921875 14.870955467224121094 14.913913726806640625 14.889291763305664063 14.824131011962890625 14.732824325561523438 14.602220535278320313 14.3423614501953125 14.119833946228027344 14.024472236633300781 13.911908149719238281 13.710577011108398438 13.629512786865234375 13.808754920959472656 13.88970184326171875 13.938940048217773438 13.880763053894042969 13.612612724304199219 13.184236526489257813 12.859623908996582031 12.622208595275878906 12.617101669311523438
13.719228744506835938 13.855092048645019531 13.945183753967285156 14.011326789855957031 14.062511444091796875 14.119708061218261719 14.181902885437011719 14.246487617492675781 14.302997589111328125 14.316853523254394531 14.276728630065917969 14.220376968383789063 14.192739486694335938 14.203299522399902344 14.241904258728027344 14.319334983825683594 14.417082786560058594 14.52890777587890625 14.6619720458984375 14.785076141357421875 14.858930587768554688 14.846636772155761719 14.781840324401855469 14.706686019897460938 14.613894462585449219 14.479341506958007813 14.275084495544433594 14.169702529907226563 14.005084991455078125 13.752690315246582031 13.647634506225585938 13.858971595764160156 14.072205543518066406 14.094168663024902344 14.022076606750488281 13.768034934997558594 13.38440704345703125 13.049021720886230469 12.847185134887695313 12.835690498352050781
13.956607818603515625 14.022400856018066406 14.05496978759765625 14.087222099304199219 14.127400398254394531 14.180975914001464844 14.2421417236328125 14.272211074829101563 14.243310928344726563 14.170279502868652344 14.091174125671386719 14.041657447814941406 14.028719902038574219 14.048647880554199219 14.118572235107421875 14.237438201904296875 14.350908279418945313 14.441740036010742188 14.529928207397460938 14.641094207763671875 14.746400833129882813 14.799414634704589844 14.7720794677734375 14.696936607360839844 14.587351799011230469 14.483335494995117188 14.366894721984863281 14.288578987121582031 14.139554977416992188 13.837893486022949219 13.67519378662109375 13.781656265258789063 14.040464401245117188 14.116551399230957031 14.050595283508300781 13.808685302734375 13.472917556762695313 13.179978370666503906 13.031622886657714844 12.969858169555664063
14.035711288452148438 14.001429557800292969 13.967138290405273438 13.961234092712402344 13.986103057861328125 14.028211593627929688 14.031760215759277344 13.973311424255371094 13.882129669189453125 13.8000030517578125 13.753006935119628906 13.735645294189453125 13.751563072204589844 13.811831474304199219 13.923883438110351563 14.072218894958496094 14.2271881103515625 14.333932876586914063 14.391336441040039063 14.447237968444824219 14.545925140380859375 14.654353141784667969 14.720776557922363281 14.717503547668457031 14.652391433715820313 14.539821624755859375 14.428246498107910156 14.334486007690429688 14.210507392883300781 13.949295997619628906 13.728396415710449219 13.681196212768554688 13.756194114685058594 13.839550018310546875 13.787281990051269531 13.623078346252441406 13.388144493103027344 13.207170486450195313 13.173554420471191406 13.134047508239746094
13.975368499755859375 13.887609481811523438 13.82076263427734375 13.79077911376953125 13.796240806579589844 13.784955978393554688 13.726719856262207031 13.64464569091796875 13.575985908508300781 13.539431571960449219 13.527802467346191406 13.534532546997070313 13.563107490539550781 13.621962547302246094 13.725275039672851563 13.877475738525390625 14.062932014465332031 14.227764129638671875 14.318076133728027344 14.350867271423339844 14.391902923583984375 14.479337692260742188 14.585526466369628906 14.662541389465332031 14.678719520568847656 14.627925872802734375 14.522200584411621094 14.410246849060058594 14.269074440002441406 14.052580833435058594 13.825291633605957031 13.687253952026367188 13.64031219482421875 13.635184288024902344 13.591136932373046875 13.502400398254394531 13.394085884094238281 13.310861587524414063 13.367780685424804688 13.387420654296875
13.863512039184570313 13.762076377868652344 13.698823928833007813 13.673196792602539063 13.654301643371582031 13.616176605224609375 13.558959007263183594 13.508365631103515625 13.488493919372558594 13.491851806640625 13.497977256774902344 13.503814697265625 13.5069427490234375 13.513289451599121094 13.540964126586914063 13.608738899230957031 13.739227294921875 13.922774314880371094 14.110230445861816406 14.239605903625488281 14.302134513854980469 14.34668731689453125 14.410777091979980469 14.494429588317871094 14.580275535583496094 14.63443756103515625 14.624178886413574219 14.566769599914550781 14.493703842163085938 14.381678581237792969 14.209992408752441406 14.037006378173828125 13.914938926696777344 13.839300155639648438 13.759003639221191406 13.666454315185546875 13.634440422058105469 13.616886138916015625 13.691209793090820313 13.690393447875976563
13.808859825134277344 13.728473663330078125 13.672925949096679688 13.643064498901367188 13.614603042602539063 13.582460403442382813 13.5552978515625 13.53995513916015625 13.538208961486816406 13.538779258728027344 13.541037559509277344 13.552592277526855469 13.553725242614746094 13.544907569885253906 13.530691146850585938 13.524723052978515625 13.552782058715820313 13.637155532836914063 13.787431716918945313 13.973238945007324219 14.143525123596191406 14.268625259399414063 14.358437538146972656 14.416402816772460938 14.458498001098632813 14.530920982360839844 14.610010147094726563 14.617681503295898438 14.587003707885742188 14.562968254089355469 14.53342437744140625 14.454821586608886719 14.361806869506835938 14.263233184814453125 14.158266067504882813 14.063467025756835938 14.010557174682617188 13.979475975036621094 14.014174461364746094 13.966287612915039063
13.789745330810546875 13.729892730712890625 13.701382637023925781 13.679068565368652344 13.64890289306640625 13.619301795959472656 13.597581863403320313 13.586293220520019531 13.584986686706542969 13.591730117797851563 13.601315498352050781 13.609495162963867188 13.614336967468261719 13.611414909362792969 13.597684860229492188 13.572544097900390625 13.546245574951171875 13.549229621887207031 13.59860992431640625 13.692456245422363281 13.823728561401367188 13.987965583801269531 14.173435211181640625 14.34510040283203125 14.438837051391601563 14.441394805908203125 14.461216926574707031 14.537860870361328125 14.578310966491699219 14.568573951721191406 14.565502166748046875 14.574601173400878906 14.57259368896484375 14.548659324645996094 14.510081291198730469 14.450528144836425781 14.363049507141113281 14.273424148559570313 14.187134742736816406 14.0316925048828125
