MapLinkProApp/griddata/temperature/ASCII/cmems_mod_glo_phy-thetao_anfc_0,083deg_P1D-m_1702458667101_0,5.asc
ncols        121
nrows        120
xllcorner    -30.041666666667
yllcorner    40.041666655981
cellsize     0.083333333333
NODATA_value  9.9692099683868690468e+36
[rows 0 to 17 of 120, columns 80 to 119 of 121]
12.662581443786621094 12.588400840759277344 12.499464988708496094 12.563338279724121094 12.805352210998535156 13.011808395385742188 13.259375572204589844 13.451582908630371094 13.520644187927246094 13.550647735595703125 13.571639060974121094 13.560306549072265625 13.531100273132324219 13.505405426025390625 13.488290786743164063 13.474408149719238281 13.466329574584960938 13.468312263488769531 13.467875480651855469 13.460860252380371094 13.435245513916015625 13.386125564575195313 13.37226104736328125 13.396981239318847656 13.41135406494140625 13.380007743835449219 13.316930770874023438 13.259766578674316406 13.163272857666015625 13.037221908569335938 12.930514335632324219 12.893255233764648438 12.888067245483398438 12.858151435852050781 12.775633811950683594 12.681324958801269531 12.703794479370117188 12.932835578918457031 13.217644691467285156 13.311198234558105469
13.110820770263671875 13.032062530517578125 12.994913101196289063 13.159720420837402344 13.281408309936523438 13.329117774963378906 13.483458518981933594 13.528421401977539063 13.526946067810058594 13.549868583679199219 13.552706718444824219 13.522358894348144531 13.492602348327636719 13.480182647705078125 13.478547096252441406 13.459089279174804688 13.425367355346679688 13.410315513610839844 13.403876304626464844 13.399545669555664063 13.392504692077636719 13.4022674560546875 13.429439544677734375 13.454422950744628906 13.423094749450683594 13.338480949401855469 13.237948417663574219 13.163356781005859375 13.118007659912109375 13.088032722473144531 13.058123588562011719 13.005814552307128906 12.911471366882324219 12.813045501708984375 12.74498748779296875 12.739519119262695313 12.860723495483398438 13.078207969665527344 13.24600982666015625 13.316466331481933594
13.390448570251464844 13.332538604736328125 13.362277030944824219 13.457529067993164063 13.441221237182617188 13.463010787963867188 13.544443130493164063 13.526701927185058594 13.51682281494140625 13.540470123291015625 13.531585693359375 13.503252983093261719 13.48656463623046875 13.478196144104003906 13.470750808715820313 13.449215888977050781 13.421174049377441406 13.40439605712890625 13.390084266662597656 13.383609771728515625 13.424398422241210938 13.441884040832519531 13.418974876403808594 13.374555587768554688 13.332672119140625 13.315325736999511719 13.292153358459472656 13.207487106323242188 13.059182167053222656 12.938206672668457031 12.858743667602539063 12.841341972351074219 12.854108810424804688 12.890542030334472656 12.931537628173828125 12.986593246459960938 13.072941780090332031 13.172084808349609375 13.253101348876953125 13.312572479248046875
13.520009994506835938 13.468624114990234375 13.522868156433105469 13.55615234375 13.504376411437988281 13.547253608703613281 13.552243232727050781 13.506595611572265625 13.500304222106933594 13.516291618347167969 13.497743606567382813 13.482525825500488281 13.480533599853515625 13.46868896484375 13.45438385009765625 13.44901275634765625 13.449151039123535156 13.445944786071777344 13.446789741516113281 13.447904586791992188 13.454142570495605469 13.440990447998046875 13.405817031860351563 13.3459014892578125 13.266107559204101563 13.165062904357910156 13.077999114990234375 13.007110595703125 13.002783775329589844 13.023305892944335938 13.08652496337890625 13.164713859558105469 13.246460914611816406 13.305688858032226563 13.349471092224121094 13.382892608642578125 13.407072067260742188 13.420993804931640625 13.42694854736328125 13.42734527587890625
13.556121826171875 13.495665550231933594 13.56378936767578125 13.586428642272949219 13.532467842102050781 13.570892333984375 13.553273200988769531 13.49576568603515625 13.481914520263671875 13.484133720397949219 13.453623771667480469 13.442437171936035156 13.455387115478515625 13.458599090576171875 13.454860687255859375 13.463820457458496094 13.479043960571289063 13.481581687927246094 13.477166175842285156 13.453084945678710938 13.379618644714355469 13.30034637451171875 13.188108444213867188 13.101551055908203125 13.087521553039550781 13.1071624755859375 13.165493011474609375 13.221509933471679688 13.277173995971679688 13.291213035583496094 13.31562042236328125 13.314989089965820313 13.320471763610839844 13.330822944641113281 13.356036186218261719 13.398690223693847656 13.437928199768066406 13.461161613464355469 13.466449737548828125 13.459453582763671875
13.660205841064453125 13.57586669921875 13.625773429870605469 13.633928298950195313 13.566974639892578125 13.575903892517089844 13.559965133666992188 13.493330001831054688 13.465259552001953125 13.460659980773925781 13.407922744750976563 13.3739471435546875 13.377559661865234375 13.388147354125976563 13.403761863708496094 13.417291641235351563 13.408193588256835938 13.378538131713867188 13.329468727111816406 13.263463973999023438 13.194949150085449219 13.143709182739257813 13.152293205261230469 13.188482284545898438 13.244231224060058594 13.274974822998046875 13.312970161437988281 13.304249763488769531 13.309092521667480469 13.281062126159667969 13.294161796569824219 13.284562110900878906 13.265618324279785156 13.252671241760253906 13.262416839599609375 13.316788673400878906 13.395472526550292969 13.460927963256835938 13.493227958679199219 13.496532440185546875
13.732683181762695313 13.655308723449707031 13.686406135559082031 13.672086715698242188 13.593168258666992188 13.578155517578125 13.571084022521972656 13.498895645141601563 13.44919586181640625 13.446317672729492188 13.392592430114746094 13.329847335815429688 13.304972648620605469 13.303365707397460938 13.317135810852050781 13.31682586669921875 13.281282424926757813 13.236933708190917969 13.192646026611328125 13.171728134155273438 13.202625274658203125 13.264668464660644531 13.313069343566894531 13.324243545532226563 13.294529914855957031 13.243340492248535156 13.218250274658203125 13.188446044921875 13.195549964904785156 13.196280479431152344 13.210824012756347656 13.217827796936035156 13.227199554443359375 13.212894439697265625 13.200593948364257813 13.23114776611328125 13.314937591552734375 13.413531303405761719 13.485739707946777344 13.522036552429199219
13.774573326110839844 13.726874351501464844 13.733175277709960938 13.686697959899902344 13.610065460205078125 13.578172683715820313 13.58438873291015625 13.517140388488769531 13.433306694030761719 13.423388481140136719 13.386275291442871094 13.326265335083007813 13.304840087890625 13.279181480407714844 13.25507354736328125 13.233836174011230469 13.206013679504394531 13.189544677734375 13.194108963012695313 13.230860710144042969 13.281493186950683594 13.308040618896484375 13.291357994079589844 13.222517967224121094 13.155465126037597656 13.122488021850585938 13.1219482421875 13.096325874328613281 13.095242500305175781 13.093743324279785156 13.091642379760742188 13.127299308776855469 13.168649673461914063 13.172559738159179688 13.174123764038085938 13.201224327087402344 13.266336441040039063 13.365393638610839844 13.46234130859375 13.530630111694335938
13.805927276611328125 13.772443771362304688 13.719628334045410156 13.646780967712402344 13.593815803527832031 13.565540313720703125 13.583601951599121094 13.543349266052246094 13.433691978454589844 13.405107498168945313 13.381723403930664063 13.299395561218261719 13.257216453552246094 13.214519500732421875 13.183691024780273438 13.176716804504394531 13.185126304626464844 13.208596229553222656 13.242350578308105469 13.27719879150390625 13.293363571166992188 13.275891304016113281 13.230731964111328125 13.202364921569824219 13.210680961608886719 13.216592788696289063 13.180500984191894531 13.140201568603515625 13.117054939270019531 13.107439994812011719 13.100996017456054688 13.101273536682128906 13.117432594299316406 13.128775596618652344 13.148785591125488281 13.193363189697265625 13.260677337646484375 13.344826698303222656 13.43282318115234375 13.506747245788574219
13.816060066223144531 13.737512588500976563 13.631589889526367188 13.573802947998046875 13.566799163818359375 13.583737373352050781 13.585710525512695313 13.569289207458496094 13.459679603576660156 13.38509368896484375 13.3809814453125 13.291941642761230469 13.228078842163085938 13.1837005615234375 13.158955574035644531 13.165455818176269531 13.189630508422851563 13.221999168395996094 13.25797271728515625 13.283876419067382813 13.288290977478027344 13.268252372741699219 13.241505622863769531 13.230907440185546875 13.229592323303222656 13.213171005249023438 13.184957504272460938 13.149377822875976563 13.106740951538085938 13.109914779663085938 13.117916107177734375 13.126434326171875 13.133042335510253906 13.135747909545898438 13.152683258056640625 13.19945526123046875 13.278223037719726563 13.365950584411621094 13.442678451538085938 13.503690719604492188
13.750334739685058594 13.614287376403808594 13.580075263977050781 13.654137611389160156 13.667570114135742188 13.662946701049804688 13.635417938232421875 13.603110313415527344 13.500370979309082031 13.378205299377441406 13.359622001647949219 13.326509475708007813 13.235030174255371094 13.179751396179199219 13.155034065246582031 13.168597221374511719 13.206516265869140625 13.244354248046875 13.27695465087890625 13.297974586486816406 13.299493789672851563 13.287489891052246094 13.271699905395507813 13.256563186645507813 13.2342681884765625 13.211630821228027344 13.202381134033203125 13.160077095031738281 13.114996910095214844 13.1005096435546875 13.116784095764160156 13.140818595886230469 13.151820182800292969 13.15545654296875 13.173547744750976563 13.227326393127441406 13.315999984741210938 13.41437530517578125 13.499184608459472656 13.556812286376953125
13.632131576538085938 13.628663063049316406 13.710115432739257813 13.734633445739746094 13.733719825744628906 13.708130836486816406 13.659215927124023438 13.603993415832519531 13.502994537353515625 13.380300521850585938 13.331864356994628906 13.35517120361328125 13.29283905029296875 13.205413818359375 13.144181251525878906 13.130687713623046875 13.166855812072753906 13.223727226257324219 13.269741058349609375 13.293209075927734375 13.297408103942871094 13.287845611572265625 13.266138076782226563 13.238254547119140625 13.203695297241210938 13.173605918884277344 13.15985107421875 13.131579399108886719 13.0957183837890625 13.089343070983886719 13.108956336975097656 13.153772354125976563 13.182383537292480469 13.186740875244140625 13.209227561950683594 13.287297248840332031 13.404754638671875 13.51611328125 13.602418899536132813 13.659013748168945313
13.699571609497070313 13.727751731872558594 13.7492218017578125 13.752196311950683594 13.748720169067382813 13.735857009887695313 13.714450836181640625 13.67806243896484375 13.616973876953125 13.524076461791992188 13.423917770385742188 13.337961196899414063 13.29442596435546875 13.271340370178222656 13.234827041625976563 13.184447288513183594 13.144474983215332031 13.129773139953613281 13.137544631958007813 13.154971122741699219 13.168606758117675781 13.169017791748046875 13.152570724487304688 13.125177383422851563 13.099172592163085938 13.08367919921875 13.092741966247558594 13.086084365844726563 13.073009490966796875 13.081103324890136719 13.112386703491210938 13.167779922485351563 13.209692955017089844 13.211009979248046875 13.250301361083984375 13.36107635498046875 13.504354476928710938 13.626461029052734375 13.704798698425292969 13.7431182861328125
13.737592697143554688 13.773345947265625 13.796891212463378906 13.798299789428710938 13.800930023193359375 13.791325569152832031 13.782628059387207031 13.774934768676757813 13.760220527648925781 13.731515884399414063 13.676319122314453125 13.584810256958007813 13.448993682861328125 13.315745353698730469 13.237623214721679688 13.202237129211425781 13.185642242431640625 13.171217918395996094 13.149813652038574219 13.126325607299804688 13.106023788452148438 13.085790634155273438 13.065582275390625 13.048258781433105469 13.033419609069824219 13.032942771911621094 13.048540115356445313 13.045125007629394531 13.054455757141113281 13.086958885192871094 13.146740913391113281 13.22757720947265625 13.250393867492675781 13.253610610961914063 13.345044136047363281 13.494264602661132813 13.640480995178222656 13.741467475891113281 13.796945571899414063 13.814189910888671875
13.855485916137695313 13.904597282409667969 13.908031463623046875 13.917450904846191406 13.917697906494140625 13.914793014526367188 13.913965225219726563 13.909605026245117188 13.903468132019042969 13.889542579650878906 13.860595703125 13.820277214050292969 13.770596504211425781 13.677529335021972656 13.550756454467773438 13.408731460571289063 13.285343170166015625 13.204758644104003906 13.157375335693359375 13.129657745361328125 13.112626075744628906 13.09629058837890625 13.078843116760253906 13.0634613037109375 13.049483299255371094 13.044518470764160156 13.044959068298339844 13.039937019348144531 13.07266998291015625 13.124231338500976563 13.209371566772460938 13.283910751342773438 13.276938438415527344 13.317159652709960938 13.46622467041015625 13.626730918884277344 13.760129928588867188 13.844776153564453125 13.880646705627441406 13.89186859130859375
13.95172119140625 13.935834884643554688 13.926349639892578125 13.906702041625976563 13.896624565124511719 13.900140762329101563 13.908724784851074219 13.922388076782226563 13.938344001770019531 13.951531410217285156 13.958072662353515625 13.952139854431152344 13.928683280944824219 13.881840705871582031 13.836313247680664063 13.757349967956542969 13.663644790649414063 13.539957046508789063 13.406431198120117188 13.2888336181640625 13.201364517211914063 13.143009185791015625 13.107474327087402344 13.085318565368652344 13.069733619689941406 13.064253807067871094 13.067510604858398438 13.095418930053710938 13.161204338073730469 13.231172561645507813 13.313883781433105469 13.321889877319335938 13.319593429565429688 13.435214996337890625 13.592725753784179688 13.743486404418945313 13.871884346008300781 13.939294815063476563 13.965917587280273438 13.973163604736328125
13.908791542053222656 13.860109329223632813 13.828615188598632813 13.81478118896484375 13.826518058776855469 13.8531341552734375 13.883339881896972656 13.918212890625 13.943627357482910156 13.954021453857421875 13.957020759582519531 13.963229179382324219 13.9673919677734375 13.957551002502441406 13.932081222534179688 13.877519607543945313 13.818004608154296875 13.742086410522460938 13.658571243286132813 13.558329582214355469 13.442559242248535156 13.334680557250976563 13.255150794982910156 13.200131416320800781 13.168589591979980469 13.163086891174316406 13.175981521606445313 13.228337287902832031 13.287197113037109375 13.356623649597167969 13.376000404357910156 13.333411216735839844 13.412403106689453125 13.574186325073242188 13.730680465698242188 13.903041839599609375 14.021248817443847656 14.047814369201660156 14.033948898315429688 14.018987655639648438
13.801476478576660156 13.76610565185546875 13.759596824645996094 13.788184165954589844 13.837968826293945313 13.904463768005371094 13.971523284912109375 14.025624275207519531 14.0469818115234375 14.049009323120117188 14.035820960998535156 14.013734817504882813 13.9933929443359375 13.981634140014648438 13.972452163696289063 13.953615188598632813 13.920662879943847656 13.876506805419921875 13.823843002319335938 13.758309364318847656 13.672373771667480469 13.573572158813476563 13.479191780090332031 13.403713226318359375 13.353135108947753906 13.327772140502929688 13.327420234680175781 13.350069046020507813 13.386163711547851563 13.41428375244140625 13.375982284545898438 13.37677001953125 13.519164085388183594 13.674750328063964844 13.854136466979980469 14.037373542785644531 14.095439910888671875 14.060906410217285156 14.024630546569824219 14.003915786743164063
