MapLinkProApp/griddata/temperature/ASCII/cmems_mod_glo_phy-thetao_anfc_0,083deg_P1D-m_1702458667101_186,1.asc
ncols        121
nrows        120
xllcorner    -30.041666666667
yllcorner    40.041666655981
cellsize     0.083333333333
NODATA_value  9.9692099683868690468e+36
[rows 72 to 89 of 120, columns 40 to 79 of 121]
14.152486801147460938 14.152940750122070313 14.162182807922363281 14.171112060546875 14.200685501098632813 14.222654342651367188 14.254389762878417969 14.28598785400390625 14.315610885620117188 14.340304374694824219 14.355891227722167969 14.358892440795898438 14.354099273681640625 14.338366508483886719 14.333661079406738281 14.363311767578125 14.424437522888183594 14.502261161804199219 14.5709075927734375 14.640655517578125 14.764445304870605469 14.932382583618164063 15.058361053466796875 15.116092681884765625 15.1588134765625 15.166109085083007813 15.104887008666992188 14.928933143615722656 14.618670463562011719 14.441594123840332031 14.446278572082519531 14.418341636657714844 14.382269859313964844 14.345720291137695313 14.214268684387207031 13.985426902770996094 13.74318695068359375 13.631731033325195313 13.819835662841796875 14.166806221008300781
14.006275177001953125 13.958131790161132813 13.906751632690429688 13.871170997619628906 13.852977752685546875 13.868481636047363281 13.924541473388671875 13.992012977600097656 14.073508262634277344 14.125601768493652344 14.170984268188476563 14.207076072692871094 14.227192878723144531 14.234829902648925781 14.239787101745605469 14.258607864379882813 14.296734809875488281 14.364266395568847656 14.461658477783203125 14.576224327087402344 14.718409538269042969 14.879046440124511719 15.010975837707519531 15.108683586120605469 15.178494453430175781 15.168539047241210938 15.079153060913085938 14.89447784423828125 14.597452163696289063 14.37334442138671875 14.387108802795410156 14.365934371948242188 14.283944129943847656 14.180755615234375 13.91783905029296875 13.672250747680664063 13.697599411010742188 13.761880874633789063 13.703504562377929688 13.859141349792480469
13.715971946716308594 13.629521369934082031 13.591517448425292969 13.594043731689453125 13.625958442687988281 13.6627655029296875 13.723525047302246094 13.77867889404296875 13.845216751098632813 13.904607772827148438 13.960866928100585938 13.995127677917480469 14.015460014343261719 14.025516510009765625 14.034877777099609375 14.036580085754394531 14.038558006286621094 14.077638626098632813 14.181996345520019531 14.355070114135742188 14.560968399047851563 14.7481231689453125 14.892569541931152344 14.998469352722167969 15.061922073364257813 15.082714080810546875 15.021639823913574219 14.838092803955078125 14.545447349548339844 14.338941574096679688 14.328253746032714844 14.275037765502929688 14.1130828857421875 13.985062599182128906 13.878111839294433594 13.952581405639648438 14.097324371337890625 13.981003761291503906 13.827172279357910156 13.837419509887695313
13.657405853271484375 13.712325096130371094 13.784242630004882813 13.830323219299316406 13.868218421936035156 13.883204460144042969 13.905595779418945313 13.943787574768066406 13.974399566650390625 13.988977432250976563 13.9827880859375 13.9356231689453125 13.884572982788085938 13.867479324340820313 13.88651275634765625 13.9232635498046875 13.953397750854492188 13.975706100463867188 14.040048599243164063 14.1777191162109375 14.369832038879394531 14.586956024169921875 14.757617950439453125 14.842420578002929688 14.901124000549316406 14.933535575866699219 14.875986099243164063 14.723262786865234375 14.458298683166503906 14.273105621337890625 14.273234367370605469 14.150882720947265625 13.991826057434082031 13.942738533020019531 14.0308990478515625 14.111279487609863281 14.032731056213378906 13.913172721862792969 13.901412010192871094 14.088193893432617188
13.660700798034667969 13.741509437561035156 13.773321151733398438 13.780270576477050781 13.770395278930664063 13.768030166625976563 13.80084991455078125 13.820981025695800781 13.808520317077636719 13.790899276733398438 13.750096321105957031 13.691178321838378906 13.656268119812011719 13.676878929138183594 13.771242141723632813 13.881952285766601563 13.958630561828613281 14.007966041564941406 14.048230171203613281 14.110697746276855469 14.230925559997558594 14.388537406921386719 14.533108711242675781 14.667619705200195313 14.769262313842773438 14.793749809265136719 14.743155479431152344 14.556929588317871094 14.293606758117675781 14.159480094909667969 14.230349540710449219 14.138843536376953125 14.008966445922851563 14.056642532348632813 14.111571311950683594 13.983654022216796875 13.780447959899902344 13.69637298583984375 13.789361953735351563 14.08057403564453125
13.603423118591308594 13.658750534057617188 13.640959739685058594 13.590610504150390625 13.529788970947265625 13.475144386291503906 13.430212020874023438 13.382246017456054688 13.351197242736816406 13.380742073059082031 13.433896064758300781 13.488085746765136719 13.563488006591796875 13.64922332763671875 13.73198699951171875 13.822093963623046875 13.914064407348632813 13.981462478637695313 13.9978179931640625 13.99703216552734375 14.067379951477050781 14.224819183349609375 14.385489463806152344 14.501636505126953125 14.576390266418457031 14.5445709228515625 14.3576507568359375 14.117929458618164063 13.997903823852539063 14.061823844909667969 14.206956863403320313 14.155535697937011719 14.085796356201171875 14.150911331176757813 14.074163436889648438 13.796555519104003906 13.537281990051269531 13.354970932006835938 13.325108528137207031 13.527369499206542969
13.720494270324707031 13.718085289001464844 13.60697174072265625 13.45024871826171875 13.303557395935058594 13.203324317932128906 13.143900871276855469 13.102314949035644531 13.110485076904296875 13.190412521362304688 13.330430030822753906 13.509648323059082031 13.631884574890136719 13.694789886474609375 13.772309303283691406 13.866826057434082031 13.934313774108886719 13.953024864196777344 13.958189010620117188 14.018948554992675781 14.1356964111328125 14.228701591491699219 14.250354766845703125 14.2501373291015625 14.250580787658691406 14.148266792297363281 13.968441009521484375 13.910802841186523438 14.010166168212890625 14.1609039306640625 14.248529434204101563 14.184033393859863281 14.154729843139648438 14.192879676818847656 14.02080535888671875 13.716927528381347656 13.461104393005371094 13.226064682006835938 13.232687950134277344 13.311554908752441406
13.544620513916015625 13.518161773681640625 13.468008995056152344 13.379690170288085938 13.303178787231445313 13.235177040100097656 13.176239967346191406 13.178621292114257813 13.233057975769042969 13.307369232177734375 13.400949478149414063 13.509871482849121094 13.604092597961425781 13.689066886901855469 13.780950546264648438 13.864645957946777344 13.937741279602050781 13.972531318664550781 14.010064125061035156 14.103917121887207031 14.191545486450195313 14.216834068298339844 14.225269317626953125 14.234208106994628906 14.186767578125 14.102347373962402344 14.07253265380859375 14.133394241333007813 14.198861122131347656 14.235731124877929688 14.236060142517089844 14.202623367309570313 14.218702316284179688 14.197069168090820313 13.923836708068847656 13.605799674987792969 13.340732574462890625 13.194109916687011719 13.334769248962402344 13.383635520935058594
13.573567390441894531 13.566941261291503906 13.545050621032714844 13.500475883483886719 13.424673080444335938 13.364548683166503906 13.363871574401855469 13.402718544006347656 13.426137924194335938 13.4539642333984375 13.526853561401367188 13.612730026245117188 13.682962417602539063 13.736680984497070313 13.788306236267089844 13.836048126220703125 13.893630027770996094 13.957475662231445313 14.0402069091796875 14.148484230041503906 14.252934455871582031 14.333523750305175781 14.36960601806640625 14.340371131896972656 14.275134086608886719 14.252058029174804688 14.283525466918945313 14.2969818115234375 14.272675514221191406 14.251852035522460938 14.237784385681152344 14.237429618835449219 14.235070228576660156 14.110016822814941406 13.774715423583984375 13.411899566650390625 13.196610450744628906 13.289438247680664063 13.449917793273925781 13.38127899169921875
13.595287322998046875 13.584422111511230469 13.605434417724609375 13.6451416015625 13.639801979064941406 13.615500450134277344 13.603625297546386719 13.633108139038085938 13.702632904052734375 13.771379470825195313 13.85184478759765625 13.903569221496582031 13.95241546630859375 13.987638473510742188 14.002431869506835938 14.0374603271484375 14.095218658447265625 14.161190032958984375 14.241214752197265625 14.342297554016113281 14.416955947875976563 14.452543258666992188 14.433929443359375 14.35326385498046875 14.298822402954101563 14.299817085266113281 14.324327468872070313 14.324346542358398438 14.289610862731933594 14.257778167724609375 14.259764671325683594 14.272553443908691406 14.223722457885742188 14.052428245544433594 13.689400672912597656 13.277849197387695313 13.114968299865722656 13.292070388793945313 13.494179725646972656 13.631221771240234375
13.660517692565917969 13.667316436767578125 13.715015411376953125 13.790328025817871094 13.842840194702148438 13.87569427490234375 13.914007186889648438 13.970796585083007813 14.035722732543945313 14.070037841796875 14.092000007629394531 14.094257354736328125 14.101977348327636719 14.118231773376464844 14.125375747680664063 14.14636993408203125 14.175870895385742188 14.204083442687988281 14.24541473388671875 14.295396804809570313 14.324461936950683594 14.332634925842285156 14.317666053771972656 14.287504196166992188 14.293590545654296875 14.339152336120605469 14.371952056884765625 14.354697227478027344 14.296728134155273438 14.215975761413574219 14.153536796569824219 14.128856658935546875 14.084096908569335938 13.931539535522460938 13.580343246459960938 13.172522544860839844 13.012424468994140625 13.169803619384765625 13.424990653991699219 13.757800102233886719
13.692951202392578125 13.734709739685058594 13.793292045593261719 13.876776695251464844 13.973528861999511719 14.044393539428710938 14.0928955078125 14.149464607238769531 14.199795722961425781 14.221119880676269531 14.240040779113769531 14.258123397827148438 14.270556449890136719 14.2578887939453125 14.225667953491210938 14.196542739868164063 14.173517227172851563 14.165601730346679688 14.169672012329101563 14.165712356567382813 14.172387123107910156 14.192474365234375 14.216076850891113281 14.259382247924804688 14.32794952392578125 14.409152984619140625 14.46643829345703125 14.470763206481933594 14.424748420715332031 14.33331298828125 14.218290328979492188 14.12049102783203125 14.068894386291503906 14.030531883239746094 13.851686477661132813 13.523352622985839844 13.198659896850585938 13.04557037353515625 13.2042388916015625 13.625365257263183594
13.687975883483886719 13.706166267395019531 13.80559539794921875 13.884222030639648438 13.977976799011230469 14.114715576171875 14.226627349853515625 14.319761276245117188 14.411274909973144531 14.460244178771972656 14.484930992126464844 14.501915931701660156 14.514797210693359375 14.496549606323242188 14.451630592346191406 14.380009651184082031 14.309320449829101563 14.268011093139648438 14.243078231811523438 14.217452049255371094 14.197062492370605469 14.207126617431640625 14.245474815368652344 14.29575347900390625 14.362857818603515625 14.442230224609375 14.513558387756347656 14.555626869201660156 14.555893898010253906 14.498579978942871094 14.373792648315429688 14.237277030944824219 14.148199081420898438 14.113358497619628906 14.036325454711914063 13.761067390441894531 13.293961524963378906 12.98961639404296875 13.232946395874023438 13.669233322143554688
13.966702461242675781 13.747222900390625 13.758591651916503906 13.874319076538085938 13.959989547729492188 14.078812599182128906 14.242671012878417969 14.373026847839355469 14.505167961120605469 14.585599899291992188 14.598593711853027344 14.611928939819335938 14.650320053100585938 14.682953834533691406 14.674320220947265625 14.625928878784179688 14.55529022216796875 14.491385459899902344 14.450186729431152344 14.409892082214355469 14.368271827697753906 14.333958625793457031 14.308009147644042969 14.289511680603027344 14.283540725708007813 14.300927162170410156 14.331122398376464844 14.363924026489257813 14.393467903137207031 14.405665397644042969 14.385425567626953125 14.325106620788574219 14.273904800415039063 14.241659164428710938 14.197440147399902344 14.00080108642578125 13.679683685302734375 13.518014907836914063 13.793372154235839844 13.9617767333984375
14.409885406494140625 14.226998329162597656 13.9995269775390625 13.853549003601074219 13.892054557800292969 14.009022712707519531 14.134527206420898438 14.299042701721191406 14.45816802978515625 14.559895515441894531 14.61551666259765625 14.677060127258300781 14.798390388488769531 14.908852577209472656 14.930148124694824219 14.9072723388671875 14.877869606018066406 14.844102859497070313 14.803812026977539063 14.760155677795410156 14.708644866943359375 14.660066604614257813 14.612187385559082031 14.540422439575195313 14.458821296691894531 14.398607254028320313 14.353629112243652344 14.282971382141113281 14.2179412841796875 14.210231781005859375 14.206485748291015625 14.230724334716796875 14.2653656005859375 14.260152816772460938 14.223903656005859375 14.172013282775878906 14.051706314086914063 14.022367477416992188 14.049508094787597656 14.020280838012695313
14.548941612243652344 14.554346084594726563 14.487236976623535156 14.266963005065917969 13.990902900695800781 13.942074775695800781 14.05971527099609375 14.175917625427246094 14.326832771301269531 14.494768142700195313 14.630083084106445313 14.732435226440429688 14.834191322326660156 14.832898139953613281 14.770947456359863281 14.746013641357421875 14.758752822875976563 14.772902488708496094 14.78940582275390625 14.800856590270996094 14.799707412719726563 14.802931785583496094 14.794866561889648438 14.769298553466796875 14.737234115600585938 14.703116416931152344 14.673948287963867188 14.626895904541015625 14.528534889221191406 14.381978034973144531 14.271109580993652344 14.2523193359375 14.22533416748046875 14.199557304382324219 14.219334602355957031 14.183751106262207031 14.095770835876464844 14.029673576354980469 14.020692825317382813 13.907271385192871094
14.6195831298828125 14.622533798217773438 14.604660987854003906 14.540657997131347656 14.337916374206542969 14.091942787170410156 14.012660026550292969 14.154048919677734375 14.313801765441894531 14.43486785888671875 14.539276123046875 14.642466545104980469 14.630196571350097656 14.501893997192382813 14.32746124267578125 14.251272201538085938 14.274046897888183594 14.309246063232421875 14.369257926940917969 14.479863166809082031 14.594847679138183594 14.673897743225097656 14.713570594787597656 14.708681106567382813 14.677356719970703125 14.633759498596191406 14.622178077697753906 14.664257049560546875 14.668092727661132813 14.632842063903808594 14.579775810241699219 14.438139915466308594 14.277358055114746094 14.21176910400390625 14.233247756958007813 14.188661575317382813 14.132154464721679688 14.013074874877929688 13.855824470520019531 13.502560615539550781
14.813712120056152344 14.882016181945800781 14.853758811950683594 14.753981590270996094 14.628991127014160156 14.424357414245605469 14.241330146789550781 14.205948829650878906 14.322489738464355469 14.40647125244140625 14.474513053894042969 14.5360107421875 14.526357650756835938 14.403766632080078125 14.224565505981445313 14.097443580627441406 14.065845489501953125 14.082128524780273438 14.124175071716308594 14.191831588745117188 14.265768051147460938 14.353762626647949219 14.495051383972167969 14.649959564208984375 14.753814697265625 14.793498992919921875 14.770014762878417969 14.691506385803222656 14.595081329345703125 14.572201728820800781 14.632684707641601563 14.638813018798828125 14.522309303283691406 14.327969551086425781 14.15473175048828125 14.022738456726074219 13.89363861083984375 13.753780364990234375 13.502521514892578125 13.250825881958007813
