MapLinkProApp/griddata/temperature/ASCII/cmems_mod_glo_phy-thetao_anfc_0,083deg_P1D-m_1702458667101_3220,8.asc
ncols        121
nrows        120
xllcorner    -30.041666666667
yllcorner    40.041666655981
cellsize     0.083333333333
NODATA_value  9.9692099683868690468e+36
[rows 17 to 33 of 120, columns 38 to 75 of 121]
9.9692099683868690468e+36 9.9692099683868690468e+36 9.9692099683868690468e+36 9.9692099683868690468e+36 9.9692099683868690468e+36 2.6461071968078613281 2.5943677425384521484 2.5757575035095214844 2.5777990818023681641 2.5646727085113525391 9.9692099683868690468e+36 9.9692099683868690468e+36 2.6163473129272460938 2.6133008003234863281 2.6199533939361572266 2.6469478607177734375 2.6745018959045410156 2.6977040767669677734 2.6920824050903320313 2.6774005889892578125 2.6448442935943603516 2.637298583984375 2.6105244159698486328 2.6028981208801269531 2.6098260879516601563 2.6128804683685302734 2.6537709236145019531 2.6087954044342041016 2.5951602458953857422 2.5845544338226318359 2.5845422744750976563 2.5672776699066162109 2.5510554313659667969 2.5343229770660400391 2.5300257205963134766 2.5300946235656738281 2.5033123493194580078 2.4678311347961425781
9.9692099683868690468e+36 9.9692099683868690468e+36 9.9692099683868690468e+36 9.9692099683868690468e+36 9.9692099683868690468e+36 9.9692099683868690468e+36 9.9692099683868690468e+36 9.9692099683868690468e+36 2.6250264644622802734 2.6200404167175292969 2.5774323940277099609 2.5346517562866210938 2.5657677650451660156 2.5614995956420898438 2.5711090564727783203 9.9692099683868690468e+36 2.6493470668792724609 2.6660778522491455078 2.6789195537567138672 2.6732923984527587891 2.6471018791198730469 2.6161751747131347656 2.6116168498992919922 2.6128690242767333984 2.6229832172393798828 2.6154203414916992188 2.6126534938812255859 2.6232564449310302734 2.6135687828063964844 2.6112506389617919922 2.6071023941040039063 2.5903043746948242188 2.5675969123840332031 2.552165985107421875 2.5429160594940185547 2.5191709995269775391 2.4745562076568603516 2.4420514106750488281
9.9692099683868690468e+36 9.9692099683868690468e+36 9.9692099683868690468e+36 9.9692099683868690468e+36 9.9692099683868690468e+36 9.9692099683868690468e+36 9.9692099683868690468e+36 9.9692099683868690468e+36 9.9692099683868690468e+36 9.9692099683868690468e+36 2.5900521278381347656 2.5655755996704101563 2.5865690708160400391 2.5908784866333007813 9.9692099683868690468e+36 9.9692099683868690468e+36 9.9692099683868690468e+36 2.6811466217041015625 2.6501615047454833984 2.6630690097808837891 2.6747078895568847656 2.649105072021484375 2.6465082168579101563 2.6447091102600097656 2.6321768760681152344 2.6328158378601074219 2.6195685863494873047 2.6057901382446289063 2.5815799236297607422 2.5779507160186767578 2.5924282073974609375 2.6072561740875244141 2.5817456245422363281 2.5394880771636962891 2.5098068714141845703 2.4857077598571777344 2.4603908061981201172 2.4399139881134033203
9.9692099683868690468e+36 9.9692099683868690468e+36 9.9692099683868690468e+36 2.754192352294921875 9.9692099683868690468e+36 9.9692099683868690468e+36 9.9692099683868690468e+36 9.9692099683868690468e+36 9.9692099683868690468e+36 9.9692099683868690468e+36 2.59976959228515625 2.5805363655090332031 2.592376708984375 2.5723824501037597656 2.5643055438995361328 9.9692099683868690468e+36 9.9692099683868690468e+36 2.6396737098693847656 2.6281135082244873047 2.6389088630676269531 2.6537153720855712891 2.6618771553039550781 2.6394941806793212891 2.6270382404327392578 2.6159529685974121094 2.61164093017578125 2.6078920364379882813 2.5972423553466796875 2.5774698257446289063 2.5623641014099121094 2.5650384426116943359 2.5763034820556640625 2.5526897907257080078 2.5243463516235351563 2.4946572780609130859 2.4649720191955566406 2.4464266300201416016 2.4369983673095703125
9.9692099683868690468e+36 9.9692099683868690468e+36 9.9692099683868690468e+36 2.7374680042266845703 2.7129025459289550781 2.6783156394958496094 2.6278727054595947266 2.6094470024108886719 2.6091737747192382813 2.5922262668609619141 2.5822699069976806641 2.5738680362701416016 2.5722396373748779297 2.5633754730224609375 2.5779125690460205078 2.5666942596435546875 2.5721871852874755859 2.5875265598297119141 2.5924489498138427734 2.5987489223480224609 2.5971541404724121094 2.6123666763305664063 2.6025488376617431641 2.5727181434631347656 2.5416729450225830078 2.540699005126953125 2.5663168430328369141 2.54959869384765625 2.5538532733917236328 2.5473496913909912109 2.5349276065826416016 2.5168788433074951172 2.4970879554748535156 2.4782884120941162109 2.4603087902069091797 2.4580636024475097656 2.4697906970977783203 2.4731812477111816406
9.9692099683868690468e+36 9.9692099683868690468e+36 9.9692099683868690468e+36 9.9692099683868690468e+36 2.6962108612060546875 2.6664912700653076172 2.6555950641632080078 2.6610033512115478516 2.6374993324279785156 9.9692099683868690468e+36 2.5792040824890136719 2.5503406524658203125 2.5444912910461425781 2.5332269668579101563 2.5344583988189697266 2.5495693683624267578 2.5575950145721435547 2.5823647975921630859 2.5761592388153076172 2.5696692466735839844 2.5580606460571289063 2.5602002143859863281 2.5370635986328125 2.5315110683441162109 2.5205330848693847656 2.5123753547668457031 2.5303170680999755859 2.5205466747283935547 2.5228145122528076172 2.5101313591003417969 2.4942138195037841797 2.4811344146728515625 2.4654209613800048828 2.4626576900482177734 2.4590978622436523438 2.4618556499481201172 2.474582672119140625 2.4855692386627197266
9.9692099683868690468e+36 9.9692099683868690468e+36 9.9692099683868690468e+36 9.9692099683868690468e+36 9.9692099683868690468e+36 9.9692099683868690468e+36 9.9692099683868690468e+36 9.9692099683868690468e+36 9.9692099683868690468e+36 9.9692099683868690468e+36 2.5900208950042724609 2.5489206314086914063 2.5462102890014648438 2.5126461982727050781 2.4929852485656738281 2.5176804065704345703 2.5498015880584716797 2.5706276893615722656 2.5816419124603271484 2.5706372261047363281 2.5629746913909912109 2.5746624469757080078 2.5748898983001708984 2.5988523960113525391 2.5815880298614501953 2.5425767898559570313 2.5343599319458007813 2.5560293197631835938 2.5586144924163818359 2.5308575630187988281 2.5133581161499023438 2.5049276351928710938 2.5013587474822998047 2.4984614849090576172 2.4909842014312744141 2.4837641716003417969 2.4834320545196533203 2.4883437156677246094
9.9692099683868690468e+36 9.9692099683868690468e+36 9.9692099683868690468e+36 9.9692099683868690468e+36 9.9692099683868690468e+36 9.9692099683868690468e+36 9.9692099683868690468e+36 9.9692099683868690468e+36 2.6410596370697021484 2.6417102813720703125 2.6401827335357666016 2.6234707832336425781 2.6131942272186279297 2.5728027820587158203 2.5639586448669433594 2.5474576950073242188 2.5152311325073242188 2.5469172000885009766 2.5539984703063964844 2.5561902523040771484 2.5554959774017333984 2.5711350440979003906 2.5582396984100341797 2.5824511051177978516 2.5787134170532226563 2.5663423538208007813 2.5305926799774169922 2.5488331317901611328 2.5411162376403808594 2.5197625160217285156 2.5117514133453369141 2.5114443302154541016 2.5242464542388916016 2.5145065784454345703 2.5081167221069335938 2.5119297504425048828 2.5152502059936523438 2.5161995887756347656
9.9692099683868690468e+36 9.9692099683868690468e+36 9.9692099683868690468e+36 9.9692099683868690468e+36 2.7135825157165527344 2.6793742179870605469 2.6660950183868408203 2.6522517204284667969 2.6412091255187988281 2.6386120319366455078 2.6444561481475830078 9.9692099683868690468e+36 9.9692099683868690468e+36 9.9692099683868690468e+36 9.9692099683868690468e+36 2.58629608154296875 2.5460224151611328125 2.5359275341033935547 2.5249636173248291016 2.5322048664093017578 2.5186815261840820313 2.5104494094848632813 2.5349700450897216797 9.9692099683868690468e+36 9.9692099683868690468e+36 2.6094267368316650391 2.5885090827941894531 2.5612421035766601563 2.5344634056091308594 2.5158829689025878906 2.5132548809051513672 2.5141689777374267578 2.5292522907257080078 2.5333278179168701172 2.5282332897186279297 2.5253427028656005859 2.5374591350555419922 2.5524892807006835938
9.9692099683868690468e+36 9.9692099683868690468e+36 9.9692099683868690468e+36 9.9692099683868690468e+36 9.9692099683868690468e+36 9.9692099683868690468e+36 2.65753173828125 2.6458678245544433594 9.9692099683868690468e+36 9.9692099683868690468e+36 9.9692099683868690468e+36 9.9692099683868690468e+36 9.9692099683868690468e+36 9.9692099683868690468e+36 9.9692099683868690468e+36 9.9692099683868690468e+36 9.9692099683868690468e+36 9.9692099683868690468e+36 9.9692099683868690468e+36 9.9692099683868690468e+36 9.9692099683868690468e+36 2.5066225528717041016 9.9692099683868690468e+36 9.9692099683868690468e+36 2.5638039112091064453 2.5629999637603759766 2.5629057884216308594 2.5548512935638427734 2.5439164638519287109 2.5291268825531005859 2.5140395164489746094 2.5203027725219726563 2.5548274517059326172 2.5771207809448242188 2.5703058242797851563 2.5635404586791992188 2.5703170299530029297 2.5664150714874267578
9.9692099683868690468e+36 9.9692099683868690468e+36 9.9692099683868690468e+36 9.9692099683868690468e+36 9.9692099683868690468e+36 9.9692099683868690468e+36 9.9692099683868690468e+36 9.9692099683868690468e+36 9.9692099683868690468e+36 9.9692099683868690468e+36 9.9692099683868690468e+36 9.9692099683868690468e+36 9.9692099683868690468e+36 9.9692099683868690468e+36 9.9692099683868690468e+36 9.9692099683868690468e+36 9.9692099683868690468e+36 9.9692099683868690468e+36 9.9692099683868690468e+36 9.9692099683868690468e+36 2.5153205394744873047 2.5166013240814208984 2.5151238441467285156 2.5251226425170898438 2.5473265647888183594 2.5522274971008300781 2.5414853096008300781 2.5367825031280517578 2.5273637771606445313 2.5472550392150878906 2.5310432910919189453 2.5352911949157714844 2.5689606666564941406 2.5832874774932861328 2.5800707340240478516 2.5721170902252197266 2.5457513332366943359 2.5169048309326171875
9.9692099683868690468e+36 9.9692099683868690468e+36 9.9692099683868690468e+36 9.9692099683868690468e+36 9.9692099683868690468e+36 9.9692099683868690468e+36 9.9692099683868690468e+36 9.9692099683868690468e+36 9.9692099683868690468e+36 9.9692099683868690468e+36 9.9692099683868690468e+36 9.9692099683868690468e+36 2.5196745395660400391 2.5255293846130371094 2.5492200851440429688 2.5716419219970703125 2.5922060012817382813 2.5990703105926513672 2.5962786674499511719 2.5904991626739501953 2.5603647232055664063 2.5657782554626464844 2.5817928314208984375 2.5700275897979736328 2.5771253108978271484 2.5750076770782470703 2.5698773860931396484 2.5464260578155517578 2.5757403373718261719 2.5942494869232177734 2.5873670578002929688 2.5814621448516845703 2.5630621910095214844 2.5546665191650390625 2.5459508895874023438 2.5440981388092041016 2.5300533771514892578 2.5034942626953125
9.9692099683868690468e+36 9.9692099683868690468e+36 9.9692099683868690468e+36 9.9692099683868690468e+36 9.9692099683868690468e+36 9.9692099683868690468e+36 9.9692099683868690468e+36 9.9692099683868690468e+36 9.9692099683868690468e+36 9.9692099683868690468e+36 9.9692099683868690468e+36 2.4956507682800292969 2.4823377132415771484 2.5137057304382324219 2.5530629158020019531 2.5978257656097412109 2.6311688423156738281 2.6304848194122314453 2.6221971511840820313 2.6211826801300048828 2.6035962104797363281 2.5942978858947753906 2.5966591835021972656 2.5822794437408447266 2.5936133861541748047 2.5710589885711669922 2.5951683521270751953 2.5816814899444580078 2.5737087726593017578 2.5779633522033691406 2.5858843326568603516 2.5670235157012939453 2.5735845565795898438 2.5540485382080078125 2.5449602603912353516 2.5446314811706542969 2.5391340255737304688 2.5010426044464111328
9.9692099683868690468e+36 9.9692099683868690468e+36 9.9692099683868690468e+36 9.9692099683868690468e+36 9.9692099683868690468e+36 9.9692099683868690468e+36 9.9692099683868690468e+36 9.9692099683868690468e+36 9.9692099683868690468e+36 2.5795929431915283203 2.5370912551879882813 2.5307712554931640625 2.5348148345947265625 2.5393311977386474609 2.5645859241485595703 2.5940189361572265625 2.6444003582000732422 2.67694091796875 2.6884701251983642578 2.6866862773895263672 2.6682269573211669922 2.6438455581665039063 2.617969512939453125 2.6013002395629882813 2.5895700454711914063 2.5685546398162841797 2.5795085430145263672 2.5732748508453369141 2.5630681514739990234 2.6047132015228271484 2.6123282909393310547 2.5748372077941894531 2.5678074359893798828 2.5685055255889892578 2.5524735450744628906 2.5431396961212158203 2.5389935970306396484 2.5080778598785400391
9.9692099683868690468e+36 9.9692099683868690468e+36 9.9692099683868690468e+36 9.9692099683868690468e+36 9.9692099683868690468e+36 9.9692099683868690468e+36 9.9692099683868690468e+36 9.9692099683868690468e+36 9.9692099683868690468e+36 9.9692099683868690468e+36 9.9692099683868690468e+36 9.9692099683868690468e+36 9.9692099683868690468e+36 9.9692099683868690468e+36 9.9692099683868690468e+36 2.6175885200500488281 2.6932442188262939453 9.9692099683868690468e+36 9.9692099683868690468e+36 9.9692099683868690468e+36 9.9692099683868690468e+36 9.9692099683868690468e+36 2.6610743999481201172 2.6274268627166748047 2.6008114814758300781 2.5833487510681152344 2.5744609832763671875 2.5653769969940185547 2.5700600147247314453 2.5972752571105957031 9.9692099683868690468e+36 2.5996053218841552734 2.581279754638671875 2.589290618896484375 2.5810234546661376953 2.5456883907318115234 2.52298736572265625 2.5126638412475585938
9.9692099683868690468e+36 9.9692099683868690468e+36 9.9692099683868690468e+36 9.9692099683868690468e+36 9.9692099683868690468e+36 9.9692099683868690468e+36 9.9692099683868690468e+36 9.9692099683868690468e+36 9.9692099683868690468e+36 9.9692099683868690468e+36 9.9692099683868690468e+36 9.9692099683868690468e+36 9.9692099683868690468e+36 9.9692099683868690468e+36 9.9692099683868690468e+36 2.6389372348785400391 9.9692099683868690468e+36 9.9692099683868690468e+36 9.9692099683868690468e+36 9.9692099683868690468e+36 9.9692099683868690468e+36 9.9692099683868690468e+36 2.6942191123962402344 2.6235842704772949219 2.6102812290191650391 2.5915179252624511719 2.5845685005187988281 2.5725867748260498047 2.5737888813018798828 2.5705602169036865234 2.5917537212371826172 2.5588338375091552734 9.9692099683868690468e+36 2.613651275634765625 2.5879547595977783203 2.5552527904510498047 2.5304820537567138672 2.5215713977813720703
9.9692099683868690468e+36 9.9692099683868690468e+36 9.9692099683868690468e+36 9.9692099683868690468e+36 9.9692099683868690468e+36 9.9692099683868690468e+36 9.9692099683868690468e+36 9.9692099683868690468e+36 9.9692099683868690468e+36 9.9692099683868690468e+36 9.9692099683868690468e+36 9.9692099683868690468e+36 9.9692099683868690468e+36 9.9692099683868690468e+36 9.9692099683868690468e+36 9.9692099683868690468e+36 9.9692099683868690468e+36 9.9692099683868690468e+36 9.9692099683868690468e+36 9.9692099683868690468e+36 9.9692099683868690468e+36 2.7374019622802734375 9.9692099683868690468e+36 2.6632857322692871094 9.9692099683868690468e+36 9.9692099683868690468e+36 2.6174170970916748047 2.5874645709991455078 2.5668816566467285156 2.5483345985412597656 2.5453248023986816406 2.5630309581756591797 2.5978915691375732422 2.5833621025085449219 2.5796103477478027344 2.5834150314331054688 2.5537054538726806641 2.5365235805511474609
