MapLinkProApp/griddata/temperature/ASCII/cmems_mod_glo_phy-thetao_anfc_0,083deg_P1D-m_1702458667101_77,9.asc
ncols        121
nrows        120
xllcorner    -30.041666666667
yllcorner    40.041666655981
cellsize     0.083333333333
NODATA_value  9.9692099683868690468e+36
[rows 36 to 53 of 120, columns 0 to 39 of 121]
13.838393211364746094 13.793051719665527344 13.758881568908691406 13.736927986145019531 13.720933914184570313 13.704482078552246094 13.689550399780273438 13.678481101989746094 13.672381401062011719 13.673097610473632813 13.677982330322265625 13.683463096618652344 13.685708999633789063 13.6825714111328125 13.676512718200683594 13.669243812561035156 13.643038749694824219 13.573541641235351563 13.537775993347167969 13.580914497375488281 13.663140296936035156 13.762224197387695313 13.885886192321777344 14.069090843200683594 14.29773712158203125 14.443366050720214844 14.420294761657714844 14.384295463562011719 14.457541465759277344 14.530582427978515625 14.527932167053222656 14.501162528991699219 14.475557327270507813 14.433348655700683594 14.370187759399414063 14.312024116516113281 14.241891860961914063 14.156538963317871094 14.038941383361816406 13.885428428649902344
13.927821159362792969 13.900656700134277344 13.878877639770507813 13.8607940673828125 13.842329025268554688 13.822540283203125 13.807251930236816406 13.802623748779296875 13.803072929382324219 13.804658889770507813 13.808732986450195313 13.805400848388671875 13.79746246337890625 13.784502029418945313 13.764304161071777344 13.734859466552734375 13.715155601501464844 13.68396759033203125 13.596934318542480469 13.541706085205078125 13.570582389831542969 13.662794113159179688 13.772313117980957031 13.877528190612792969 14.032727241516113281 14.255963325500488281 14.40370941162109375 14.38842010498046875 14.351263999938964844 14.396136283874511719 14.469960212707519531 14.492803573608398438 14.474561691284179688 14.429707527160644531 14.349762916564941406 14.236925125122070313 14.115391731262207031 13.978875160217285156 13.847074508666992188 13.705841064453125
13.954744338989257813 13.955350875854492188 13.956473350524902344 13.960122108459472656 13.964455604553222656 13.966752052307128906 13.970602989196777344 13.976645469665527344 13.979875564575195313 13.98033905029296875 13.978057861328125 13.970294952392578125 13.963652610778808594 13.954919815063476563 13.943430900573730469 13.930022239685058594 13.880541801452636719 13.832035064697265625 13.752668380737304688 13.634184837341308594 13.576810836791992188 13.586030006408691406 13.641436576843261719 13.727405548095703125 13.817694664001464844 13.913773536682128906 14.05907440185546875 14.240853309631347656 14.359228134155273438 14.378626823425292969 14.35863494873046875 14.359432220458984375 14.379608154296875 14.416474342346191406 14.432696342468261719 14.401426315307617188 14.328997611999511719 14.235775947570800781 14.131468772888183594 14.052666664123535156
13.956371307373046875 13.982023239135742188 14.00431060791015625 14.022892951965332031 14.036417007446289063 14.045518875122070313 14.050776481628417969 14.054036140441894531 14.055459976196289063 14.055231094360351563 14.055934906005859375 14.053265571594238281 14.047237396240234375 14.039772987365722656 14.022247314453125 14.008409500122070313 13.9810791015625 13.932275772094726563 13.864480018615722656 13.762231826782226563 13.646262168884277344 13.590844154357910156 13.614157676696777344 13.661993980407714844 13.708315849304199219 13.766611099243164063 13.830322265625 13.893891334533691406 14.042632102966308594 14.252255439758300781 14.393032073974609375 14.420810699462890625 14.362618446350097656 14.286756515502929688 14.289280891418457031 14.364442825317382813 14.396013259887695313 14.378200531005859375 14.321949958801269531 14.283270835876464844
13.975573539733886719 13.988554000854492188 13.992910385131835938 13.993528366088867188 13.994480133056640625 13.997592926025390625 14.006018638610839844 14.022250175476074219 14.044598579406738281 14.06902313232421875 14.092139244079589844 14.106818199157714844 14.109880447387695313 14.10407257080078125 14.083574295043945313 14.059816360473632813 14.036725997924804688 14.008498191833496094 13.975096702575683594 13.888347625732421875 13.749849319458007813 13.639209747314453125 13.610697746276855469 13.644106864929199219 13.695158958435058594 13.731144905090332031 13.764543533325195313 13.818299293518066406 13.880867958068847656 13.9606170654296875 14.0894317626953125 14.2418975830078125 14.384189605712890625 14.451296806335449219 14.369030952453613281 14.251873970031738281 14.25567626953125 14.306784629821777344 14.314705848693847656 14.292140007019042969
13.894235610961914063 13.896155357360839844 13.911808013916015625 13.935048103332519531 13.968170166015625 14.030631065368652344 14.119070053100585938 14.215832710266113281 14.317982673645019531 14.414094924926757813 14.481303215026855469 14.519178390502929688 14.511197090148925781 14.475878715515136719 14.390863418579101563 14.270314216613769531 14.146223068237304688 14.050815582275390625 14.0184783935546875 14.014376640319824219 13.91973876953125 13.751009941101074219 13.652333259582519531 13.681330680847167969 13.720761299133300781 13.741585731506347656 13.734364509582519531 13.743587493896484375 13.809177398681640625 13.904175758361816406 14.015833854675292969 14.095750808715820313 14.158723831176757813 14.310118675231933594 14.513508796691894531 14.555620193481445313 14.298101425170898438 14.140924453735351563 14.149319648742675781 14.181774139404296875
13.904125213623046875 13.950472831726074219 14.041179656982421875 14.14936065673828125 14.279292106628417969 14.46551513671875 14.684038162231445313 14.885298728942871094 15.024326324462890625 15.095606803894042969 15.132386207580566406 15.128856658935546875 15.09987640380859375 15.016907691955566406 14.964879035949707031 14.782541275024414063 14.543758392333984375 14.296924591064453125 14.091105461120605469 14.029601097106933594 14.013494491577148438 13.911705970764160156 13.790902137756347656 13.759502410888671875 13.787262916564941406 13.802645683288574219 13.761679649353027344 13.708780288696289063 13.714035987854003906 13.813127517700195313 13.968763351440429688 14.104561805725097656 14.202931404113769531 14.303396224975585938 14.452728271484375 14.627422332763671875 14.607493400573730469 14.290929794311523438 14.06276702880859375 13.99822235107421875
14.181885719299316406 14.3500213623046875 14.5538177490234375 14.775557518005371094 15.01009368896484375 15.229966163635253906 15.397448539733886719 15.507188796997070313 15.554953575134277344 15.549883842468261719 15.512414932250976563 15.458576202392578125 15.404314041137695313 15.367081642150878906 15.277252197265625 15.234459877014160156 15.131897926330566406 14.889985084533691406 14.551984786987304688 14.244193077087402344 14.063823699951171875 13.979192733764648438 13.910370826721191406 13.863691329956054688 13.861844062805175781 13.8624420166015625 13.809807777404785156 13.716159820556640625 13.630745887756347656 13.653834342956542969 13.852556228637695313 14.1038818359375 14.244513511657714844 14.372530937194824219 14.573751449584960938 14.68878936767578125 14.775271415710449219 14.647059440612792969 14.323670387268066406 14.039847373962402344
14.815096855163574219 15.041705131530761719 15.259871482849121094 15.435178756713867188 15.53855133056640625 15.575796127319335938 15.597861289978027344 15.605362892150878906 15.582490921020507813 15.551538467407226563 15.50565338134765625 15.459005355834960938 15.408353805541992188 15.366450309753417969 15.335221290588378906 15.282750129699707031 15.246693611145019531 15.247284889221191406 15.063523292541503906 14.65991973876953125 14.328830718994140625 14.081251144409179688 13.947331428527832031 13.888385772705078125 13.871409416198730469 13.851161956787109375 13.791296958923339844 13.708189010620117188 13.621079444885253906 13.579778671264648438 13.725093841552734375 14.043295860290527344 14.273336410522460938 14.412586212158203125 14.588506698608398438 14.748016357421875 14.806996345520019531 14.788280487060546875 14.585322380065917969 14.274103164672851563
15.33150482177734375 15.457090377807617188 15.524331092834472656 15.564488410949707031 15.604379653930664063 15.659752845764160156 15.730719566345214844 15.777022361755371094 15.787489891052246094 15.771375656127929688 15.7428436279296875 15.708519935607910156 15.670775413513183594 15.628375053405761719 15.569248199462890625 15.482321739196777344 15.365657806396484375 15.272349357604980469 15.245308876037597656 15.087324142456054688 14.728566169738769531 14.373722076416015625 14.107610702514648438 13.943614959716796875 13.866498947143554688 13.823682785034179688 13.776028633117675781 13.71566009521484375 13.667820930480957031 13.617237091064453125 13.699568748474121094 13.985701560974121094 14.265636444091796875 14.420449256896972656 14.575787544250488281 14.729743003845214844 14.817895889282226563 14.787436485290527344 14.625886917114257813 14.365906715393066406
15.593008041381835938 15.678307533264160156 15.758441925048828125 15.823252677917480469 15.870320320129394531 15.8946685791015625 15.898564338684082031 15.887822151184082031 15.8729705810546875 15.858378410339355469 15.841399192810058594 15.816369056701660156 15.787750244140625 15.759694099426269531 15.725481033325195313 15.6959075927734375 15.632467269897460938 15.503633499145507813 15.359761238098144531 15.281537055969238281 15.172183990478515625 14.912158966064453125 14.5699310302734375 14.298838615417480469 14.068716049194335938 13.9385833740234375 13.870164871215820313 13.822389602661132813 13.830710411071777344 13.832868576049804688 13.8278350830078125 14.010376930236816406 14.286695480346679688 14.473065376281738281 14.584904670715332031 14.728203773498535156 14.844179153442382813 14.827699661254882813 14.651598930358886719 14.385287284851074219
15.911299705505371094 15.929600715637207031 15.932206153869628906 15.927884101867675781 15.916431427001953125 15.897233009338378906 15.872906684875488281 15.844794273376464844 15.817429542541503906 15.78867340087890625 15.756521224975585938 15.721615791320800781 15.688553810119628906 15.664073944091796875 15.64972686767578125 15.6596527099609375 15.665736198425292969 15.627654075622558594 15.5096435546875 15.361498832702636719 15.285593032836914063 15.209424972534179688 14.996768951416015625 14.749813079833984375 14.488781929016113281 14.277261734008789063 14.1738739013671875 14.061763763427734375 14.090794563293457031 14.159701347351074219 14.071711540222167969 14.145115852355957031 14.372799873352050781 14.543969154357910156 14.627717018127441406 14.779570579528808594 14.884708404541015625 14.871989250183105469 14.684750556945800781 14.389678955078125
15.936956405639648438 15.936442375183105469 15.931845664978027344 15.913677215576171875 15.869470596313476563 15.798853874206542969 15.716250419616699219 15.636163711547851563 15.571683883666992188 15.524929046630859375 15.491841316223144531 15.470327377319335938 15.4604339599609375 15.455587387084960938 15.464335441589355469 15.506678581237792969 15.572337150573730469 15.605841636657714844 15.565983772277832031 15.448087692260742188 15.307918548583984375 15.240117073059082031 15.148980140686035156 15.019472122192382813 14.856848716735839844 14.660065650939941406 14.55612945556640625 14.409379959106445313 14.387437820434570313 14.467283248901367188 14.321460723876953125 14.311676979064941406 14.499997138977050781 14.623195648193359375 14.696251869201660156 14.841401100158691406 14.933718681335449219 14.900832176208496094 14.716305732727050781 14.421912193298339844
15.951166152954101563 15.9424285888671875 15.890031814575195313 15.774336814880371094 15.601782798767089844 15.4163360595703125 15.269975662231445313 15.182789802551269531 15.151864051818847656 15.153368949890136719 15.177715301513671875 15.221909523010253906 15.269688606262207031 15.294796943664550781 15.309820175170898438 15.35865020751953125 15.449525833129882813 15.53350067138671875 15.554155349731445313 15.484615325927734375 15.366785049438476563 15.25243377685546875 15.14910888671875 15.075909614562988281 15.018045425415039063 14.909157752990722656 14.871059417724609375 14.700242042541503906 14.667470932006835938 14.668750762939453125 14.504312515258789063 14.487454414367675781 14.6444091796875 14.714746475219726563 14.766702651977539063 14.901076316833496094 14.976204872131347656 14.910015106201171875 14.709428787231445313 14.447967529296875
15.977560043334960938 15.915184974670410156 15.761303901672363281 15.521971702575683594 15.255845069885253906 15.06446075439453125 14.996218681335449219 14.998970985412597656 15.023853302001953125 15.070003509521484375 15.128783226013183594 15.193919181823730469 15.246408462524414063 15.262225151062011719 15.261429786682128906 15.291095733642578125 15.378293991088867188 15.479824066162109375 15.52210235595703125 15.471709251403808594 15.386087417602539063 15.287320137023925781 15.173291206359863281 15.073215484619140625 14.992231369018554688 14.891608238220214844 14.849148750305175781 14.735425949096679688 14.698957443237304688 14.66028594970703125 14.587920188903808594 14.6088714599609375 14.752796173095703125 14.791849136352539063 14.820021629333496094 14.930532455444335938 14.997655868530273438 14.925829887390136719 14.705831527709960938 14.468963623046875
15.993028640747070313 15.878702163696289063 15.647243499755859375 15.350618362426757813 15.107043266296386719 15.012688636779785156 15.029012680053710938 15.078211784362792969 15.1383819580078125 15.182989120483398438 15.215334892272949219 15.237778663635253906 15.246308326721191406 15.241224288940429688 15.241679191589355469 15.276288032531738281 15.355966567993164063 15.446736335754394531 15.48529052734375 15.448479652404785156 15.381029129028320313 15.310999870300292969 15.242207527160644531 15.178415298461914063 15.084147453308105469 14.992304801940917969 14.923582077026367188 14.832538604736328125 14.783020973205566406 14.760135650634765625 14.701038360595703125 14.760173797607421875 14.86379241943359375 14.853394508361816406 14.864562034606933594 14.96596527099609375 15.029002189636230469 14.961935997009277344 14.758532524108886719 14.535831451416015625
16.06136322021484375 15.940211296081542969 15.659234046936035156 15.319300651550292969 15.069383621215820313 15.011487960815429688 15.07852935791015625 15.150457382202148438 15.200212478637695313 15.218661308288574219 15.227200508117675781 15.228940963745117188 15.228631019592285156 15.238308906555175781 15.268665313720703125 15.320021629333496094 15.385484695434570313 15.442361831665039063 15.461538314819335938 15.427992820739746094 15.375164031982421875 15.331503868103027344 15.294231414794921875 15.248697280883789063 15.184520721435546875 15.111647605895996094 15.018292427062988281 14.938877105712890625 14.895732879638671875 14.834393501281738281 14.806367874145507813 14.917219161987304688 14.957659721374511719 14.89617156982421875 14.924311637878417969 15.0278778076171875 15.07511138916015625 14.994578361511230469 14.797606468200683594 14.597056388854980469
16.117380142211914063 16.0218353271484375 15.718916893005371094 15.341864585876464844 15.068880081176757813 15.0224151611328125 15.109033584594726563 15.171601295471191406 15.187610626220703125 15.184119224548339844 15.183501243591308594 15.193514823913574219 15.216696739196777344 15.247097015380859375 15.289212226867675781 15.334928512573242188 15.386644363403320313 15.429697036743164063 15.440288543701171875 15.411098480224609375 15.376251220703125 15.349773406982421875 15.328928947448730469 15.301166534423828125 15.249765396118164063 15.171624183654785156 15.092023849487304688 15.015509605407714844 14.962520599365234375 14.896143913269042969 14.957335472106933594 15.049419403076171875 14.995464324951171875 14.926844596862792969 14.987073898315429688 15.078848838806152344 15.117343902587890625 15.038914680480957031 14.838091850280761719 14.65178680419921875
