MapLinkProApp/griddata/temperature/ASCII/cmems_mod_glo_phy-thetao_anfc_0,083deg_P1D-m_1702458667101_3220,8.asc
ncols        121
nrows        120
xllcorner    -30.041666666667
yllcorner    40.041666655981
cellsize     0.083333333333
NODATA_value  9.9692099683868690468e+36
[rows 0 to 16 of 120, columns 76 to 113 of 121]
2.4904735088348388672 2.5085711479187011719 2.5562088489532470703 2.5846943855285644531 2.5890734195709228516 2.5865032672882080078 2.5818128585815429688 2.5590624809265136719 2.5422217845916748047 2.5334329605102539063 2.5397844314575195313 2.5512917041778564453 2.5605921745300292969 2.5817658901214599609 2.6144232749938964844 2.6548604965209960938 2.6916472911834716797 2.7066991329193115234 2.7168459892272949219 2.7246100902557373047 2.6985270977020263672 2.6813094615936279297 2.6710169315338134766 2.6415352821350097656 2.5889191627502441406 2.5377829074859619141 2.5049736499786376953 2.4706559181213378906 2.4426209926605224609 2.4385843276977539063 2.3989322185516357422 2.3763086795806884766 2.3814074993133544922 2.3917303085327148438 2.3942785263061523438 2.4025220870971679688 2.4078853130340576172 2.4071404933929443359
2.505615234375 2.5364511013031005859 2.5755918025970458984 2.5944414138793945313 2.5828468799591064453 2.5796816349029541016 2.5819406509399414063 2.5724506378173828125 2.5718526840209960938 2.5664577484130859375 2.5641181468963623047 2.5602247714996337891 2.5541965961456298828 2.5693840980529785156 2.6002838611602783203 2.6427283287048339844 2.6925070285797119141 2.7293210029602050781 2.7481038570404052734 2.7510101795196533203 2.7234315872192382813 2.6955366134643554688 2.6725423336029052734 2.6347055435180664063 2.5808439254760742188 2.5271894931793212891 2.5030293464660644531 2.4768946170806884766 2.4564416408538818359 2.4327912330627441406 2.4247012138366699219 2.4231827259063720703 2.4246900081634521484 2.4240424633026123047 2.4330546855926513672 2.4385788440704345703 2.4472949504852294922 2.4417459964752197266
2.5403723716735839844 2.5753407478332519531 2.6079869270324707031 2.6217324733734130859 2.6084747314453125 2.5989198684692382813 2.5966057777404785156 2.5963728427886962891 2.6078181266784667969 2.6129150390625 2.6230533123016357422 2.6043031215667724609 2.5771267414093017578 2.5823106765747070313 2.6082816123962402344 2.6418368816375732422 2.6835548877716064453 2.7229893207550048828 2.7419340610504150391 2.7350046634674072266 2.7123000621795654297 2.6818397045135498047 2.6460518836975097656 2.6021704673767089844 2.5586760044097900391 2.5228755474090576172 2.5057752132415771484 2.4760160446166992188 2.4555757045745849609 2.4402995109558105469 2.435943603515625 2.4366977214813232422 2.4477038383483886719 2.4569339752197265625 2.4616377353668212891 2.4576938152313232422 2.4586317539215087891 2.4642810821533203125
2.556896209716796875 2.5996043682098388672 2.6307206153869628906 2.6552178859710693359 2.6564748287200927734 2.6270022392272949219 2.6053817272186279297 2.5984294414520263672 2.6075375080108642578 2.6049470901489257813 2.6192626953125 2.6018478870391845703 2.5663046836853027344 2.5708706378936767578 2.5993280410766601563 2.6303722858428955078 2.6590728759765625 2.6787476539611816406 2.6832790374755859375 2.6755967140197753906 2.6642203330993652344 2.6477987766265869141 2.6191287040710449219 2.5999612808227539063 2.5854043960571289063 2.5550577640533447266 2.5184171199798583984 2.4783709049224853516 2.4546065330505371094 2.4379377365112304688 2.4450201988220214844 2.4449830055236816406 2.4344530105590820313 2.4312310218811035156 2.430110931396484375 2.4379727840423583984 2.4533970355987548828 2.4664793014526367188
2.5468475818634033203 2.5851652622222900391 2.6191229820251464844 2.6350307464599609375 2.6347484588623046875 2.6176915168762207031 2.5987513065338134766 2.588878631591796875 2.5888512134552001953 2.5744490623474121094 2.5921828746795654297 2.5689640045166015625 2.533191680908203125 2.5455224514007568359 2.57877349853515625 2.6054520606994628906 2.6159532070159912109 2.6216852664947509766 2.6323819160461425781 2.6432743072509765625 2.6491601467132568359 2.641147613525390625 2.6226367950439453125 2.6138737201690673828 2.5916595458984375 2.5531339645385742188 2.4923462867736816406 2.4495434761047363281 2.4361014366149902344 2.4370791912078857422 2.4256503582000732422 2.4092955589294433594 2.3980569839477539063 2.3949658870697021484 2.3971257209777832031 2.4159755706787109375 2.4488041400909423828 2.4702057838439941406
2.5257017612457275391 2.560482025146484375 2.6048388481140136719 2.6236658096313476563 2.61547088623046875 2.6084890365600585938 2.5886485576629638672 2.5629127025604248047 2.5435886383056640625 2.5530173778533935547 2.5636343955993652344 2.5379960536956787109 2.5236418247222900391 2.5374269485473632813 2.5552620887756347656 2.5681078433990478516 2.5689036846160888672 2.5765688419342041016 2.5940425395965576172 2.6021900177001953125 2.5961539745330810547 2.5795464515686035156 2.5581693649291992188 2.5396316051483154297 2.5155961513519287109 2.4852855205535888672 2.4482557773590087891 2.4241046905517578125 2.4221656322479248047 2.4117324352264404297 2.3932178020477294922 2.3801958560943603516 2.3695254325866699219 2.3714170455932617188 2.3776023387908935547 2.4087264537811279297 2.45592498779296875 2.4907958507537841797
2.5395996570587158203 2.5758154392242431641 2.6228480339050292969 2.6260523796081542969 2.6101903915405273438 2.5941789150238037109 2.5639712810516357422 2.5266044139862060547 2.5091941356658935547 2.5253520011901855469 2.5352151393890380859 2.5133738517761230469 2.5133528709411621094 2.5270137786865234375 2.5357363224029541016 2.538570404052734375 2.5375123023986816406 2.5507056713104248047 2.5574102401733398438 2.541721343994140625 2.5223600864410400391 2.502132415771484375 2.4708611965179443359 2.4413006305694580078 2.4269812107086181641 2.4070844650268554688 2.3746831417083740234 2.3706142902374267578 2.3764894008636474609 2.3665606975555419922 2.3533799648284912109 2.3489027023315429688 2.3472144603729248047 2.3514397144317626953 2.3765194416046142578 2.4319825172424316406 2.4841990470886230469 2.5242240428924560547
2.5468194484710693359 2.5856738090515136719 2.6098794937133789063 2.6074848175048828125 2.5969347953796386719 2.5886170864105224609 2.54737091064453125 2.5177035331726074219 2.4992837905883789063 2.5074830055236816406 2.5050394535064697266 2.4927830696105957031 2.4975759983062744141 2.5067389011383056641 2.5176177024841308594 2.5229597091674804688 2.5280733108520507813 2.5263493061065673828 2.5099730491638183594 2.4907250404357910156 2.4758100509643554688 2.4532103538513183594 2.4196500778198242188 2.3902752399444580078 2.3759725093841552734 2.3539876937866210938 2.3323442935943603516 2.3476243019104003906 2.3540399074554443359 2.3490314483642578125 2.3448495864868164063 2.3462622165679931641 2.3404266834259033203 2.3484773635864257813 2.3948423862457275391 2.4613666534423828125 2.5151636600494384766 2.5573153495788574219
2.5497553348541259766 2.5850770473480224609 2.6180448532104492188 2.61092376708984375 2.5921998023986816406 2.5915148258209228516 2.5629165172576904297 2.5175797939300537109 2.4942476749420166016 2.4908392429351806641 2.4921276569366455078 2.4877762794494628906 2.5015773773193359375 2.4966785907745361328 2.4935927391052246094 2.4980232715606689453 2.5023677349090576172 2.4929518699645996094 2.4740021228790283203 2.4525830745697021484 2.4296584129333496094 2.4019715785980224609 2.37050628662109375 2.3422977924346923828 2.3212349414825439453 2.3181874752044677734 2.331211090087890625 2.3507068157196044922 2.3580186367034912109 2.3632466793060302734 2.3755831718444824219 2.3862791061401367188 2.3874697685241699219 2.3986766338348388672 2.4304583072662353516 2.4749891757965087891 2.5184171199798583984 2.5581526756286621094
2.5735960006713867188 2.6093280315399169922 2.6399445533752441406 2.6229631900787353516 2.5892674922943115234 2.5468575954437255859 2.5222344398498535156 2.4812636375427246094 2.4740459918975830078 2.4622859954833984375 2.4647431373596191406 2.4688014984130859375 2.4839556217193603516 2.4899339675903320313 2.4906613826751708984 2.4855368137359619141 2.4835679531097412109 2.4735891819000244141 2.4560105800628662109 2.4361338615417480469 2.4154951572418212891 2.3949124813079833984 2.3744969367980957031 2.3541092872619628906 2.3421421051025390625 2.3531184196472167969 2.3738031387329101563 2.3865523338317871094 2.3947577476501464844 2.3980262279510498047 2.4094569683074951172 2.4148414134979248047 2.4181890487670898438 2.4237449169158935547 2.442745208740234375 2.47296905517578125 2.5040032863616943359 2.5479843616485595703
2.6063063144683837891 2.630634307861328125 2.6198990345001220703 2.582904815673828125 2.5555324554443359375 2.5274662971496582031 2.5056791305541992188 2.455509185791015625 2.4419493675231933594 2.4547266960144042969 2.4342932701110839844 2.4403097629547119141 2.453159332275390625 2.4547114372253417969 2.4530546665191650391 2.4507858753204345703 2.4544539451599121094 2.4532139301300048828 2.4382314682006835938 2.425624847412109375 2.4156820774078369141 2.4030818939208984375 2.3913643360137939453 2.3830895423889160156 2.3779847621917724609 2.3756015300750732422 2.3756818771362304688 2.3807923793792724609 2.388652801513671875 2.3998539447784423828 2.4206228256225585938 2.4355492591857910156 2.4255559444427490234 2.4223036766052246094 2.4350001811981201172 2.4576370716094970703 2.4864454269409179688 2.5302705764770507813
2.6093149185180664063 2.6380503177642822266 2.6211645603179931641 2.5469901561737060547 2.5279405117034912109 2.5154218673706054688 2.4891211986541748047 2.4417955875396728516 2.4331409931182861328 2.4505572319030761719 2.4343700408935546875 2.4402008056640625 2.4419376850128173828 2.4305193424224853516 2.4221017360687255859 2.4163777828216552734 2.4224843978881835938 2.4289703369140625 2.4293723106384277344 2.4274282455444335938 2.4196951389312744141 2.4024217128753662109 2.3858809471130371094 2.3813409805297851563 2.3813621997833251953 2.3726198673248291016 2.362186431884765625 2.3666651248931884766 2.3814563751220703125 2.3916151523590087891 2.4175736904144287109 2.4422361850738525391 2.438140869140625 2.4227235317230224609 2.4228441715240478516 2.4393963813781738281 2.4761404991149902344 2.5224893093109130859
2.6131029129028320313 2.6248521804809570313 2.5821182727813720703 2.5265531539916992188 2.5116848945617675781 2.4872515201568603516 2.4697637557983398438 2.4346013069152832031 2.4208192825317382813 2.4275710582733154297 2.4222278594970703125 2.4371199607849121094 2.4318194389343261719 2.4119713306427001953 2.4106998443603515625 2.41191864013671875 2.4126112461090087891 2.4182467460632324219 2.4174559116363525391 2.41066741943359375 2.4068207740783691406 2.4028954505920410156 2.3886485099792480469 2.379131317138671875 2.3817985057830810547 2.3797399997711181641 2.3748295307159423828 2.3827657699584960938 2.4056935310363769531 2.4245152473449707031 2.4339568614959716797 2.4310336112976074219 2.4111435413360595703 2.4027390480041503906 2.4101927280426025391 2.4435639381408691406 2.4795110225677490234 2.5114216804504394531
2.5969412326812744141 2.582427978515625 2.547870635986328125 2.5080687999725341797 2.4843232631683349609 2.4709444046020507813 2.4442234039306640625 2.4161183834075927734 2.4036142826080322266 2.4203572273254394531 2.4245302677154541016 2.4408521652221679688 2.430095672607421875 2.4029917716979980469 2.4199833869934082031 2.4224789142608642578 2.42578125 2.4236521720886230469 2.4206492900848388672 2.4208781719207763672 2.424716949462890625 2.4257099628448486328 2.4139964580535888672 2.4007062911987304688 2.3989422321319580078 2.4007210731506347656 2.39751434326171875 2.3976988792419433594 2.4088773727416992188 2.4227669239044189453 2.4188883304595947266 2.3986864089965820313 2.3834578990936279297 2.3880803585052490234 2.4149718284606933594 2.4529514312744140625 2.4936823844909667969 2.5133907794952392578
2.5557143688201904297 2.5279433727264404297 2.5097131729125976563 2.4798009395599365234 2.4575414657592773438 2.4505426883697509766 2.4410738945007324219 2.4208185672760009766 2.4033370018005371094 2.4142556190490722656 2.4256327152252197266 2.4268805980682373047 2.4121994972229003906 2.4020295143127441406 2.4062218666076660156 2.4148764610290527344 2.4201607704162597656 2.4276175498962402344 2.4385919570922851563 2.4438850879669189453 2.4506483078002929688 2.4585032463073730469 2.4478702545166015625 2.4275457859039306641 2.4149508476257324219 2.406383514404296875 2.3987488746643066406 2.4012038707733154297 2.4117591381072998047 2.4188811779022216797 2.4167408943176269531 2.3998594284057617188 2.3966298103332519531 2.4046356678009033203 2.4213135242462158203 2.4501898288726806641 2.4849638938903808594 2.5074656009674072266
2.5002312660217285156 2.4720158576965332031 2.4737272262573242188 2.4705955982208251953 2.4563710689544677734 2.4437556266784667969 2.4257113933563232422 2.39888763427734375 2.3945865631103515625 2.4128520488739013672 2.4185729026794433594 2.4198129177093505859 2.4253537654876708984 2.4285871982574462891 2.4324824810028076172 2.4366390705108642578 2.4456686973571777344 2.4594144821166992188 2.4668676853179931641 2.4599168300628662109 2.4543297290802001953 2.4527509212493896484 2.4467947483062744141 2.4332723617553710938 2.421642303466796875 2.4147815704345703125 2.4116187095642089844 2.4155924320220947266 2.4231457710266113281 2.4252769947052001953 2.4234459400177001953 2.4225795269012451172 2.4278085231781005859 2.4348437786102294922 2.4448492527008056641 2.4656398296356201172 2.4896943569183349609 2.5126473903656005859
2.4781725406646728516 2.4707009792327880859 2.4699525833129882813 2.4624924659729003906 2.4411067962646484375 2.4307546615600585938 2.4160053730010986328 2.3959341049194335938 2.4003248214721679688 2.4346408843994140625 2.4489700794219970703 2.4447829723358154297 2.4438028335571289063 2.4435355663299560547 2.4394590854644775391 2.4390964508056640625 2.436412811279296875 2.4575455188751220703 2.4741606712341308594 2.4685485363006591797 2.4615437984466552734 2.4603025913238525391 2.4552571773529052734 2.4400632381439208984 2.4257259368896484375 2.421390533447265625 2.4322028160095214844 2.4452702999114990234 2.4486646652221679688 2.4467041492462158203 2.4420914649963378906 2.4502985477447509766 2.4511561393737792969 2.4545779228210449219 2.4647808074951171875 2.4851963520050048828 2.5127954483032226563 2.537036895751953125
