MapLinkProApp/griddata/temperature/ASCII/cmems_mod_glo_phy-thetao_anfc_0,083deg_P1D-m_1702458667101_13,5.asc
ncols        121
nrows        120
xllcorner    -30.041666666667
yllcorner    40.041666655981
cellsize     0.083333333333
NODATA_value  9.9692099683868690468e+36
[rows 90 to 107 of 120, columns 0 to 39 of 121]
17.705364227294921875 17.689268112182617188 17.678598403930664063 17.677991867065429688 17.681049346923828125 17.687639236450195313 17.693508148193359375 17.692577362060546875 17.674135208129882813 17.637426376342773438 17.575267791748046875 17.4808349609375 17.360544204711914063 17.261175155639648438 17.144876480102539063 16.901483535766601563 16.529554367065429688 16.445478439331054688 16.614480972290039063 16.855060577392578125 17.165225982666015625 17.425424575805664063 17.591695785522460938 17.601961135864257813 17.497972488403320313 17.373317718505859375 17.318378448486328125 17.254930496215820313 17.166563034057617188 17.050489425659179688 16.945798873901367188 17.004573822021484375 17.080211639404296875 16.906446456909179688 16.719316482543945313 16.588575363159179688 16.542507171630859375 16.9408416748046875 17.552799224853515625 18.016178131103515625
17.725385665893554688 17.72556304931640625 17.723661422729492188 17.721332550048828125 17.718250274658203125 17.713367462158203125 17.702157974243164063 17.690265655517578125 17.662450790405273438 17.598873138427734375 17.500757217407226563 17.38797760009765625 17.27555084228515625 17.15340423583984375 16.960256576538085938 16.658395767211914063 16.408130645751953125 16.633806228637695313 16.833984375 17.111385345458984375 17.346342086791992188 17.5330047607421875 17.619838714599609375 17.580343246459960938 17.445142745971679688 17.305284500122070313 17.227497100830078125 17.167266845703125 17.08896636962890625 17.027050018310546875 17.011430740356445313 17.08843231201171875 17.096996307373046875 16.940103530883789063 16.718967437744140625 16.624332427978515625 17.136165618896484375 17.968357086181640625 18.34326934814453125 18.40541839599609375
17.634202957153320313 17.646085739135742188 17.657476425170898438 17.6654510498046875 17.666402816772460938 17.662494659423828125 17.652355194091796875 17.633392333984375 17.583353042602539063 17.493377685546875 17.37286376953125 17.256582260131835938 17.137773513793945313 16.9847869873046875 16.78115081787109375 16.605052947998046875 16.677885055541992188 16.871585845947265625 17.05651092529296875 17.256275177001953125 17.41811370849609375 17.547807693481445313 17.609186172485351563 17.585432052612304688 17.488780975341796875 17.356290817260742188 17.262401580810546875 17.20189666748046875 17.15106964111328125 17.135616302490234375 17.150442123413085938 17.150873184204101563 17.044805526733398438 16.8414459228515625 16.875097274780273438 17.53549957275390625 18.238494873046875 18.419275283813476563 18.4110260009765625 18.333814620971679688
17.54804229736328125 17.557580947875976563 17.57120513916015625 17.576948165893554688 17.57187652587890625 17.556821823120117188 17.534267425537109375 17.492427825927734375 17.427030563354492188 17.339361190795898438 17.23932647705078125 17.140069961547851563 17.027532577514648438 16.903150558471679688 16.811069488525390625 16.829986572265625 16.951328277587890625 17.053075790405273438 17.205198287963867188 17.316516876220703125 17.40514373779296875 17.483114242553710938 17.537303924560546875 17.5673065185546875 17.539642333984375 17.454647064208984375 17.379039764404296875 17.318773269653320313 17.2686004638671875 17.219480514526367188 17.135066986083984375 16.992475509643554688 16.918542861938476563 17.341047286987304688 18.030717849731445313 18.37059783935546875 18.435674667358398438 18.41654205322265625 18.359493255615234375 18.294635772705078125
17.491579055786132813 17.493566513061523438 17.49063873291015625 17.481689453125 17.466419219970703125 17.440948486328125 17.409414291381835938 17.36777496337890625 17.3125457763671875 17.244169235229492188 17.168302536010742188 17.096593856811523438 17.023418426513671875 16.974853515625 16.975191116333007813 17.02014923095703125 17.095666885375976563 17.192888259887695313 17.274309158325195313 17.3122406005859375 17.347156524658203125 17.373792648315429688 17.415273666381835938 17.478353500366210938 17.485452651977539063 17.43271636962890625 17.376018524169921875 17.303379058837890625 17.203538894653320313 17.078983306884765625 16.95650482177734375 16.997518539428710938 17.706575393676757813 18.319379806518554688 18.426298141479492188 18.435359954833984375 18.458333969116210938 18.459547042846679688 18.44646453857421875 18.3789215087890625
17.477731704711914063 17.458726882934570313 17.440683364868164063 17.4213104248046875 17.397441864013671875 17.369207382202148438 17.33632659912109375 17.3021087646484375 17.25855255126953125 17.210542678833007813 17.16303253173828125 17.120697021484375 17.084827423095703125 17.067155838012695313 17.07915496826171875 17.137910842895507813 17.210615158081054688 17.249652862548828125 17.272573471069335938 17.2823486328125 17.273141860961914063 17.264440536499023438 17.288496017456054688 17.33864593505859375 17.35617828369140625 17.321882247924804688 17.258562088012695313 17.168039321899414063 17.058427810668945313 16.987705230712890625 17.099384307861328125 17.75577545166015625 18.364284515380859375 18.435152053833007813 18.43184661865234375 18.4604034423828125 18.494634628295898438 18.492074966430664063 18.463077545166015625 18.398340225219726563
17.474103927612304688 17.471799850463867188 17.462842941284179688 17.44156646728515625 17.4097137451171875 17.37274932861328125 17.334218978881835938 17.300096511840820313 17.265928268432617188 17.233945846557617188 17.200357437133789063 17.163957595825195313 17.13066864013671875 17.125570297241210938 17.175655364990234375 17.231800079345703125 17.241102218627929688 17.243749618530273438 17.244714736938476563 17.228422164916992188 17.200466156005859375 17.182373046875 17.192277908325195313 17.212078094482421875 17.210981369018554688 17.180919647216796875 17.128814697265625 17.054386138916015625 17.001825332641601563 17.08158111572265625 17.4925537109375 18.2319793701171875 18.432931900024414063 18.429269790649414063 18.414606094360351563 18.434680938720703125 18.437746047973632813 18.452871322631835938 18.474920272827148438 18.484050750732421875
17.385229110717773438 17.388505935668945313 17.396852493286132813 17.405710220336914063 17.410020828247070313 17.39704132080078125 17.36893463134765625 17.332002639770507813 17.293066024780273438 17.248544692993164063 17.201368331909179688 17.153575897216796875 17.133981704711914063 17.167633056640625 17.227815628051757813 17.238019943237304688 17.222805023193359375 17.21517181396484375 17.204961776733398438 17.183917999267578125 17.161382675170898438 17.155521392822265625 17.164045333862304688 17.168966293334960938 17.15032958984375 17.108964920043945313 17.055124282836914063 16.99254608154296875 16.966493606567382813 17.08941650390625 17.528120040893554688 18.156908035278320313 18.428806304931640625 18.42093658447265625 18.3695068359375 18.346498489379882813 18.32498931884765625 18.338283538818359375 18.397741317749023438 18.471834182739257813
17.377634048461914063 17.37181854248046875 17.343536376953125 17.318605422973632813 17.312862396240234375 17.314579010009765625 17.304775238037109375 17.274499893188476563 17.232662200927734375 17.19295501708984375 17.15557861328125 17.140050888061523438 17.157131195068359375 17.20307159423828125 17.229457855224609375 17.210468292236328125 17.18082427978515625 17.171636581420898438 17.164947509765625 17.15435028076171875 17.151462554931640625 17.164356231689453125 17.183734893798828125 17.187810897827148438 17.167980194091796875 17.127819061279296875 17.080568313598632813 17.021024703979492188 16.971014022827148438 16.993051528930664063 17.218994140625 17.704633712768554688 18.190921783447265625 18.376947402954101563 18.3675994873046875 18.329427719116210938 18.271341323852539063 18.221439361572265625 18.216444015502929688 18.278879165649414063
17.412298202514648438 17.407428741455078125 17.38220977783203125 17.32424163818359375 17.266908645629882813 17.241964340209960938 17.2320098876953125 17.2132415771484375 17.189365386962890625 17.178365707397460938 17.177707672119140625 17.188495635986328125 17.206695556640625 17.215764999389648438 17.201524734497070313 17.166471481323242188 17.1328887939453125 17.121927261352539063 17.127658843994140625 17.143205642700195313 17.172101974487304688 17.21280670166015625 17.252958297729492188 17.277631759643554688 17.268617630004882813 17.229358673095703125 17.17446136474609375 17.12163543701171875 17.078357696533203125 17.0641021728515625 17.116851806640625 17.323717117309570313 17.69341278076171875 18.088037490844726563 18.276464462280273438 18.276782989501953125 18.19554901123046875 18.123167037963867188 18.109998703002929688 18.104955673217773438
17.469274520874023438 17.449125289916992188 17.4085845947265625 17.348173141479492188 17.292633056640625 17.26056671142578125 17.247037887573242188 17.23863983154296875 17.233339309692382813 17.2350921630859375 17.239458084106445313 17.238162994384765625 17.225757598876953125 17.2053680419921875 17.1739501953125 17.1405487060546875 17.117792129516601563 17.112466812133789063 17.119710922241210938 17.142847061157226563 17.180337905883789063 17.232572555541992188 17.285430908203125 17.341449737548828125 17.374345779418945313 17.377992630004882813 17.343835830688476563 17.28203582763671875 17.212182998657226563 17.1606903076171875 17.15135955810546875 17.198228836059570313 17.36440277099609375 17.648450851440429688 17.85491943359375 17.87622833251953125 17.812337875366210938 17.750528335571289063 17.829502105712890625 17.977222442626953125
17.504571914672851563 17.464868545532226563 17.426982879638671875 17.38230133056640625 17.3441619873046875 17.324525833129882813 17.30812835693359375 17.293682098388671875 17.286685943603515625 17.286785125732421875 17.286731719970703125 17.27960205078125 17.261203765869140625 17.236843109130859375 17.209438323974609375 17.188861846923828125 17.18133544921875 17.186229705810546875 17.194843292236328125 17.20897674560546875 17.230968475341796875 17.264995574951171875 17.289859771728515625 17.328615188598632813 17.37442779541015625 17.42181396484375 17.442499160766601563 17.428005218505859375 17.385309219360351563 17.331438064575195313 17.28884124755859375 17.26464080810546875 17.266450881958007813 17.319097518920898438 17.404542922973632813 17.458284378051757813 17.523029327392578125 17.614587783813476563 17.771677017211914063 17.940319061279296875
17.52365875244140625 17.491128921508789063 17.469503402709960938 17.459112167358398438 17.471469879150390625 17.483228683471679688 17.4795684814453125 17.4691619873046875 17.456478118896484375 17.43991851806640625 17.417051315307617188 17.394433975219726563 17.381135940551757813 17.386913299560546875 17.415393829345703125 17.46781158447265625 17.528642654418945313 17.578128814697265625 17.597551345825195313 17.594911575317382813 17.572340011596679688 17.539098739624023438 17.486585617065429688 17.440347671508789063 17.414785385131835938 17.416910171508789063 17.441707611083984375 17.46179962158203125 17.467851638793945313 17.458265304565429688 17.459524154663085938 17.464803695678710938 17.493343353271484375 17.557348251342773438 17.657903671264648438 17.857717514038085938 18.083154678344726563 18.264852523803710938 18.418249130249023438 18.512447357177734375
17.58295440673828125 17.584835052490234375 17.628385543823242188 17.723188400268554688 17.837614059448242188 17.895862579345703125 17.889921188354492188 17.850164413452148438 17.810312271118164063 17.767705917358398438 17.725940704345703125 17.728719711303710938 17.798089981079101563 17.92446136474609375 18.073785781860351563 18.203306198120117188 18.285448074340820313 18.314924240112304688 18.318431854248046875 18.303518295288085938 18.263151168823242188 18.192857742309570313 18.062337875366210938 17.865728378295898438 17.708406448364257813 17.613031387329101563 17.5377197265625 17.494287490844726563 17.4740142822265625 17.459247589111328125 17.583354949951171875 17.814828872680664063 18.065362930297851563 18.290586471557617188 18.562425613403320313 18.726764678955078125 18.795345306396484375 18.831602096557617188 18.844615936279296875 18.844858169555664063
17.69593048095703125 17.762987136840820313 17.898935317993164063 18.078958511352539063 18.2205810546875 18.257661819458007813 18.225093841552734375 18.191755294799804688 18.180210113525390625 18.1665802001953125 18.164007186889648438 18.228715896606445313 18.346776962280273438 18.452215194702148438 18.506143569946289063 18.521450042724609375 18.514133453369140625 18.499006271362304688 18.493682861328125 18.5058441162109375 18.520380020141601563 18.521635055541992188 18.490316390991210938 18.360349655151367188 18.171100616455078125 18.014715194702148438 17.871522903442382813 17.74924468994140625 17.567432403564453125 17.543516159057617188 17.970464706420898438 18.447101593017578125 18.756038665771484375 18.835241317749023438 18.856969833374023438 18.856397628784179688 18.845849990844726563 18.8420867919921875 18.846269607543945313 18.85344696044921875
17.802219390869140625 17.895599365234375 18.06903076171875 18.261468887329101563 18.389680862426757813 18.427928924560546875 18.40520477294921875 18.3807830810546875 18.393712997436523438 18.403087615966796875 18.40781402587890625 18.450336456298828125 18.512235641479492188 18.540771484375 18.550085067749023438 18.522851943969726563 18.468824386596679688 18.414581298828125 18.390064239501953125 18.4090728759765625 18.446992874145507813 18.494359970092773438 18.532377243041992188 18.539327621459960938 18.468458175659179688 18.371076583862304688 18.259847640991210938 18.079484939575195313 17.710405349731445313 17.800718307495117188 18.31328582763671875 18.664052963256835938 18.805812835693359375 18.840024948120117188 18.841800689697265625 18.836385726928710938 18.833608627319335938 18.838459014892578125 18.849599838256835938 18.86309051513671875
17.973279953002929688 17.980213165283203125 18.0389556884765625 18.158138275146484375 18.3022613525390625 18.431049346923828125 18.48642730712890625 18.48474884033203125 18.490755081176757813 18.509050369262695313 18.52155303955078125 18.542148590087890625 18.5777435302734375 18.592487335205078125 18.589481353759765625 18.550409317016601563 18.481206893920898438 18.398271560668945313 18.357730865478515625 18.367778778076171875 18.401304244995117188 18.441183090209960938 18.496713638305664063 18.566331863403320313 18.589763641357421875 18.539188385009765625 18.439945220947265625 18.1791229248046875 17.837312698364257813 18.012613296508789063 18.429201126098632813 18.7312774658203125 18.83487701416015625 18.859439849853515625 18.852375030517578125 18.826669692993164063 18.81070709228515625 18.814241409301757813 18.8305816650390625 18.849832534790039063
18.061817169189453125 18.101495742797851563 18.1158294677734375 18.128627777099609375 18.159902572631835938 18.224138259887695313 18.343446731567382813 18.456487655639648438 18.501142501831054688 18.521780014038085938 18.541402816772460938 18.56630706787109375 18.594202041625976563 18.599132537841796875 18.585588455200195313 18.532848358154296875 18.447223663330078125 18.341093063354492188 18.318197250366210938 18.34125518798828125 18.4004364013671875 18.459089279174804688 18.498373031616210938 18.568637847900390625 18.626180648803710938 18.582002639770507813 18.427286148071289063 18.123569488525390625 17.942623138427734375 18.210744857788085938 18.546804428100585938 18.768178939819335938 18.844491958618164063 18.848928451538085938 18.805387496948242188 18.764970779418945313 18.759622573852539063 18.773092269897460938 18.802213668823242188 18.82730865478515625
