MapLinkProApp/griddata/temperature/ASCII/cmems_mod_glo_phy-thetao_anfc_0,083deg_P1D-m_1702458667101_2533,3.asc
ncols        121
nrows        120
xllcorner    -30.041666666667
yllcorner    40.041666655981
cellsize     0.083333333333
NODATA_value  9.9692099683868690468e+36
[rows 0 to 17 of 120, columns 0 to 38 of 121]
2.9431598186492919922 2.9238369464874267578 2.9160618782043457031 9.9692099683868690468e+36 2.9647502899169921875 2.9899013042449951172 2.995391845703125 2.9868323802947998047 2.9941995143890380859 2.9921312332153320313 2.9935898780822753906 2.9815318584442138672 2.9753808975219726563 2.9792964458465576172 2.9781401157379150391 2.9824814796447753906 3.0057466030120849609 3.0323421955108642578 3.052997589111328125 3.0805590152740478516 3.1034801006317138672 3.1296596527099609375 3.1487648487091064453 3.1387150287628173828 3.1572320461273193359 3.161235809326171875 3.1547863483428955078 3.1205000877380371094 3.0925402641296386719 3.0812044143676757813 3.0608623027801513672 3.0665416717529296875 3.0824034214019775391 3.0993661880493164063 3.0957787036895751953 3.0950086116790771484 3.0972003936767578125 3.0971651077270507813 3.0904610157012939453
2.9463796615600585938 2.9242351055145263672 2.9225101470947265625 2.9497392177581787109 9.9692099683868690468e+36 3.0124676227569580078 3.0012829303741455078 2.9938516616821289063 2.9864068031311035156 2.9796729087829589844 2.97129058837890625 2.9679005146026611328 2.9730000495910644531 2.9739773273468017578 2.9718508720397949219 2.9737508296966552734 2.9817874431610107422 2.9928276538848876953 3.0060350894927978516 3.0330777168273925781 3.0653533935546875 3.0829570293426513672 3.1111156940460205078 3.1236698627471923828 3.1456267833709716797 3.1650745868682861328 3.1530354022979736328 3.1216607093811035156 3.093486785888671875 3.0766935348510742188 3.0707073211669921875 3.0675661563873291016 3.0789752006530761719 3.0955047607421875 3.1133985519409179688 3.1137876510620117188 3.105167388916015625 3.0989403724670410156 3.0865361690521240234
9.9692099683868690468e+36 9.9692099683868690468e+36 9.9692099683868690468e+36 2.9631054401397705078 2.9992382526397705078 9.9692099683868690468e+36 9.9692099683868690468e+36 9.9692099683868690468e+36 9.9692099683868690468e+36 3.0133950710296630859 3.013835906982421875 3.0063836574554443359 3.0093433856964111328 3.0201432704925537109 3.0264840126037597656 3.0285222530364990234 3.0202212333679199219 3.0109717845916748047 3.0267481803894042969 3.0580992698669433594 9.9692099683868690468e+36 3.0789253711700439453 3.1073620319366455078 3.1254088878631591797 3.1422228813171386719 3.1490333080291748047 3.1350994110107421875 3.131435394287109375 3.0962049961090087891 3.0793209075927734375 3.0552601814270019531 3.0696976184844970703 3.0944235324859619141 3.1092240810394287109 3.1004662513732910156 3.0897710323333740234 3.0825192928314208984 3.0760912895202636719 3.0689198970794677734
9.9692099683868690468e+36 9.9692099683868690468e+36 9.9692099683868690468e+36 2.9405674934387207031 2.9751942157745361328 3.0284779071807861328 3.0507686138153076172 3.0512635707855224609 3.0526325702667236328 9.9692099683868690468e+36 9.9692099683868690468e+36 3.0600020885467529297 3.0371975898742675781 3.0397171974182128906 3.056121826171875 3.0732624530792236328 3.0685291290283203125 3.0548503398895263672 3.0533466339111328125 3.0533835887908935547 3.0492870807647705078 3.0723471641540527344 3.1090703010559082031 3.1433210372924804688 3.1410703659057617188 3.1388764381408691406 3.1305873394012451172 3.1286818981170654297 3.0894074440002441406 3.0668420791625976563 3.0824487209320068359 3.1067051887512207031 3.1107120513916015625 3.1079282760620117188 3.0795056819915771484 3.0722472667694091797 3.0706958770751953125 3.0585415363311767578 3.0531430244445800781
2.9314703941345214844 2.9127459526062011719 2.9287040233612060547 2.9521842002868652344 2.9911305904388427734 3.0013682842254638672 3.0290398597717285156 3.0482518672943115234 3.0552279949188232422 3.067737579345703125 9.9692099683868690468e+36 9.9692099683868690468e+36 9.9692099683868690468e+36 9.9692099683868690468e+36 9.9692099683868690468e+36 9.9692099683868690468e+36 9.9692099683868690468e+36 9.9692099683868690468e+36 3.0855610370635986328 3.0806353092193603516 3.0794146060943603516 3.0815649032592773438 3.1079132556915283203 3.1233808994293212891 3.1323192119598388672 3.1232564449310302734 3.1041889190673828125 3.100788116455078125 3.1072881221771240234 3.0868623256683349609 3.0713455677032470703 3.0802085399627685547 3.09300994873046875 3.0840964317321777344 3.0562131404876708984 3.0458810329437255859 3.0508742332458496094 3.0434808731079101563 3.0480792522430419922
2.9476869106292724609 2.9284124374389648438 2.9289717674255371094 2.9493627548217773438 2.9805848598480224609 2.9803667068481445313 2.984241485595703125 3.0020301342010498047 3.0121059417724609375 3.0049474239349365234 3.0367681980133056641 3.0912525653839111328 9.9692099683868690468e+36 9.9692099683868690468e+36 9.9692099683868690468e+36 9.9692099683868690468e+36 9.9692099683868690468e+36 9.9692099683868690468e+36 3.0913043022155761719 3.0863626003265380859 3.0943012237548828125 3.1256070137023925781 3.1154763698577880859 3.1016738414764404297 3.1060702800750732422 3.103656768798828125 3.0848534107208251953 3.0908176898956298828 9.9692099683868690468e+36 9.9692099683868690468e+36 9.9692099683868690468e+36 3.1034936904907226563 3.0553548336029052734 3.0328867435455322266 3.0057022571563720703 2.9922649860382080078 3.0099394321441650391 3.0167717933654785156 3.0262668132781982422
2.9452273845672607422 2.936313629150390625 2.9573853015899658203 2.9735403060913085938 2.9896526336669921875 2.9884274005889892578 2.9732837677001953125 2.9733409881591796875 2.9766125679016113281 2.9881329536437988281 3.0162875652313232422 3.0539028644561767578 3.0917859077453613281 9.9692099683868690468e+36 9.9692099683868690468e+36 9.9692099683868690468e+36 9.9692099683868690468e+36 3.1121184825897216797 3.1024675369262695313 3.1068108081817626953 3.1140668392181396484 9.9692099683868690468e+36 9.9692099683868690468e+36 3.1755585670471191406 3.18425750732421875 9.9692099683868690468e+36 9.9692099683868690468e+36 3.0750570297241210938 3.0828280448913574219 9.9692099683868690468e+36 9.9692099683868690468e+36 3.0715730190277099609 3.0336830615997314453 3.0024747848510742188 2.9912099838256835938 2.9955213069915771484 3.0108430385589599609 3.0146391391754150391 3.0246863365173339844
2.9488441944122314453 2.9693067073822021484 2.9956619739532470703 2.9960491657257080078 3.0018455982208251953 2.9918072223663330078 2.9765245914459228516 2.9575383663177490234 2.9621028900146484375 2.9835038185119628906 3.0132925510406494141 3.0459730625152587891 3.0768816471099853516 3.0949940681457519531 3.0867984294891357422 3.0765504837036132813 9.9692099683868690468e+36 3.0828113555908203125 3.0778489112854003906 3.0961484909057617188 3.1117627620697021484 9.9692099683868690468e+36 9.9692099683868690468e+36 9.9692099683868690468e+36 9.9692099683868690468e+36 9.9692099683868690468e+36 9.9692099683868690468e+36 9.9692099683868690468e+36 3.0327513217926025391 3.0305445194244384766 3.0329167842864990234 3.0254399776458740234 3.00921630859375 2.9978055953979492188 2.9939837455749511719 2.9984946250915527344 2.9901621341705322266 2.977813720703125 3.0016279220581054688
2.9749534130096435547 3.0140602588653564453 3.0196146965026855469 3.0092778205871582031 3.0212635993957519531 3.0015385150909423828 2.9834418296813964844 2.9667661190032958984 2.9631533622741699219 2.9812421798706054688 3.0089476108551025391 3.0467545986175537109 3.0740678310394287109 3.0676116943359375 3.0539295673370361328 3.0597870349884033203 3.0722002983093261719 3.0847141742706298828 3.0773868560791015625 3.0667080879211425781 3.0823841094970703125 3.0833265781402587891 9.9692099683868690468e+36 9.9692099683868690468e+36 3.0793616771697998047 3.0721693038940429688 3.0513429641723632813 3.0169501304626464844 3.0011043548583984375 3.0163848400115966797 3.0421578884124755859 3.0259940624237060547 3.0094008445739746094 3.0075602531433105469 3.0115222930908203125 2.9900619983673095703 2.9658710956573486328 2.9494266510009765625 2.9380397796630859375
2.9221858978271484375 2.933994293212890625 2.9679589271545410156 2.9860098361968994141 3.0230951309204101563 3.0185403823852539063 9.9692099683868690468e+36 3.0033824443817138672 2.9655156135559082031 2.9598600864410400391 2.9795043468475341797 3.0051517486572265625 3.0541656017303466797 3.0738751888275146484 3.0593101978302001953 3.0546991825103759766 3.0437073707580566406 3.041141510009765625 3.0244042873382568359 3.0281910896301269531 3.0505678653717041016 3.0519609451293945313 9.9692099683868690468e+36 3.0623195171356201172 3.0411915779113769531 3.0737373828887939453 3.0755009651184082031 3.0294530391693115234 2.9786043167114257813 2.9831686019897460938 3.0095522403717041016 3.0284967422485351563 3.0132954120635986328 3.0071163177490234375 2.9965686798095703125 2.9785680770874023438 2.9618120193481445313 2.9451661109924316406 2.9382922649383544922
2.8485414981842041016 2.8833444118499755859 2.9256649017333984375 2.9483363628387451172 2.9749891757965087891 2.9988019466400146484 3.0217566490173339844 2.9962141513824462891 2.97147369384765625 2.9743170738220214844 2.9804813861846923828 2.9919412136077880859 3.0300657749176025391 3.0962505340576171875 3.1466219425201416016 9.9692099683868690468e+36 3.0255651473999023438 3.0264689922332763672 3.0244717597961425781 3.0074999332427978516 3.0107395648956298828 3.0220725536346435547 3.0412762165069580078 9.9692099683868690468e+36 9.9692099683868690468e+36 9.9692099683868690468e+36 3.0822122097015380859 3.0618367195129394531 3.0170001983642578125 3.0104060173034667969 3.0026445388793945313 3.0046598911285400391 3.0070869922637939453 3.006786346435546875 2.9869606494903564453 2.9713025093078613281 2.9556767940521240234 2.9438354969024658203 2.9438531398773193359
2.8752152919769287109 2.9061133861541748047 2.9252848625183105469 2.9330935478210449219 2.9491517543792724609 2.9719593524932861328 3.0036940574645996094 2.9975631237030029297 2.9820795059204101563 2.9807429313659667969 2.9785954952239990234 9.9692099683868690468e+36 9.9692099683868690468e+36 9.9692099683868690468e+36 9.9692099683868690468e+36 9.9692099683868690468e+36 9.9692099683868690468e+36 3.0301699638366699219 3.0234222412109375 3.0186641216278076172 3.0047023296356201172 3.0204679965972900391 3.0265088081359863281 3.0514490604400634766 3.0742771625518798828 9.9692099683868690468e+36 9.9692099683868690468e+36 9.9692099683868690468e+36 3.0478103160858154297 3.0388073921203613281 3.0218224525451660156 3.0061688423156738281 2.9990975856781005859 2.9986169338226318359 2.9807341098785400391 2.9672880172729492188 2.9708676338195800781 2.9557278156280517578 2.9499738216400146484
2.910930633544921875 2.9221265316009521484 2.9213225841522216797 2.9224565029144287109 2.9465391635894775391 2.9637815952301025391 2.9905455112457275391 3.0050256252288818359 3.0058088302612304688 3.0030438899993896484 2.9973480701446533203 3.0100729465484619141 3.0559775829315185547 3.0864689350128173828 9.9692099683868690468e+36 9.9692099683868690468e+36 9.9692099683868690468e+36 9.9692099683868690468e+36 3.0474419593811035156 3.0564756393432617188 3.0334062576293945313 3.0486233234405517578 3.0330357551574707031 3.0298132896423339844 3.0716295242309570313 9.9692099683868690468e+36 3.0390925407409667969 3.0581426620483398438 3.0690169334411621094 3.0688343048095703125 3.0321800708770751953 3.0233361721038818359 3.0181806087493896484 3.0118944644927978516 3.0159268379211425781 2.9975907802581787109 2.9832508563995361328 2.9728937149047851563 2.9664354324340820313
2.9767329692840576172 2.9429876804351806641 2.9054343700408935547 2.9102408885955810547 2.9382915496826171875 2.9669828414916992188 2.9925203323364257813 2.9965131282806396484 2.9882159233093261719 2.9962573051452636719 3.0077848434448242188 3.0231854915618896484 3.0486788749694824219 3.0681428909301757813 9.9692099683868690468e+36 9.9692099683868690468e+36 9.9692099683868690468e+36 9.9692099683868690468e+36 9.9692099683868690468e+36 9.9692099683868690468e+36 9.9692099683868690468e+36 9.9692099683868690468e+36 3.0565721988677978516 3.0340387821197509766 3.0331313610076904297 3.0307614803314208984 3.0318043231964111328 3.0459783077239990234 3.0586049556732177734 3.0705623626708984375 3.0760715007781982422 3.0534045696258544922 3.0365452766418457031 3.0290329456329345703 3.0337874889373779297 3.0294833183288574219 3.0187716484069824219 3.0002675056457519531 2.9846131801605224609
3.0185005664825439453 2.9847540855407714844 2.9493291378021240234 2.9238259792327880859 2.9366588592529296875 2.9535596370697021484 2.9652390480041503906 2.9697787761688232422 2.9793992042541503906 2.9954850673675537109 3.0130293369293212891 3.0390939712524414063 3.0597743988037109375 9.9692099683868690468e+36 9.9692099683868690468e+36 9.9692099683868690468e+36 9.9692099683868690468e+36 9.9692099683868690468e+36 9.9692099683868690468e+36 9.9692099683868690468e+36 9.9692099683868690468e+36 9.9692099683868690468e+36 9.9692099683868690468e+36 3.0203459262847900391 3.0368726253509521484 3.0468103885650634766 3.05725860595703125 3.0660481452941894531 3.0678954124450683594 3.0754892826080322266 3.0952806472778320313 3.0767371654510498047 9.9692099683868690468e+36 3.0558226108551025391 3.0379183292388916016 3.0333492755889892578 3.0097136497497558594 3.0030415058135986328 3.0139091014862060547
3.0410928726196289063 3.0186018943786621094 2.9762220382690429688 2.9532446861267089844 2.9477863311767578125 2.9394185543060302734 2.9456186294555664063 2.9457497596740722656 2.9577946662902832031 2.9633226394653320313 2.9745376110076904297 3.0020728111267089844 3.0350651741027832031 3.0725960731506347656 3.1052899360656738281 9.9692099683868690468e+36 9.9692099683868690468e+36 9.9692099683868690468e+36 9.9692099683868690468e+36 9.9692099683868690468e+36 9.9692099683868690468e+36 9.9692099683868690468e+36 9.9692099683868690468e+36 9.9692099683868690468e+36 3.0394215583801269531 3.0589122772216796875 3.0735731124877929688 9.9692099683868690468e+36 9.9692099683868690468e+36 3.1273529529571533203 9.9692099683868690468e+36 9.9692099683868690468e+36 9.9692099683868690468e+36 9.9692099683868690468e+36 3.0477478504180908203 3.0399541854858398438 3.0243072509765625 3.0104289054870605469 3.0077047348022460938
3.0704667568206787109 3.0386745929718017578 2.9900929927825927734 2.9541406631469726563 2.9369821548461914063 2.9273917675018310547 2.9131217002868652344 2.9120154380798339844 2.9298164844512939453 2.9556813240051269531 2.9912745952606201172 3.0284860134124755859 3.0491375923156738281 3.0605993270874023438 3.0878748893737792969 3.1190166473388671875 3.1162052154541015625 3.1081151962280273438 3.1161344051361083984 9.9692099683868690468e+36 9.9692099683868690468e+36 3.0829701423645019531 9.9692099683868690468e+36 3.0565395355224609375 3.0686464309692382813 3.0708196163177490234 3.0864048004150390625 9.9692099683868690468e+36 9.9692099683868690468e+36 9.9692099683868690468e+36 3.1057438850402832031 3.0698826313018798828 3.0406732559204101563 3.0386669635772705078 3.0360159873962402344 3.0426108837127685547 9.9692099683868690468e+36 9.9692099683868690468e+36 3.0320062637329101563
3.0655863285064697266 3.0250935554504394531 2.9797279834747314453 2.9512169361114501953 2.93011474609375 2.9196977615356445313 2.9094312191009521484 2.9060368537902832031 2.9267122745513916016 2.9658048152923583984 3.0126049518585205078 3.0458543300628662109 3.0686185359954833984 3.0925469398498535156 3.1160142421722412109 9.9692099683868690468e+36 9.9692099683868690468e+36 3.0898461341857910156 3.0889966487884521484 9.9692099683868690468e+36 9.9692099683868690468e+36 9.9692099683868690468e+36 9.9692099683868690468e+36 9.9692099683868690468e+36 3.0686080455780029297 3.0637679100036621094 3.0680549144744873047 9.9692099683868690468e+36 9.9692099683868690468e+36 9.9692099683868690468e+36 9.9692099683868690468e+36 9.9692099683868690468e+36 3.0470497608184814453 3.0535237789154052734 3.0495767593383789063 3.044261932373046875 9.9692099683868690468e+36 9.9692099683868690468e+36 9.9692099683868690468e+36
