MapLinkProApp/griddata/temperature/ASCII/cmems_mod_glo_phy-thetao_anfc_0,083deg_P1D-m_1702458667101_1684,3.asc
ncols        121
nrows        120
xllcorner    -30.041666666667
yllcorner    40.041666655981
cellsize     0.083333333333
NODATA_value  9.9692099683868690468e+36
[rows 90 to 107 of 120, columns 0 to 39 of 121]
3.9360690116882324219 3.9786002635955810547 4.0529255867004394531 4.13254547119140625 4.2332243919372558594 4.2936043739318847656 4.278644561767578125 4.1895442008972167969 4.0780282020568847656 4.0900259017944335938 9.9692099683868690468e+36 3.9062330722808837891 3.8410267829895019531 9.9692099683868690468e+36 3.9794743061065673828 9.9692099683868690468e+36 3.9995377063751220703 4.016216278076171875 4.0345020294189453125 4.0435533523559570313 4.0558404922485351563 4.1632595062255859375 4.3627266883850097656 4.3577880859375 4.4387888908386230469 4.4028863906860351563 4.5778717994689941406 4.6188960075378417969 4.5126357078552246094 4.2858128547668457031 4.0540094375610351563 3.9176173210144042969 3.907093048095703125 3.9532675743103027344 3.9897119998931884766 3.8732533454895019531 3.8524158000946044922 3.9846739768981933594 4.0013432502746582031 3.9830327033996582031
3.9924256801605224609 4.0740094184875488281 4.11925506591796875 4.1748943328857421875 4.2366490364074707031 4.271068572998046875 4.2576446533203125 4.188732147216796875 4.1613245010375976563 4.1691975593566894531 9.9692099683868690468e+36 3.9620211124420166016 3.954288482666015625 4.1055631637573242188 4.1054463386535644531 4.0912995338439941406 3.9880578517913818359 4.0365390777587890625 4.0571699142456054688 4.0358409881591796875 4.0510120391845703125 4.1522879600524902344 4.3088498115539550781 4.2875814437866210938 4.3919687271118164063 4.4746546745300292969 4.5588293075561523438 4.64776611328125 4.5802440643310546875 4.4752726554870605469 4.2678995132446289063 4.0024404525756835938 3.8592445850372314453 3.8731961250305175781 3.8769962787628173828 3.8854260444641113281 3.8514077663421630859 3.9519419670104980469 3.9976663589477539063 4.0006303787231445313
4.0367937088012695313 4.0840744972229003906 4.1156377792358398438 4.1425766944885253906 4.1846361160278320313 4.2575135231018066406 4.2021074295043945313 4.1778178215026855469 4.2176752090454101563 4.163570404052734375 4.0476970672607421875 3.9654424190521240234 4.0792293548583984375 4.0405864715576171875 4.15747833251953125 4.1712398529052734375 4.1046380996704101563 4.1179699897766113281 4.1241288185119628906 4.1270251274108886719 4.0978817939758300781 4.0984735488891601563 4.2064208984375 4.4526200294494628906 4.4806771278381347656 4.7114238739013671875 4.6703124046325683594 4.6568694114685058594 4.6467490196228027344 4.5185651779174804688 4.3851776123046875 4.1708879470825195313 3.9653811454772949219 3.8968327045440673828 3.8923251628875732422 3.83350372314453125 3.8553488254547119141 3.912944793701171875 4.0146975517272949219 3.9748723506927490234
4.1319327354431152344 4.1225705146789550781 4.1262035369873046875 4.1639957427978515625 4.2274723052978515625 4.2761025428771972656 4.2775068283081054688 4.2817316055297851563 4.2439117431640625 4.2527360916137695313 4.1839318275451660156 4.07642364501953125 4.0749759674072265625 4.0780005455017089844 4.1688046455383300781 4.1439161300659179688 4.1279358863830566406 4.0824170112609863281 4.1216301918029785156 4.1319575309753417969 4.0984234809875488281 4.1214194297790527344 4.2377653121948242188 4.4439158439636230469 4.6049098968505859375 4.767177581787109375 4.7227153778076171875 4.6603846549987792969 4.5192689895629882813 4.3859434127807617188 4.3074278831481933594 4.1809396743774414063 4.0212450027465820313 3.8970534801483154297 3.8998529911041259766 3.7573840618133544922 3.7980949878692626953 3.8844051361083984375 3.9799656867980957031 4.0091028213500976563
4.2088832855224609375 4.2193851470947265625 4.1507792472839355469 4.1733236312866210938 4.2300276756286621094 4.3410930633544921875 4.3788118362426757813 4.3224215507507324219 9.9692099683868690468e+36 4.2849206924438476563 4.2858867645263671875 4.1166634559631347656 4.0935406684875488281 4.1099791526794433594 4.1700525283813476563 4.0912671089172363281 4.0710577964782714844 4.1244902610778808594 4.0351209640502929688 4.0054821968078613281 3.9937176704406738281 4.0845894813537597656 4.2216820716857910156 4.410503387451171875 4.5474686622619628906 4.6498045921325683594 4.5807852745056152344 4.4462118148803710938 4.2847509384155273438 4.2116847038269042969 4.1730122566223144531 4.0572390556335449219 3.9130103588104248047 3.8210005760192871094 3.7660622596740722656 3.7156169414520263672 3.7834098339080810547 3.8881580829620361328 3.9297699928283691406 4.1060743331909179688
4.1895442008972167969 4.2562794685363769531 4.182666778564453125 4.1563277244567871094 4.191539764404296875 4.1052980422973632813 4.2910046577453613281 4.1859188079833984375 4.14630889892578125 4.2854022979736328125 4.3684129714965820313 4.2460818290710449219 4.1381583213806152344 4.036754608154296875 4.01232147216796875 4.0292272567749023438 3.9592804908752441406 3.950428009033203125 3.8533005714416503906 3.9122936725616455078 3.9450500011444091797 3.9911866188049316406 4.1820731163024902344 4.31992340087890625 4.4982485771179199219 4.5099034309387207031 4.3867034912109375 4.2169566154479980469 4.1927995681762695313 4.1731638908386230469 4.1061978340148925781 3.9790976047515869141 3.880023956298828125 3.8326146602630615234 3.7793703079223632813 3.8072581291198730469 3.8750994205474853516 3.9444012641906738281 4.0217881202697753906 4.1484222412109375
4.2506308555603027344 4.2524805068969726563 4.1941351890563964844 4.0564227104187011719 3.916362762451171875 3.9082608222961425781 9.9692099683868690468e+36 9.9692099683868690468e+36 4.0418686866760253906 4.2433676719665527344 4.3686423301696777344 4.360858917236328125 4.238616943359375 4.0882515907287597656 3.95072174072265625 3.911228179931640625 3.9851007461547851563 3.8548142910003662109 3.8550016880035400391 3.9184446334838867188 3.9260315895080566406 4.0153431892395019531 4.1512055397033691406 4.2565197944641113281 4.3971385955810546875 4.4193377494812011719 4.2636570930480957031 4.0869512557983398438 4.105472564697265625 4.1031465530395507813 3.9966816902160644531 3.9059751033782958984 3.8717162609100341797 3.8499739170074462891 3.8564996719360351563 3.9129464626312255859 3.9741291999816894531 4.0560398101806640625 4.1514768600463867188 4.1903667449951171875
4.3392796516418457031 4.3030905723571777344 4.2795019149780273438 4.0746126174926757813 3.9656407833099365234 9.9692099683868690468e+36 9.9692099683868690468e+36 9.9692099683868690468e+36 4.1450438499450683594 4.1926507949829101563 4.3244194984436035156 4.4175105094909667969 9.9692099683868690468e+36 4.0639700889587402344 3.9558918476104736328 3.8940594196319580078 3.8674132823944091797 3.8236339092254638672 3.8777647018432617188 3.9159188270568847656 3.8598711490631103516 3.9260146617889404297 4.077728271484375 4.2282733917236328125 4.2574300765991210938 4.3146600723266601563 4.3003497123718261719 4.1045598983764648438 4.0023055076599121094 4.0054445266723632813 3.9966344833374023438 3.9633944034576416016 3.9650132656097412109 3.9523820877075195313 3.9669637680053710938 4.0774354934692382813 4.0983500480651855469 4.1245589256286621094 4.1230783462524414063 4.0659422874450683594
4.3656840324401855469 4.2959561347961425781 4.1934480667114257813 4.0505089759826660156 3.9829089641571044922 9.9692099683868690468e+36 9.9692099683868690468e+36 9.9692099683868690468e+36 9.9692099683868690468e+36 4.2524580955505371094 4.3616995811462402344 4.3739337921142578125 4.1733584403991699219 4.0554304122924804688 3.8788132667541503906 3.8490624427795410156 3.8416304588317871094 3.8716139793395996094 3.9403669834136962891 3.9848620891571044922 4.0144834518432617188 4.0154933929443359375 4.0321140289306640625 4.0956587791442871094 4.1158800125122070313 4.1146464347839355469 4.2835192680358886719 4.2552113533020019531 4.0924229621887207031 3.9813017845153808594 3.952899932861328125 3.9799699783325195313 4.0022807121276855469 4.0711035728454589844 4.0936956405639648438 4.1590752601623535156 4.1073846817016601563 4.0535440444946289063 4.1036529541015625 4.0274457931518554688
4.3415360450744628906 4.3023233413696289063 4.2334957122802734375 4.1443700790405273438 9.9692099683868690468e+36 3.9603705406188964844 9.9692099683868690468e+36 9.9692099683868690468e+36 9.9692099683868690468e+36 4.2411785125732421875 4.3775415420532226563 4.4204425811767578125 4.3716983795166015625 4.1581940650939941406 3.93419647216796875 3.8363311290740966797 3.8353786468505859375 3.9005501270294189453 3.9488530158996582031 4.0222792625427246094 4.0698294639587402344 4.0581216812133789063 3.9800982475280761719 3.9328377246856689453 3.9104020595550537109 4.0034399032592773438 4.0785088539123535156 4.2197427749633789063 4.1425504684448242188 4.0145921707153320313 3.9537107944488525391 3.900997161865234375 4.0111994743347167969 4.0974392890930175781 4.1732854843139648438 4.2211389541625976563 4.1765918731689453125 4.1091375350952148438 4.1197643280029296875 4.0037260055541992188
4.222972869873046875 4.2202448844909667969 4.2303638458251953125 4.1110601425170898438 3.9919428825378417969 3.9830069541931152344 9.9692099683868690468e+36 9.9692099683868690468e+36 4.1956639289855957031 4.2407164573669433594 4.178890228271484375 9.9692099683868690468e+36 4.55792999267578125 4.2704610824584960938 4.0435929298400878906 3.8877432346343994141 3.8499934673309326172 3.9736380577087402344 4.0698423385620117188 4.1153016090393066406 4.1109104156494140625 4.077846527099609375 4.0240316390991210938 3.9426054954528808594 3.9424316883087158203 3.9080986976623535156 4.0427250862121582031 4.1433749198913574219 4.0438108444213867188 4.0379271507263183594 3.9395372867584228516 3.9053061008453369141 3.9850614070892333984 4.1149396896362304688 4.2277069091796875 4.2554974555969238281 4.1984262466430664063 4.1519713401794433594 4.0645270347595214844 3.9857735633850097656
4.3119378089904785156 4.2854351997375488281 4.2445626258850097656 9.9692099683868690468e+36 4.0429639816284179688 3.9549155235290527344 9.9692099683868690468e+36 4.2938361167907714844 4.2239713668823242188 4.067646026611328125 3.7944393157958984375 9.9692099683868690468e+36 9.9692099683868690468e+36 4.3035335540771484375 4.15863037109375 4.0017366409301757813 4.0433568954467773438 4.11721038818359375 4.1127653121948242188 4.0761570930480957031 4.0875735282897949219 4.1086416244506835938 4.1028208732604980469 4.0567522048950195313 4.0178017616271972656 4.0147790908813476563 4.0232439041137695313 3.9585552215576171875 3.9238779544830322266 4.0657143592834472656 4.0510311126708984375 3.938663482666015625 3.9930083751678466797 4.1192946434020996094 4.2136144638061523438 4.2495112419128417969 4.1673526763916015625 4.1010990142822265625 4.0605316162109375 4.1152606010437011719
4.2240877151489257813 4.1293406486511230469 4.0780987739562988281 4.0153551101684570313 3.9693434238433837891 3.9386544227600097656 9.9692099683868690468e+36 3.9335143566131591797 3.9324498176574707031 3.8326735496520996094 3.7229168415069580078 3.8457322120666503906 9.9692099683868690468e+36 9.9692099683868690468e+36 4.0957164764404296875 4.1226878166198730469 4.0791001319885253906 4.2271351814270019531 4.2394886016845703125 4.133426666259765625 4.03511810302734375 4.1269445419311523438 4.0634632110595703125 4.0545406341552734375 3.9789521694183349609 3.9808297157287597656 3.8836493492126464844 3.8401050567626953125 3.9318811893463134766 4.0477781295776367188 3.9962985515594482422 4.0272617340087890625 4.1171617507934570313 4.1953539848327636719 4.2328548431396484375 4.1891818046569824219 4.1807713508605957031 4.0984616279602050781 4.1141963005065917969 4.1484122276306152344
3.9555218219757080078 3.928806304931640625 3.9776997566223144531 3.9764204025268554688 3.9652898311614990234 3.92757415771484375 3.8928477764129638672 3.8976824283599853516 3.7892370223999023438 3.7475099563598632813 3.7099382877349853516 9.9692099683868690468e+36 9.9692099683868690468e+36 3.8221349716186523438 4.0426211357116699219 4.0206255912780761719 3.9156844615936279297 4.127979278564453125 4.2199416160583496094 4.0863885879516601563 3.9430208206176757813 4.0155310630798339844 3.8859894275665283203 3.8695442676544189453 3.8962194919586181641 3.9167566299438476563 3.9714953899383544922 3.9943597316741943359 3.9675173759460449219 3.8777458667755126953 3.8575711250305175781 3.9683890342712402344 4.0980968475341796875 4.2514243125915527344 4.2958688735961914063 4.2384252548217773438 4.2336969375610351563 4.1523485183715820313 4.0943965911865234375 4.0004129409790039063
3.9321320056915283203 3.8184773921966552734 3.8590686321258544922 3.9658010005950927734 4.0465745925903320313 4.0899605751037597656 9.9692099683868690468e+36 9.9692099683868690468e+36 3.9000477790832519531 3.7905125617980957031 9.9692099683868690468e+36 9.9692099683868690468e+36 3.8374555110931396484 3.8482279777526855469 3.9675841331481933594 3.9443714618682861328 3.8658025264739990234 4.0118055343627929688 4.0861258506774902344 4.0498437881469726563 3.9965372085571289063 4.0336666107177734375 3.9441637992858886719 3.9245157241821289063 4.0049829483032226563 3.9217417240142822266 3.9188506603240966797 3.9713029861450195313 4.0331559181213378906 3.9574682712554931641 4.0045499801635742188 3.9295542240142822266 4.0287842750549316406 4.1454548835754394531 4.1834917068481445313 4.1856622695922851563 4.1390347480773925781 4.1829152107238769531 4.1119379997253417969 4.0500550270080566406
3.9818768501281738281 3.8924951553344726563 3.8995242118835449219 3.9934401512145996094 4.0987238883972167969 9.9692099683868690468e+36 9.9692099683868690468e+36 9.9692099683868690468e+36 3.9969954490661621094 3.8288927078247070313 9.9692099683868690468e+36 9.9692099683868690468e+36 3.9510471820831298828 3.7639591693878173828 3.7906131744384765625 3.7862050533294677734 3.7842841148376464844 3.8202207088470458984 3.8529751300811767578 3.9703705310821533203 3.9625647068023681641 4.0195651054382324219 4.0374274253845214844 4.0588288307189941406 4.109462738037109375 4.0898137092590332031 4.0574917793273925781 3.9965236186981201172 4.0966358184814453125 4.0517864227294921875 4.0544519424438476563 4.0072841644287109375 3.9673850536346435547 4.02359771728515625 4.0606184005737304688 4.0532884597778320313 3.9865708351135253906 4.0525450706481933594 4.0099396705627441406 4.2108049392700195313
3.9260571002960205078 3.9967625141143798828 3.9812450408935546875 3.9869821071624755859 4.0316405296325683594 9.9692099683868690468e+36 9.9692099683868690468e+36 3.9925751686096191406 3.9626817703247070313 3.8954448699951171875 3.9966423511505126953 9.9692099683868690468e+36 3.9051816463470458984 3.82279205322265625 3.8025712966918945313 3.7811539173126220703 3.7507069110870361328 3.8072791099548339844 3.8516714572906494141 4.0099492073059082031 4.0543107986450195313 9.9692099683868690468e+36 4.1589083671569824219 4.2099256515502929688 4.1657633781433105469 9.9692099683868690468e+36 4.0379977226257324219 4.0171909332275390625 4.0556273460388183594 4.0935063362121582031 4.0720033645629882813 4.0750513076782226563 3.9588673114776611328 3.9702820777893066406 3.9611837863922119141 3.9057648181915283203 3.8801474571228027344 3.9717476367950439453 4.1136469841003417969 4.2920632362365722656
3.8488261699676513672 3.8950901031494140625 3.9082589149475097656 3.8780171871185302734 3.9958341121673583984 3.9747025966644287109 9.9692099683868690468e+36 9.9692099683868690468e+36 3.9824621677398681641 3.8011202812194824219 3.9705436229705810547 4.0437526702880859375 3.9645786285400390625 3.9675202369689941406 3.895038604736328125 3.7851064205169677734 3.7436201572418212891 3.7793061733245849609 3.8392381668090820313 4.0165905952453613281 4.0664200782775878906 4.0803194046020507813 4.1136407852172851563 4.3147783279418945313 9.9692099683868690468e+36 3.9728353023529052734 3.9734475612640380859 4.0669550895690917969 4.1363358497619628906 4.235172271728515625 4.0955104827880859375 3.9563338756561279297 3.9410881996154785156 3.8534586429595947266 3.9166667461395263672 3.9131739139556884766 4.0076050758361816406 4.2123761177062988281 4.3511066436767578125 4.1869449615478515625
