MapLinkProApp/griddata/temperature/ASCII/cmems_mod_glo_phy-thetao_anfc_0,083deg_P1D-m_1702458667101_222,5.asc
ncols        121
nrows        120
xllcorner    -30.041666666667
yllcorner    40.041666655981
cellsize     0.083333333333
NODATA_value  9.9692099683868690468e+36
[rows 0 to 17 of 120, columns 0 to 39 of 121]
11.133510589599609375 11.063708305358886719 11.101492881774902344 11.278364181518554688 11.201457977294921875 11.2982635498046875 11.510535240173339844 11.59056854248046875 11.653409004211425781 11.79888916015625 11.991440773010253906 12.161897659301757813 12.246183395385742188 12.226748466491699219 12.136967658996582031 12.039340019226074219 11.957426071166992188 11.869791030883789063 11.788578033447265625 11.725438117980957031 11.614198684692382813 11.552154541015625 11.520667076110839844 11.469262123107910156 11.459993362426757813 11.394370079040527344 11.345167160034179688 11.204955101013183594 11.015777587890625 10.832695960998535156 10.740474700927734375 10.653761863708496094 10.696183204650878906 10.66474151611328125 10.74016571044921875 10.841344833374023438 11.034421920776367188 11.285334587097167969 11.314367294311523438 11.195082664489746094
11.122339248657226563 11.083312034606933594 11.249287605285644531 11.37890625 11.280060768127441406 11.308732986450195313 11.440205574035644531 11.516082763671875 11.561429977416992188 11.66872406005859375 11.866923332214355469 12.062574386596679688 12.146915435791015625 12.137928962707519531 12.085071563720703125 12.030159950256347656 12.006299972534179688 11.991031646728515625 11.9430999755859375 11.875698089599609375 11.774273872375488281 11.689677238464355469 11.633001327514648438 11.579107284545898438 11.517930030822753906 11.507636070251464844 11.466015815734863281 11.402041435241699219 11.326001167297363281 11.131051063537597656 10.984619140625 10.862903594970703125 10.900836944580078125 10.842378616333007813 10.909513473510742188 11.013918876647949219 11.226716995239257813 11.3181915283203125 11.180879592895507813 11.041548728942871094
11.194027900695800781 11.272052764892578125 11.422574996948242188 11.3568267822265625 11.270556449890136719 11.347197532653808594 11.420557975769042969 11.448229789733886719 11.444622039794921875 11.478488922119140625 11.582247734069824219 11.695155143737792969 11.732138633728027344 11.733284950256347656 11.715271949768066406 11.666935920715332031 11.636959075927734375 11.653536796569824219 11.66042327880859375 11.628731727600097656 11.560023307800292969 11.461245536804199219 11.3899383544921875 11.377288818359375 11.421163558959960938 11.481400489807128906 11.546244621276855469 11.577449798583984375 11.494777679443359375 11.461358070373535156 11.27545166015625 11.21433258056640625 11.113859176635742188 11.089356422424316406 11.134001731872558594 11.234585762023925781 11.350530624389648438 11.228940010070800781 11.018785476684570313 11.012728691101074219
11.451602935791015625 11.500639915466308594 11.438394546508789063 11.332769393920898438 11.254238128662109375 11.312455177307128906 11.377480506896972656 11.37987518310546875 11.384217262268066406 11.39768218994140625 11.415797233581542969 11.420933723449707031 11.399892807006835938 11.41896820068359375 11.460504531860351563 11.456857681274414063 11.42816925048828125 11.443524360656738281 11.496054649353027344 11.503690719604492188 11.454738616943359375 11.312816619873046875 11.166796684265136719 11.110480308532714844 11.128531455993652344 11.260990142822265625 11.424543380737304688 11.5870513916015625 11.564197540283203125 11.5731353759765625 11.453789710998535156 11.386167526245117188 11.287721633911132813 11.298659324645996094 11.273217201232910156 11.373796463012695313 11.367513656616210938 11.089612007141113281 10.894585609436035156 10.953983306884765625
11.459135055541992188 11.388236045837402344 11.389585494995117188 11.323131561279296875 11.185757637023925781 11.28229522705078125 11.373143196105957031 11.362944602966308594 11.383502960205078125 11.442829132080078125 11.463161468505859375 11.440271377563476563 11.403560638427734375 11.419131278991699219 11.480318069458007813 11.525488853454589844 11.552803993225097656 11.592145919799804688 11.610200881958007813 11.553167343139648438 11.406307220458984375 11.170504570007324219 10.910220146179199219 10.747227668762207031 10.75296783447265625 10.932445526123046875 11.186265945434570313 11.456119537353515625 11.578108787536621094 11.606042861938476563 11.556906700134277344 11.485928535461425781 11.462400436401367188 11.399287223815917969 11.398229598999023438 11.457384109497070313 11.242739677429199219 10.901436805725097656 10.778923988342285156 10.805918693542480469
11.205887794494628906 11.397648811340332031 11.514679908752441406 11.281821250915527344 11.064256668090820313 11.265309333801269531 11.364146232604980469 11.319494247436523438 11.3450927734375 11.405508041381835938 11.446883201599121094 11.446059226989746094 11.450066566467285156 11.487081527709960938 11.525452613830566406 11.556439399719238281 11.602773666381835938 11.651509284973144531 11.663067817687988281 11.590102195739746094 11.401003837585449219 11.077794075012207031 10.758059501647949219 10.585063934326171875 10.592845916748046875 10.771135330200195313 11.077837944030761719 11.391621589660644531 11.59207916259765625 11.634354591369628906 11.61042022705078125 11.570788383483886719 11.506224632263183594 11.439036369323730469 11.526053428649902344 11.454748153686523438 11.068688392639160156 10.718001365661621094 10.629874229431152344 10.567357063293457031
11.77960968017578125 11.881449699401855469 11.787608146667480469 11.331648826599121094 11.049922943115234375 11.311107635498046875 11.369723320007324219 11.224635124206542969 11.222313880920410156 11.282724380493164063 11.361927986145019531 11.411877632141113281 11.473974227905273438 11.543435096740722656 11.553098678588867188 11.541890144348144531 11.596966743469238281 11.669138908386230469 11.681529045104980469 11.662360191345214844 11.547298431396484375 11.244872093200683594 10.916479110717773438 10.735175132751464844 10.771657943725585938 10.947264671325683594 11.194417953491210938 11.443453788757324219 11.633296012878417969 11.640198707580566406 11.6397552490234375 11.588140487670898438 11.549849510192871094 11.653653144836425781 11.621184349060058594 11.302858352661132813 10.849749565124511719 10.544200897216796875 10.372456550598144531 10.280497550964355469
12.472125053405761719 12.472247123718261719 12.41112518310546875 12.041360855102539063 11.495512008666992188 11.356279373168945313 11.344414710998535156 11.153336524963378906 11.119129180908203125 11.210723876953125 11.346386909484863281 11.398712158203125 11.449461936950683594 11.515832901000976563 11.519666671752929688 11.490634918212890625 11.5173187255859375 11.591136932373046875 11.64223480224609375 11.6949615478515625 11.686794281005859375 11.54300689697265625 11.321666717529296875 11.106789588928222656 11.127737998962402344 11.296998977661132813 11.461665153503417969 11.59426116943359375 11.673610687255859375 11.668643951416015625 11.673069000244140625 11.645906448364257813 11.70081329345703125 11.703861236572265625 11.403100013732910156 10.953452110290527344 10.619194984436035156 10.425164222717285156 10.304536819458007813 10.230480194091796875
12.673253059387207031 12.576703071594238281 12.438179969787597656 12.407740592956542969 12.084817886352539063 11.601106643676757813 11.389984130859375 11.261386871337890625 11.224946975708007813 11.325138092041015625 11.405077934265136719 11.359525680541992188 11.34212493896484375 11.409847259521484375 11.440144538879394531 11.414536476135253906 11.441733360290527344 11.522036552429199219 11.569904327392578125 11.6333465576171875 11.689107894897460938 11.669438362121582031 11.584339141845703125 11.414930343627929688 11.325654029846191406 11.414580345153808594 11.591317176818847656 11.707499504089355469 11.739691734313964844 11.679018020629882813 11.642455101013183594 11.595514297485351563 11.524573326110839844 11.339350700378417969 11.023310661315917969 10.784284591674804688 10.69970703125 10.623010635375976563 10.522735595703125 10.450799942016601563
12.914959907531738281 12.855573654174804688 12.705007553100585938 12.554095268249511719 12.392975807189941406 11.958484649658203125 11.580845832824707031 11.491044998168945313 11.562204360961914063 11.650372505187988281 11.628613471984863281 11.418723106384277344 11.212567329406738281 11.190656661987304688 11.280408859252929688 11.326829910278320313 11.338384628295898438 11.416687965393066406 11.483723640441894531 11.521762847900390625 11.598776817321777344 11.667304039001464844 11.727704048156738281 11.712064743041992188 11.619250297546386719 11.495533943176269531 11.500937461853027344 11.616431236267089844 11.672213554382324219 11.656475067138671875 11.5836639404296875 11.468480110168457031 11.268046379089355469 11.107305526733398438 11.066578865051269531 11.125035285949707031 11.099152565002441406 11.028778076171875 10.958664894104003906 10.852339744567871094
13.045833587646484375 13.038220405578613281 12.898372650146484375 12.720296859741210938 12.582921028137207031 12.212314605712890625 11.758502006530761719 11.550862312316894531 11.667669296264648438 11.752027511596679688 11.733587265014648438 11.574724197387695313 11.288824081420898438 11.075838088989257813 11.091063499450683594 11.211255073547363281 11.270389556884765625 11.341180801391601563 11.460390090942382813 11.542117118835449219 11.583438873291015625 11.639187812805175781 11.717890739440917969 11.759255409240722656 11.778815269470214844 11.693796157836914063 11.54923248291015625 11.531647682189941406 11.5861663818359375 11.598039627075195313 11.579112052917480469 11.423657417297363281 11.216162681579589844 11.161607742309570313 11.262352943420410156 11.278802871704101563 11.224071502685546875 11.225860595703125 11.18709564208984375 11.102402687072753906
12.968891143798828125 13.043440818786621094 13.07730865478515625 12.981592178344726563 12.78894805908203125 12.472937583923339844 11.976670265197753906 11.58721923828125 11.570705413818359375 11.633691787719726563 11.641654014587402344 11.623849868774414063 11.49925994873046875 11.260069847106933594 11.107503890991210938 11.176990509033203125 11.348244667053222656 11.467222213745117188 11.546604156494140625 11.648191452026367188 11.721751213073730469 11.767600059509277344 11.764699935913085938 11.747332572937011719 11.746387481689453125 11.770608901977539063 11.74587249755859375 11.636019706726074219 11.579587936401367188 11.604331016540527344 11.591618537902832031 11.480867385864257813 11.311830520629882813 11.277775764465332031 11.371751785278320313 11.329802513122558594 11.303172111511230469 11.301934242248535156 11.193106651306152344 11.056338310241699219
13.009648323059082031 13.004445075988769531 13.05078887939453125 13.09999847412109375 12.977842330932617188 12.706058502197265625 12.188783645629882813 11.686989784240722656 11.488405227661132813 11.496242523193359375 11.5575714111328125 11.608599662780761719 11.604851722717285156 11.523700714111328125 11.4266357421875 11.400671005249023438 11.432667732238769531 11.446949958801269531 11.45523834228515625 11.572727203369140625 11.725934028625488281 11.861080169677734375 11.905597686767578125 11.833698272705078125 11.747323036193847656 11.685258865356445313 11.745263099670410156 11.717868804931640625 11.618503570556640625 11.639035224914550781 11.638919830322265625 11.527773857116699219 11.381665229797363281 11.32621002197265625 11.326687812805175781 11.283295631408691406 11.273795127868652344 11.223656654357910156 11.021182060241699219 10.869896888732910156
13.025697708129882813 13.036895751953125 13.03835296630859375 13.089867591857910156 13.056120872497558594 12.860487937927246094 12.42557525634765625 11.870593070983886719 11.488331794738769531 11.401966094970703125 11.442555427551269531 11.506520271301269531 11.549466133117675781 11.526332855224609375 11.398660659790039063 11.206968307495117188 11.11940765380859375 11.176252365112304688 11.385477066040039063 11.640714645385742188 11.818034172058105469 11.923922538757324219 11.997462272644042969 11.98746490478515625 11.890570640563964844 11.730031013488769531 11.641269683837890625 11.684287071228027344 11.707731246948242188 11.651391029357910156 11.630571365356445313 11.508503913879394531 11.358877182006835938 11.336901664733886719 11.294425010681152344 11.178408622741699219 11.05741119384765625 10.884471893310546875 10.664945602416992188 10.530109405517578125
12.983083724975585938 13.041970252990722656 13.053843498229980469 13.106542587280273438 13.131638526916503906 13.017397880554199219 12.688948631286621094 12.102155685424804688 11.546751976013183594 11.314518928527832031 11.321442604064941406 11.369451522827148438 11.360939979553222656 11.306374549865722656 11.166265487670898438 10.959401130676269531 10.964793205261230469 11.200595855712890625 11.493500709533691406 11.663816452026367188 11.697976112365722656 11.746014595031738281 11.925198554992675781 12.050576210021972656 12.059826850891113281 11.922179222106933594 11.652516365051269531 11.574979782104492188 11.644847869873046875 11.613623619079589844 11.56572723388671875 11.391976356506347656 11.292273521423339844 11.284274101257324219 11.2400360107421875 11.040788650512695313 10.730700492858886719 10.399936676025390625 10.188042640686035156 10.14490509033203125
12.84954071044921875 12.961014747619628906 13.040134429931640625 13.119526863098144531 13.193284988403320313 13.153545379638671875 12.901704788208007813 12.351687431335449219 11.703340530395507813 11.284647941589355469 11.194169998168945313 11.225980758666992188 11.196470260620117188 11.104959487915039063 10.988912582397460938 10.882136344909667969 10.9014739990234375 11.126566886901855469 11.345367431640625 11.360956192016601563 11.341156959533691406 11.457503318786621094 11.709168434143066406 11.915738105773925781 12.113812446594238281 12.124437332153320313 11.908793449401855469 11.568896293640136719 11.496720314025878906 11.547415733337402344 11.455812454223632813 11.30353546142578125 11.205767631530761719 11.184457778930664063 11.074094772338867188 10.782855033874511719 10.418766975402832031 10.137765884399414063 10.066575050354003906 10.206974029541015625
12.818319320678710938 12.893147468566894531 12.996995925903320313 13.122206687927246094 13.24454498291015625 13.272515296936035156 13.136964797973632813 12.705397605895996094 12.015016555786132813 11.415522575378417969 11.102478981018066406 11.042452812194824219 11.069563865661621094 11.017354011535644531 10.917609214782714844 10.884159088134765625 10.915332794189453125 11.027537345886230469 11.108803749084472656 11.116788864135742188 11.152085304260253906 11.367762565612792969 11.69971466064453125 11.965951919555664063 12.182840347290039063 12.253197669982910156 12.278981208801269531 11.979924201965332031 11.541543960571289063 11.469980239868164063 11.2615814208984375 11.091130256652832031 11.004471778869628906 10.893223762512207031 10.670992851257324219 10.350724220275878906 10.094492912292480469 10.068890571594238281 10.232067108154296875 10.453387260437011719
12.866766929626464844 12.875977516174316406 13.000641822814941406 13.139371871948242188 13.254608154296875 13.320230484008789063 13.252453804016113281 12.961743354797363281 12.353123664855957031 11.674264907836914063 11.200841903686523438 10.957356452941894531 10.886952400207519531 10.91985321044921875 10.950224876403808594 10.966581344604492188 11.019819259643554688 11.098724365234375 11.109767913818359375 11.103670120239257813 11.212836265563964844 11.530485153198242188 11.867280960083007813 12.166632652282714844 12.292849540710449219 12.356311798095703125 12.417516708374023438 12.292551994323730469 11.902747154235839844 11.502887725830078125 11.289714813232421875 10.954148292541503906 10.7276763916015625 10.581799507141113281 10.359729766845703125 10.089190483093261719 9.9663333892822265625 10.100688934326171875 10.363139152526855469 10.60599517822265625
