MapLinkProApp/griddata/temperature/ASCII/cmems_mod_glo_phy-thetao_anfc_0,083deg_P1D-m_1702458667101_1941,9.asc
ncols        121
nrows        120
xllcorner    -30.041666666667
yllcorner    40.041666655981
cellsize     0.083333333333
NODATA_value  9.9692099683868690468e+36
[rows 72 to 89 of 120, columns 40 to 79 of 121]
3.6773018836975097656 3.6259829998016357422 3.5606381893157958984 3.5240757465362548828 3.5024213790893554688 3.4926035404205322266 3.50995635986328125 3.5187864303588867188 3.5200705528259277344 3.5329306125640869141 3.5445530414581298828 3.5509896278381347656 3.5665249824523925781 3.5777847766876220703 3.5626585483551025391 3.5579717159271240234 3.5621941089630126953 3.5535871982574462891 3.5479958057403564453 3.5392949581146240234 3.5151488780975341797 3.4847590923309326172 3.4799344539642333984 3.4998080730438232422 3.5295803546905517578 3.5618484020233154297 3.5517964363098144531 3.5101287364959716797 3.4769413471221923828 3.4594407081604003906 3.4738156795501708984 3.5349590778350830078 3.5419232845306396484 3.5013964176177978516 3.4901971817016601563 3.4716417789459228516 3.4850363731384277344 3.5015466213226318359 3.5271282196044921875 3.5637164115905761719
3.6720216274261474609 3.6364312171936035156 3.5881648063659667969 3.5516197681427001953 3.5588355064392089844 3.5507166385650634766 3.5542547702789306641 3.5648829936981201172 3.5810213088989257813 3.6058361530303955078 3.6233859062194824219 3.6123058795928955078 3.5809724330902099609 3.5671453475952148438 3.5547051429748535156 3.5391113758087158203 3.5470802783966064453 3.5697784423828125 3.5703594684600830078 3.5436975955963134766 3.5142495632171630859 3.4942212104797363281 3.4946129322052001953 3.5068905353546142578 3.5183873176574707031 3.5250954627990722656 3.5237176418304443359 3.4947304725646972656 3.4543526172637939453 3.4732158184051513672 3.4916443824768066406 3.5190248489379882813 3.51361083984375 3.4867465496063232422 3.4458680152893066406 3.4330463409423828125 3.4266304969787597656 3.4250478744506835938 3.4152917861938476563 3.4075663089752197266
3.6548180580139160156 3.6489188671112060547 3.6021335124969482422 3.5706865787506103516 3.5642054080963134766 3.5493447780609130859 3.5582137107849121094 3.6123163700103759766 3.6425888538360595703 3.6394822597503662109 3.6369967460632324219 3.6306362152099609375 3.6176488399505615234 3.6003220081329345703 3.5947475433349609375 3.5907070636749267578 3.5754773616790771484 3.573207855224609375 3.5748844146728515625 3.5504045486450195313 3.5115611553192138672 3.4883191585540771484 3.4893474578857421875 3.4929912090301513672 3.5007379055023193359 3.5075573921203613281 3.5096802711486816406 3.4937741756439208984 3.4799792766571044922 3.4910304546356201172 3.5227353572845458984 3.521472930908203125 3.5196948051452636719 3.4740045070648193359 3.4709804058074951172 3.4516856670379638672 3.4073884487152099609 3.3825361728668212891 3.3515446186065673828 3.313385009765625
3.6988558769226074219 3.7132587432861328125 3.6836907863616943359 3.6382443904876708984 3.5904791355133056641 3.5717091560363769531 3.6102955341339111328 3.6323909759521484375 3.6209292411804199219 3.5919430255889892578 3.5791409015655517578 3.5795559883117675781 3.5844068527221679688 3.5947482585906982422 3.629413604736328125 3.6526439189910888672 3.6562666893005371094 3.6572201251983642578 3.6392896175384521484 3.6062154769897460938 3.5857236385345458984 3.5833394527435302734 3.5646731853485107422 3.5330369472503662109 3.5304803848266601563 3.5388405323028564453 3.5415837764739990234 3.5251917839050292969 3.5318548679351806641 3.5277576446533203125 3.5217304229736328125 3.4801242351531982422 3.4728121757507324219 3.4969310760498046875 3.4985365867614746094 3.4546396732330322266 3.4190511703491210938 3.3766126632690429688 3.3517730236053466797 3.3342633247375488281
3.7874529361724853516 3.8250935077667236328 3.8363995552062988281 3.8129575252532958984 3.7149591445922851563 3.6382794380187988281 3.6272492408752441406 3.6234681606292724609 3.5971052646636962891 3.5747973918914794922 3.5506548881530761719 3.5378122329711914063 3.5567200183868408203 3.6314916610717773438 3.701984405517578125 3.7130987644195556641 3.6921515464782714844 3.6754465103149414063 3.6594996452331542969 3.6446454524993896484 3.6481916904449462891 3.6358869075775146484 3.5769438743591308594 3.5355741977691650391 3.5518846511840820313 3.5615503787994384766 3.53582763671875 3.5352888107299804688 3.5272667407989501953 3.5081198215484619141 3.4971852302551269531 3.4955527782440185547 3.4797952175140380859 3.5230584144592285156 3.4633343219757080078 3.4125497341156005859 3.4093830585479736328 3.3738546371459960938 3.3685410022735595703 3.3673088550567626953
3.7532756328582763672 3.8010272979736328125 3.8631443977355957031 3.8859109878540039063 3.8300087451934814453 3.7159528732299804688 3.6404938697814941406 3.5907361507415771484 3.56197357177734375 3.5661573410034179688 3.5516154766082763672 3.5456206798553466797 3.5550539493560791016 3.5874886512756347656 3.6424360275268554688 3.6639990806579589844 3.6822404861450195313 3.7129526138305664063 3.694057464599609375 3.636409759521484375 3.5987787246704101563 3.5572979450225830078 3.5080685615539550781 3.5419788360595703125 3.6071591377258300781 3.5712409019470214844 3.5084183216094970703 3.5094723701477050781 3.5135939121246337891 3.4792020320892333984 3.4501907825469970703 3.4985010623931884766 3.5339913368225097656 3.4758298397064208984 3.4114406108856201172 3.3948333263397216797 3.4213712215423583984 3.4097158908843994141 3.4008171558380126953 3.4093890190124511719
3.7405989170074462891 3.8100879192352294922 3.8845531940460205078 3.9120569229125976563 3.8785078525543212891 3.7679378986358642578 3.6943500041961669922 3.6447358131408691406 3.6423678398132324219 3.6665630340576171875 3.6773850917816162109 3.6444556713104248047 3.5886785984039306641 3.5787580013275146484 3.6129887104034423828 3.6483294963836669922 3.7125606536865234375 3.7450568675994873047 3.6946032047271728516 3.6175520420074462891 3.5491077899932861328 3.5203328132629394531 3.5712347030639648438 3.6469428539276123047 3.6552748680114746094 3.5919959545135498047 3.5002963542938232422 3.4673237800598144531 3.4538836479187011719 3.4245507717132568359 3.4434065818786621094 3.5075671672821044922 3.5412611961364746094 3.4542510509490966797 3.444580078125 3.4682521820068359375 3.4947845935821533203 3.4982042312622070313 3.4660537242889404297 3.4606122970581054688
3.7097692489624023438 3.7815375328063964844 3.8343601226806640625 3.8647463321685791016 3.884220123291015625 3.8265516757965087891 3.7549662590026855469 3.7374765872955322266 3.726001739501953125 3.7310643196105957031 3.6923224925994873047 3.6244308948516845703 3.5947682857513427734 3.6333177089691162109 3.6669981479644775391 3.7222766876220703125 3.7422425746917724609 3.7019283771514892578 3.6440823078155517578 3.5777707099914550781 3.5626728534698486328 3.629970550537109375 3.7141869068145751953 3.7497780323028564453 3.6935145854949951172 3.5700433254241943359 3.4819080829620361328 3.4420964717864990234 3.4266331195831298828 3.4270663261413574219 3.4492645263671875 3.5021445751190185547 3.5397901535034179688 3.4859676361083984375 3.4643952846527099609 3.5032200813293457031 3.5581300258636474609 3.5354723930358886719 3.4539759159088134766 3.3808755874633789063
3.6425840854644775391 3.6205313205718994141 3.6482806205749511719 3.6904890537261962891 3.7211482524871826172 3.7274794578552246094 3.7041683197021484375 3.6857187747955322266 3.6690819263458251953 3.6575689315795898438 3.6489956378936767578 3.6501691341400146484 3.6655411720275878906 3.6805005073547363281 3.7199130058288574219 3.7527306079864501953 3.7335131168365478516 3.6947815418243408203 3.6649506092071533203 3.6672511100769042969 3.7157847881317138672 3.7767138481140136719 3.7817676067352294922 3.7125186920166015625 3.6294181346893310547 3.5489559173583984375 3.4803361892700195313 3.4497697353363037109 3.4300997257232666016 3.4344379901885986328 3.4649758338928222656 3.4901659488677978516 3.5023941993713378906 3.4967055320739746094 3.5074965953826904297 3.5679471492767333984 3.5643405914306640625 3.4884388446807861328 3.4257972240447998047 3.3974013328552246094
3.6648159027099609375 3.6216416358947753906 3.5721991062164306641 3.5597398281097412109 3.6029765605926513672 3.6385204792022705078 3.6500604152679443359 3.6444160938262939453 3.6239352226257324219 3.6118447780609130859 3.6110603809356689453 3.6004157066345214844 3.6036324501037597656 3.6371448040008544922 3.7230372428894042969 3.7848501205444335938 3.7856845855712890625 3.7727935314178466797 3.7826468944549560547 3.8062126636505126953 3.8183176517486572266 3.8060405254364013672 3.7683107852935791016 3.7301416397094726563 3.6866383552551269531 3.6272675991058349609 3.5755488872528076172 3.5036427974700927734 3.4522304534912109375 3.4450626373291015625 3.4694542884826660156 3.5102913379669189453 3.5284924507141113281 3.5684163570404052734 3.6129992008209228516 3.5817131996154785156 3.53325653076171875 3.4634840488433837891 3.4082434177398681641 3.3725459575653076172
3.6506822109222412109 3.6788120269775390625 3.5956151485443115234 3.5207259654998779297 3.5124216079711914063 3.5562577247619628906 3.6056337356567382813 3.6023030281066894531 3.5785143375396728516 3.5415766239166259766 3.5268242359161376953 3.5326671600341796875 3.5576183795928955078 3.6050710678100585938 3.6759939193725585938 3.7172963619232177734 3.7128496170043945313 3.6877589225769042969 3.6578595638275146484 3.6545367240905761719 3.6886281967163085938 3.7429039478302001953 3.8207073211669921875 3.8381860256195068359 3.7324361801147460938 3.6305181980133056641 3.5708348751068115234 3.4903359413146972656 3.4304025173187255859 3.4211201667785644531 3.4663355350494384766 3.5429069995880126953 3.6070599555969238281 3.6285982131958007813 3.617710113525390625 3.5679533481597900391 3.4867920875549316406 3.4066638946533203125 3.3588254451751708984 3.3265993595123291016
3.6107578277587890625 3.659740447998046875 3.6622140407562255859 3.6180245876312255859 3.5777199268341064453 3.5374855995178222656 3.52745819091796875 3.5080420970916748047 3.5055918693542480469 3.5022845268249511719 3.5214684009552001953 3.5551440715789794922 3.5674958229064941406 3.56421661376953125 3.5862615108489990234 3.6026082038879394531 3.5855336189270019531 3.5726070404052734375 3.5684168338775634766 3.5734827518463134766 3.596126556396484375 3.62032318115234375 3.6347632408142089844 3.6185843944549560547 3.5879862308502197266 3.5834355354309082031 3.5386130809783935547 3.4420888423919677734 3.3980689048767089844 3.4379439353942871094 3.5532605648040771484 3.6092684268951416016 3.61444091796875 3.5893867015838623047 3.5396585464477539063 3.4605531692504882813 3.3822777271270751953 3.3155498504638671875 3.2992455959320068359 3.3276746273040771484
3.5865755081176757813 3.6395616531372070313 3.6715662479400634766 3.6778013706207275391 3.6898064613342285156 3.6851370334625244141 3.6566338539123535156 3.5845389366149902344 3.5243146419525146484 3.5263910293579101563 3.5553035736083984375 3.5778872966766357422 3.5776853561401367188 3.5629549026489257813 3.5741074085235595703 3.5729467868804931641 3.5212299823760986328 3.4745585918426513672 3.4548430442810058594 3.4412224292755126953 3.4291656017303466797 3.4327385425567626953 3.4316065311431884766 3.427097320556640625 3.4401192665100097656 3.4489467144012451172 3.4643061161041259766 3.4683389663696289063 3.4480466842651367188 3.4722139835357666016 3.5320324897766113281 3.6097600460052490234 3.6276350021362304688 3.5636045932769775391 3.4947412014007568359 3.4170553684234619141 3.3331596851348876953 3.2859563827514648438 3.3137688636779785156 3.4240157604217529297
3.5921700000762939453 3.6447038650512695313 3.6628899574279785156 3.6683671474456787109 3.6906170845031738281 3.7213568687438964844 3.7469437122344970703 3.7245662212371826172 3.6729362010955810547 3.6123359203338623047 3.5902469158172607422 3.5921890735626220703 3.5763080120086669922 3.5601720809936523438 3.5367650985717773438 3.5104250907897949219 3.4606063365936279297 3.417724609375 3.4250140190124511719 3.4494411945343017578 3.4573595523834228516 3.4509644508361816406 3.4191536903381347656 3.3977696895599365234 3.3892529010772705078 3.372814178466796875 3.3961920738220214844 3.4342334270477294922 3.4583599567413330078 3.4729819297790527344 3.4850230216979980469 3.5630183219909667969 3.6442611217498779297 3.6562035083770751953 3.5467376708984375 3.4967396259307861328 3.4356548786163330078 3.399143218994140625 3.4280002117156982422 3.5496668815612792969
3.5709862709045410156 3.5958728790283203125 3.6504228115081787109 3.6844463348388671875 3.7025065422058105469 3.7281055450439453125 3.750873565673828125 3.7554776668548583984 3.7481596469879150391 3.7199063301086425781 3.6743943691253662109 3.6196484565734863281 3.5618636608123779297 3.5139253139495849609 3.4785830974578857422 3.4730422496795654297 3.4627993106842041016 3.4588391780853271484 3.4812586307525634766 3.4924471378326416016 3.4587900638580322266 3.3974645137786865234 3.3345963954925537109 3.3259196281433105469 3.3765137195587158203 3.4231517314910888672 3.4385998249053955078 3.4377944469451904297 3.4185655117034912109 3.351795196533203125 3.3233416080474853516 3.37677764892578125 3.4532465934753417969 3.5164852142333984375 3.5393025875091552734 3.5364246368408203125 3.5514276027679443359 3.5529274940490722656 3.5714232921600341797 3.6576294898986816406
3.5465176105499267578 3.5572404861450195313 3.591426849365234375 3.6078133583068847656 3.634532928466796875 3.6819057464599609375 3.7150266170501708984 3.7161593437194824219 3.7224161624908447266 3.7139236927032470703 3.6642560958862304688 3.5913970470428466797 3.5298876762390136719 3.4862017631530761719 3.4616882801055908203 3.4384901523590087891 3.4247040748596191406 3.4257915019989013672 3.4734675884246826172 3.4891464710235595703 3.4403834342956542969 3.3303697109222412109 3.2191290855407714844 3.1801917552947998047 3.2381734848022460938 3.3670694828033447266 3.4913394451141357422 3.5565843582153320313 3.5108504295349121094 3.3635928630828857422 3.2758588790893554688 3.3604490756988525391 3.4513785839080810547 3.4622447490692138672 3.4722602367401123047 3.4591953754425048828 3.5191316604614257813 3.5815656185150146484 3.6821646690368652344 3.7696497440338134766
3.4952249526977539063 3.5025112628936767578 3.5203497409820556641 3.5449552536010742188 3.5922160148620605469 3.6380312442779541016 3.6517102718353271484 3.6634817123413085938 3.6924097537994384766 3.7091913223266601563 3.6506488323211669922 3.5742006301879882813 3.5282092094421386719 3.4790503978729248047 3.4390630722045898438 3.3970971107482910156 3.3499095439910888672 3.3368563652038574219 3.3774571418762207031 3.4352755546569824219 3.4338190555572509766 3.3234069347381591797 3.2043673992156982422 3.1530644893646240234 3.1738507747650146484 3.2417955398559570313 3.3457088470458984375 3.4755311012268066406 3.5154576301574707031 3.4043700695037841797 3.3030457496643066406 3.4020857810974121094 3.5324122905731201172 3.5301654338836669922 3.4999058246612548828 3.5157067775726318359 3.5716245174407958984 3.5785439014434814453 3.6487486362457275391 3.6550750732421875
3.4224321842193603516 3.4525029659271240234 3.4867579936981201172 3.5296900272369384766 3.5669677257537841797 3.5969185829162597656 3.6192040443420410156 3.6496379375457763672 3.6832940578460693359 3.6689245700836181641 3.6267836093902587891 3.5756359100341796875 3.5222210884094238281 3.4704823493957519531 3.4233758449554443359 3.3584558963775634766 3.3091416358947753906 3.310260772705078125 3.3621065616607666016 3.4637541770935058594 3.4770355224609375 3.3699090480804443359 3.2466764450073242188 3.1813259124755859375 3.2062695026397705078 3.2793321609497070313 3.3520424365997314453 3.4281537532806396484 3.4589610099792480469 3.3885700702667236328 3.3066039085388183594 3.3539450168609619141 3.4530265331268310547 3.4498972892761230469 3.4499495029449462891 3.4595816135406494141 3.4521803855895996094 3.478267669677734375 3.4680979251861572266 3.4175105094909667969
