MapLinkProApp/griddata/temperature/ASCII/cmems_mod_glo_phy-thetao_anfc_0,083deg_P1D-m_1702458667101_2,6.asc
ncols        121
nrows        120
xllcorner    -30.041666666667
yllcorner    40.041666655981
cellsize     0.083333333333
NODATA_value  9.9692099683868690468e+36
[rows 90 to 107 of 120, columns 0 to 39 of 121]
17.704545974731445313 17.688488006591796875 17.677789688110351563 17.677154541015625 17.6801605224609375 17.686737060546875 17.69255828857421875 17.691553115844726563 17.67307281494140625 17.63628387451171875 17.5739898681640625 17.479522705078125 17.359340667724609375 17.259893417358398438 17.143634796142578125 16.900423049926757813 16.5296783447265625 16.446348190307617188 16.615079879760742188 16.855998992919921875 17.166339874267578125 17.424747467041015625 17.590150833129882813 17.600109100341796875 17.4959259033203125 17.37120819091796875 17.316213607788085938 17.252904891967773438 17.16449737548828125 17.048616409301757813 16.944362640380859375 17.003503799438476563 17.078695297241210938 16.9051971435546875 16.718210220336914063 16.587553024291992188 16.54339599609375 16.954275131225585938 17.568113327026367188 18.02149200439453125
17.724328994750976563 17.724550247192382813 17.722677230834960938 17.720357894897460938 17.71726226806640625 17.712335586547851563 17.701074600219726563 17.689176559448242188 17.661319732666015625 17.59764862060546875 17.499490737915039063 17.386716842651367188 17.274423599243164063 17.152276992797851563 16.959468841552734375 16.65837860107421875 16.40923309326171875 16.635347366333007813 16.83453369140625 17.112354278564453125 17.345975875854492188 17.531642913818359375 17.618183135986328125 17.57857513427734375 17.44351959228515625 17.303714752197265625 17.225978851318359375 17.165729522705078125 17.087476730346679688 17.02571868896484375 17.010515213012695313 17.087255477905273438 17.095409393310546875 16.938459396362304688 16.717721939086914063 16.62662506103515625 17.158115386962890625 17.987146377563476563 18.346513748168945313 18.403781890869140625
17.633089065551757813 17.644985198974609375 17.656385421752929688 17.664350509643554688 17.6652679443359375 17.661325454711914063 17.651159286499023438 17.632171630859375 17.582134246826171875 17.4922332763671875 17.371797561645507813 17.255666732788085938 17.137035369873046875 16.984189987182617188 16.781015396118164063 16.6058197021484375 16.679523468017578125 16.87191009521484375 17.056798934936523438 17.255952835083007813 17.416788101196289063 17.54624176025390625 17.60753631591796875 17.583803176879882813 17.4874114990234375 17.355176925659179688 17.261407852172851563 17.200925827026367188 17.150171279907226563 17.134748458862304688 17.149425506591796875 17.149372100830078125 17.042926788330078125 16.842454910278320313 16.884952545166015625 17.562427520751953125 18.251726150512695313 18.4181976318359375 18.408298492431640625 18.330705642700195313
17.547061920166015625 17.556638717651367188 17.570224761962890625 17.575925827026367188 17.570798873901367188 17.555707931518554688 17.53311920166015625 17.49126434326171875 17.425960540771484375 17.338506698608398438 17.238712310791015625 17.139705657958984375 17.0272979736328125 16.903150558471679688 16.811437606811523438 16.83062744140625 16.951517105102539063 17.0530548095703125 17.204832077026367188 17.315366744995117188 17.403667449951171875 17.481592178344726563 17.535533905029296875 17.565608978271484375 17.538114547729492188 17.453325271606445313 17.377941131591796875 17.317667007446289063 17.26740264892578125 17.21811676025390625 17.133466720581054688 16.991550445556640625 16.925180435180664063 17.363002777099609375 18.047288894653320313 18.37448883056640625 18.433300018310546875 18.41371917724609375 18.356903076171875 18.292425155639648438
17.490823745727539063 17.492719650268554688 17.4897003173828125 17.480804443359375 17.465518951416015625 17.44005584716796875 17.408550262451171875 17.366954803466796875 17.311780929565429688 17.243661880493164063 17.168142318725585938 17.096494674682617188 17.023393630981445313 16.974954605102539063 16.975341796875 17.020101547241210938 17.0954437255859375 17.192546844482421875 17.273281097412109375 17.310934066772460938 17.345916748046875 17.372386932373046875 17.413675308227539063 17.476667404174804688 17.483827590942382813 17.431182861328125 17.374593734741210938 17.301874160766601563 17.201917648315429688 17.0775146484375 16.9564056396484375 17.004144668579101563 17.730321884155273438 18.325517654418945313 18.423917770385742188 18.43268585205078125 18.455797195434570313 18.457021713256835938 18.444047927856445313 18.376607894897460938
17.477203369140625 17.45819854736328125 17.440134048461914063 17.420694351196289063 17.39678955078125 17.3685760498046875 17.335798263549804688 17.3016510009765625 17.258245468139648438 17.210384368896484375 17.162912368774414063 17.120561599731445313 17.08470916748046875 17.066928863525390625 17.078809738159179688 17.137468338012695313 17.210039138793945313 17.24875640869140625 17.271474838256835938 17.281221389770507813 17.272180557250976563 17.263284683227539063 17.287221908569335938 17.337238311767578125 17.35474395751953125 17.320491790771484375 17.2572174072265625 17.166690826416015625 17.057184219360351563 16.987583160400390625 17.102785110473632813 17.77266693115234375 18.367361068725585938 18.432590484619140625 18.4292755126953125 18.457998275756835938 18.492074966430664063 18.489534378051757813 18.460613250732421875 18.39612579345703125
17.4734344482421875 17.471246719360351563 17.462411880493164063 17.441175460815429688 17.409406661987304688 17.3725128173828125 17.3341064453125 17.300046920776367188 17.265872955322265625 17.2338104248046875 17.200139999389648438 17.16363525390625 17.130191802978515625 17.1249542236328125 17.175016403198242188 17.231065750122070313 17.240167617797851563 17.242788314819335938 17.24378204345703125 17.227708816528320313 17.199771881103515625 17.181650161743164063 17.191492080688476563 17.211133956909179688 17.209897994995117188 17.179803848266601563 17.127765655517578125 17.053464889526367188 17.00115203857421875 17.081953048706054688 17.4963531494140625 18.235292434692382813 18.43102264404296875 18.42682647705078125 18.41230010986328125 18.432277679443359375 18.435260772705078125 18.450357437133789063 18.472499847412109375 18.481859207153320313
17.384767532348632813 17.38800811767578125 17.396297454833984375 17.405138015747070313 17.409509658813476563 17.396638870239257813 17.368654251098632813 17.331762313842773438 17.292772293090820313 17.248186111450195313 17.200902938842773438 17.1530303955078125 17.133419036865234375 17.16704559326171875 17.227169036865234375 17.23717498779296875 17.22191619873046875 17.214389801025390625 17.20435333251953125 17.183454513549804688 17.160947799682617188 17.155124664306640625 17.16362762451171875 17.168447494506835938 17.149749755859375 17.108427047729492188 17.054590225219726563 16.99201202392578125 16.966005325317382813 17.089239120483398438 17.529003143310546875 18.156513214111328125 18.426855087280273438 18.418659210205078125 18.3675079345703125 18.344476699829101563 18.322895050048828125 18.336069107055664063 18.395387649536132813 18.469394683837890625
17.377508163452148438 17.37160491943359375 17.343255996704101563 17.318172454833984375 17.31229400634765625 17.313997268676757813 17.304225921630859375 17.273977279663085938 17.232181549072265625 17.192480087280273438 17.155126571655273438 17.139635086059570313 17.156734466552734375 17.20265960693359375 17.22887420654296875 17.209753036499023438 17.180240631103515625 17.171178817749023438 17.16458892822265625 17.154087066650390625 17.151277542114257813 17.164251327514648438 17.183622360229492188 17.187662124633789063 17.1678009033203125 17.127729415893554688 17.08054351806640625 17.021055221557617188 16.970989227294921875 16.992969512939453125 17.218980789184570313 17.70446014404296875 18.18967437744140625 18.374788284301757813 18.365774154663085938 18.327779769897460938 18.2696990966796875 18.219724655151367188 18.21456146240234375 18.276704788208007813
17.41233062744140625 17.407396316528320313 17.382099151611328125 17.324003219604492188 17.26654052734375 17.241487503051757813 17.231462478637695313 17.212743759155273438 17.188966751098632813 17.178052902221679688 17.177484512329101563 17.188320159912109375 17.206510543823242188 17.215473175048828125 17.201145172119140625 17.166107177734375 17.132640838623046875 17.12176513671875 17.127559661865234375 17.143157958984375 17.172094345092773438 17.212850570678710938 17.253009796142578125 17.277723312377929688 17.268795013427734375 17.229640960693359375 17.174839019775390625 17.122035980224609375 17.078805923461914063 17.064594268798828125 17.117099761962890625 17.323541641235351563 17.692457199096679688 18.086187362670898438 18.274396896362304688 18.274860382080078125 18.193666458129882813 18.121318817138671875 18.108325958251953125 18.103580474853515625
17.469305038452148438 17.448955535888671875 17.40825653076171875 17.347759246826171875 17.292238235473632813 17.260181427001953125 17.2466888427734375 17.238351821899414063 17.233154296875 17.235033035278320313 17.239511489868164063 17.238225936889648438 17.225774765014648438 17.205364227294921875 17.173969268798828125 17.14063262939453125 17.117986679077148438 17.11272430419921875 17.119968414306640625 17.143091201782226563 17.180545806884765625 17.232707977294921875 17.285478591918945313 17.341436386108398438 17.374395370483398438 17.378244400024414063 17.34441375732421875 17.28282928466796875 17.213174819946289063 17.161670684814453125 17.152143478393554688 17.198534011840820313 17.363939285278320313 17.64727020263671875 17.853094100952148438 17.8743743896484375 17.810895919799804688 17.749614715576171875 17.82871246337890625 17.976102828979492188
17.504278182983398438 17.464412689208984375 17.426481246948242188 17.381900787353515625 17.343936920166015625 17.32447052001953125 17.308191299438476563 17.293828964233398438 17.286901473999023438 17.287076950073242188 17.287017822265625 17.279895782470703125 17.261524200439453125 17.23723602294921875 17.209918975830078125 17.189481735229492188 17.182102203369140625 17.187093734741210938 17.195758819580078125 17.209882736206054688 17.23177337646484375 17.265621185302734375 17.290264129638671875 17.328783035278320313 17.37445831298828125 17.421827316284179688 17.442646026611328125 17.428539276123046875 17.386281967163085938 17.332630157470703125 17.290130615234375 17.265773773193359375 17.267202377319335938 17.319063186645507813 17.404195785522460938 17.458431243896484375 17.524110794067382813 17.616334915161132813 17.773319244384765625 17.94129180908203125
17.523275375366210938 17.490819931030273438 17.469470977783203125 17.459564208984375 17.472425460815429688 17.484449386596679688 17.480792999267578125 17.470279693603515625 17.457508087158203125 17.440874099731445313 17.417985916137695313 17.395460128784179688 17.382480621337890625 17.388612747192382813 17.417520523071289063 17.47029876708984375 17.531347274780273438 17.580841064453125 17.600147247314453125 17.59743499755859375 17.574626922607421875 17.541126251220703125 17.488239288330078125 17.441480636596679688 17.415552139282226563 17.417375564575195313 17.44194793701171875 17.462030410766601563 17.468191146850585938 17.458795547485351563 17.460540771484375 17.466478347778320313 17.495904922485351563 17.560642242431640625 17.6620941162109375 17.862764358520507813 18.088069915771484375 18.268869400024414063 18.421234130859375 18.514310836791992188
17.583055496215820313 17.585309982299804688 17.629390716552734375 17.724750518798828125 17.839521408081054688 17.897668838500976563 17.891401290893554688 17.851556777954101563 17.811885833740234375 17.769536972045898438 17.728059768676757813 17.731313705444335938 17.801235198974609375 17.92781829833984375 18.0772552490234375 18.206518173217773438 18.288244247436523438 18.317138671875 18.32030487060546875 18.305538177490234375 18.265497207641601563 18.195745468139648438 18.065473556518554688 17.868438720703125 17.710573196411132813 17.614765167236328125 17.539003372192382813 17.495241165161132813 17.474462509155273438 17.460184097290039063 17.587787628173828125 17.820760726928710938 18.072061538696289063 18.29587554931640625 18.566436767578125 18.7279052734375 18.795511245727539063 18.831235885620117188 18.843797683715820313 18.843841552734375
17.696386337280273438 17.76374053955078125 17.90016937255859375 18.08039093017578125 18.221628189086914063 18.258249282836914063 18.225582122802734375 18.192491531372070313 18.181249618530273438 18.167989730834960938 18.165742874145507813 18.230592727661132813 18.348232269287109375 18.452907562255859375 18.506015777587890625 18.520837783813476563 18.513134002685546875 18.497894287109375 18.49265289306640625 18.505128860473632813 18.519939422607421875 18.521600723266601563 18.491285324096679688 18.362506866455078125 18.173412322998046875 18.0170745849609375 17.873773574829101563 17.75109100341796875 17.568393707275390625 17.549055099487304688 17.980234146118164063 18.451860427856445313 18.757059097290039063 18.834680557250976563 18.855939865112304688 18.854959487915039063 18.844511032104492188 18.840761184692382813 18.844915390014648438 18.852048873901367188
17.802652359008789063 17.895875930786132813 18.06917572021484375 18.261425018310546875 18.389383316040039063 18.427621841430664063 18.405088424682617188 18.3807525634765625 18.393749237060546875 18.403209686279296875 18.4079132080078125 18.450275421142578125 18.511930465698242188 18.54022216796875 18.549409866333007813 18.522108078002929688 18.468112945556640625 18.413900375366210938 18.389379501342773438 18.408313751220703125 18.44622802734375 18.493503570556640625 18.531574249267578125 18.539142608642578125 18.469066619873046875 18.372058868408203125 18.261157989501953125 18.080867767333984375 17.71219635009765625 17.808013916015625 18.31536102294921875 18.66326904296875 18.80457305908203125 18.838769912719726563 18.8405303955078125 18.835111618041992188 18.832311630249023438 18.83715057373046875 18.848268508911132813 18.861726760864257813
17.973735809326171875 17.9805908203125 18.03896331787109375 18.157754898071289063 18.301576614379882813 18.430271148681640625 18.485782623291015625 18.484251022338867188 18.490316390991210938 18.508632659912109375 18.521158218383789063 18.54167938232421875 18.577169418334960938 18.591833114624023438 18.588773727416992188 18.549713134765625 18.480533599853515625 18.397710800170898438 18.357343673706054688 18.367458343505859375 18.400970458984375 18.440731048583984375 18.496152877807617188 18.5657196044921875 18.589321136474609375 18.53891754150390625 18.439916610717773438 18.179643630981445313 17.840486526489257813 18.01647186279296875 18.428956985473632813 18.730207443237304688 18.833581924438476563 18.8581390380859375 18.851034164428710938 18.825359344482421875 18.809446334838867188 18.812955856323242188 18.829256057739257813 18.848445892333984375
18.061655044555664063 18.101436614990234375 18.1158599853515625 18.128610610961914063 18.159646987915039063 18.22351837158203125 18.342584609985351563 18.455623626708984375 18.500429153442382813 18.521152496337890625 18.540813446044921875 18.565649032592773438 18.593475341796875 18.5983734130859375 18.584808349609375 18.531984329223632813 18.446430206298828125 18.340686798095703125 18.3179931640625 18.341085433959960938 18.400270462036132813 18.458919525146484375 18.498043060302734375 18.56812286376953125 18.625593185424804688 18.581600189208984375 18.427152633666992188 18.124406814575195313 17.947340011596679688 18.213338851928710938 18.546247482299804688 18.766910552978515625 18.843017578125 18.847381591796875 18.803934097290039063 18.763858795166015625 18.758655548095703125 18.772098541259765625 18.801044464111328125 18.826025009155273438
