MapLinkProApp/griddata/temperature/ASCII/cmems_mod_glo_phy-thetao_anfc_0,083deg_P1D-m_1702458667101_5,1.asc
ncols        121
nrows        120
xllcorner    -30.041666666667
yllcorner    40.041666655981
cellsize     0.083333333333
NODATA_value  9.9692099683868690468e+36
[rows 90 to 107 of 120, columns 0 to 39 of 121]
17.7047576904296875 17.688695907592773438 17.678003311157226563 17.677377700805664063 17.68039703369140625 17.686979293823242188 17.692806243896484375 17.691816329956054688 17.673337936401367188 17.63655853271484375 17.57427978515625 17.479799270629882813 17.359575271606445313 17.260097503662109375 17.143846511840820313 16.900625228881835938 16.52970123291015625 16.4462738037109375 16.615060806274414063 16.855976104736328125 17.166347503662109375 17.425022125244140625 17.590589523315429688 17.600614547729492188 17.49646759033203125 17.371751785278320313 17.316761016845703125 17.253431320190429688 17.165025711059570313 17.049102783203125 16.944766998291015625 17.003889083862304688 17.079206466674804688 16.905673980712890625 16.718639373779296875 16.587947845458984375 16.543554306030273438 16.953426361083984375 17.567249298095703125 18.021411895751953125
17.724565505981445313 17.724782943725585938 17.72290802001953125 17.720592498779296875 17.717500686645507813 17.712583541870117188 17.701328277587890625 17.689432144165039063 17.661577224731445313 17.5979156494140625 17.49974822998046875 17.386943817138671875 17.27460479736328125 17.152454376220703125 16.959619522094726563 16.658418655395507813 16.40911102294921875 16.635204315185546875 16.834535598754882813 17.112346649169921875 17.346166610717773438 17.532012939453125 17.618623733520507813 17.579044342041015625 17.443965911865234375 17.304143905639648438 17.226392745971679688 17.16614532470703125 17.087884902954101563 17.026096343994140625 17.010839462280273438 17.087650299072265625 17.095895767211914063 16.938945770263671875 16.718114852905273438 16.62656402587890625 17.156774520874023438 17.986349105834960938 18.346719741821289063 18.40450286865234375
17.6333160400390625 17.64521026611328125 17.656610488891601563 17.664581298828125 17.665506362915039063 17.661571502685546875 17.651407241821289063 17.632425308227539063 17.582384109497070313 17.492458343505859375 17.371990203857421875 17.255819320678710938 17.137159347534179688 16.984300613403320313 16.781068801879882813 16.605745315551757813 16.679361343383789063 16.871929168701171875 17.056848526000976563 17.256109237670898438 17.41710662841796875 17.546630859375 17.607957839965820313 17.584238052368164063 17.4878082275390625 17.355525970458984375 17.261735916137695313 17.2012481689453125 17.150485992431640625 17.135066986083984375 17.149778366088867188 17.149808883666992188 17.0434112548828125 16.8425750732421875 16.884412765502929688 17.56099700927734375 18.251363754272460938 18.418886184692382813 18.409158706665039063 18.331624984741210938
17.5472564697265625 17.556827545166015625 17.5704193115234375 17.576129913330078125 17.571008682250976563 17.555925369262695313 17.533338546752929688 17.491481781005859375 17.426156997680664063 17.338655471801757813 17.238819122314453125 17.139789581298828125 17.027364730834960938 16.9031829833984375 16.811418533325195313 16.830577850341796875 16.951543807983398438 17.053121566772460938 17.20496368408203125 17.315616607666015625 17.40399169921875 17.48194122314453125 17.535938262939453125 17.566013336181640625 17.538507461547851563 17.453693389892578125 17.378278732299804688 17.318004608154296875 17.26775360107421875 17.218496322631835938 17.133876800537109375 16.991853713989257813 16.924673080444335938 17.361780166625976563 18.046552658081054688 18.374826431274414063 18.434101104736328125 18.414571762084960938 18.357707977294921875 18.29315185546875
17.490978240966796875 17.492883682250976563 17.48987579345703125 17.4809722900390625 17.465688705444335938 17.440221786499023438 17.408710479736328125 17.367099761962890625 17.311910629272460938 17.243755340576171875 17.1681976318359375 17.0965423583984375 17.023424148559570313 16.974971771240234375 16.975351333618164063 17.020147323608398438 17.095518112182617188 17.192655563354492188 17.273487091064453125 17.311185836791992188 17.346187591552734375 17.37268829345703125 17.414012908935546875 17.477025985717773438 17.484197616577148438 17.431550979614257813 17.3749542236328125 17.302251815795898438 17.202304840087890625 17.077869415283203125 16.9565582275390625 17.003522872924804688 17.728952407836914063 18.325405120849609375 18.424663543701171875 18.433475494384765625 18.456579208374023438 18.457803726196289063 18.444812774658203125 18.377336502075195313
17.477321624755859375 17.45831298828125 17.440248489379882813 17.42081451416015625 17.39691162109375 17.36869049072265625 17.335897445678710938 17.301736831665039063 17.258314132690429688 17.2104339599609375 17.162954330444335938 17.120601654052734375 17.084749221801757813 17.066987991333007813 17.078886032104492188 17.137563705444335938 17.21016693115234375 17.248929977416992188 17.2716827392578125 17.281446456909179688 17.27239227294921875 17.26352691650390625 17.287485122680664063 17.337530136108398438 17.355058670043945313 17.320810317993164063 17.257539749145507813 17.16701507568359375 17.057485580444335938 16.987712860107421875 17.102499008178710938 17.771636962890625 18.367593765258789063 18.4333343505859375 18.430011749267578125 18.458719253540039063 18.49283599853515625 18.490293502807617188 18.46135711669921875 18.396820068359375
17.473558425903320313 17.471355438232421875 17.46250152587890625 17.441257476806640625 17.409471511840820313 17.372564315795898438 17.334142684936523438 17.30007171630859375 17.265897750854492188 17.233844757080078125 17.200183868408203125 17.163694381713867188 17.130277633666992188 17.125055313110351563 17.175128936767578125 17.231206893920898438 17.240339279174804688 17.242967605590820313 17.243963241577148438 17.22786712646484375 17.19992828369140625 17.181812286376953125 17.191667556762695313 17.211336135864257813 17.210126876831054688 17.180042266845703125 17.128002166748046875 17.053684234619140625 17.001329421997070313 17.081989288330078125 17.49605560302734375 18.235277175903320313 18.431629180908203125 18.427509307861328125 18.412950515747070313 18.432941436767578125 18.435934066772460938 18.451044082641601563 18.473184585571289063 18.482513427734375
17.38484954833984375 17.388090133666992188 17.39638519287109375 17.4052276611328125 17.409589767456054688 17.396701812744140625 17.368700027465820313 17.3318023681640625 17.292816162109375 17.248239517211914063 17.200971603393554688 17.153110504150390625 17.133501052856445313 17.167139053344726563 17.22728729248046875 17.237329483032226563 17.222076416015625 17.214534759521484375 17.204479217529296875 17.183559417724609375 17.16104888916015625 17.15522003173828125 17.163730621337890625 17.168569564819335938 17.149881362915039063 17.108552932739257813 17.054714202880859375 16.992136001586914063 16.96611785888671875 17.089315414428710938 17.529001235961914063 18.156787872314453125 18.42742919921875 18.419277191162109375 18.368059158325195313 18.345020294189453125 18.3234405517578125 18.336637496948242188 18.39599609375 18.470033645629882813
17.377538681030273438 17.371644973754882813 17.343297958374023438 17.318227767944335938 17.312360763549804688 17.314060211181640625 17.304286956787109375 17.274036407470703125 17.232236862182617188 17.192535400390625 17.155176162719726563 17.139682769775390625 17.156787872314453125 17.202728271484375 17.22898101806640625 17.20987701416015625 17.1803436279296875 17.1712646484375 17.164661407470703125 17.154144287109375 17.151323318481445313 17.164285659790039063 17.183666229248046875 17.187713623046875 17.167860031127929688 17.127775192260742188 17.080579757690429688 17.02108001708984375 16.971014022827148438 16.9929962158203125 17.21901702880859375 17.70459747314453125 18.190052032470703125 18.375329971313476563 18.366266250610351563 18.328235626220703125 18.270139694213867188 18.220165252685546875 18.215032577514648438 18.277233123779296875
17.4123382568359375 17.40740966796875 17.382120132446289063 17.324033737182617188 17.266576766967773438 17.241529464721679688 17.231510162353515625 17.212789535522460938 17.188997268676757813 17.178075790405273438 17.17749786376953125 17.188335418701171875 17.206537246704101563 17.215520858764648438 17.201206207275390625 17.166162490844726563 17.132677078247070313 17.121786117553710938 17.127573013305664063 17.143163681030273438 17.172094345092773438 17.212850570678710938 17.25301361083984375 17.277730941772460938 17.268795013427734375 17.229623794555664063 17.1748046875 17.121992111206054688 17.078748703002929688 17.064523696899414063 17.117059707641601563 17.323575973510742188 17.692659378051757813 18.086582183837890625 18.27486419677734375 18.275310516357421875 18.19409942626953125 18.121734619140625 18.108713150024414063 18.103925704956054688
17.46930694580078125 17.44898223876953125 17.408296585083007813 17.347799301147460938 17.292268753051757813 17.260202407836914063 17.246707916259765625 17.238370895385742188 17.233163833618164063 17.235029220581054688 17.239496231079101563 17.238210678100585938 17.22576904296875 17.20536041259765625 17.173959732055664063 17.140611648559570313 17.117946624755859375 17.1126708984375 17.119913101196289063 17.143039703369140625 17.180500030517578125 17.232677459716796875 17.285467147827148438 17.341444015502929688 17.374402999877929688 17.378225326538085938 17.3443450927734375 17.28272247314453125 17.2130279541015625 17.1615142822265625 17.152008056640625 17.198459625244140625 17.36399078369140625 17.6474761962890625 17.85343170166015625 17.874719619750976563 17.811174392700195313 17.74980926513671875 17.82891082763671875 17.976367950439453125
17.504314422607421875 17.4644622802734375 17.426532745361328125 17.381933212280273438 17.343946456909179688 17.324466705322265625 17.30817413330078125 17.293804168701171875 17.286869049072265625 17.287034988403320313 17.286975860595703125 17.279850006103515625 17.261474609375 17.237173080444335938 17.20984649658203125 17.189382553100585938 17.181978225708007813 17.186952590942382813 17.195611953735351563 17.209735870361328125 17.231637954711914063 17.265514373779296875 17.290189743041992188 17.328748703002929688 17.37445068359375 17.421825408935546875 17.442625045776367188 17.428457260131835938 17.386137008666992188 17.332448959350585938 17.289928436279296875 17.265588760375976563 17.26706695556640625 17.319040298461914063 17.404233932495117188 17.45841217041015625 17.523977279663085938 17.616119384765625 17.773138046264648438 17.941232681274414063
17.523309707641601563 17.490840911865234375 17.469461441040039063 17.459499359130859375 17.472309112548828125 17.484302520751953125 17.480646133422851563 17.470144271850585938 17.457380294799804688 17.440752029418945313 17.417867660522460938 17.395328521728515625 17.382307052612304688 17.388397216796875 17.417255401611328125 17.469991683959960938 17.53101348876953125 17.580501556396484375 17.599821090698242188 17.597110748291015625 17.574327468872070313 17.540853500366210938 17.488012313842773438 17.441312789916992188 17.415430068969726563 17.417293548583984375 17.441892623901367188 17.461977005004882813 17.4681243896484375 17.45870208740234375 17.460384368896484375 17.466238021850585938 17.495561599731445313 17.560214996337890625 17.661579132080078125 17.862178802490234375 18.087528228759765625 18.268444061279296875 18.42095947265625 18.514204025268554688
17.58303070068359375 17.585241317749023438 17.62926483154296875 17.724573135375976563 17.839323043823242188 17.897493362426757813 17.891260147094726563 17.851421356201171875 17.811723709106445313 17.769338607788085938 17.727819442749023438 17.73101806640625 17.800891876220703125 17.927461624145507813 18.076910018920898438 18.206220626831054688 18.28800201416015625 18.316957473754882813 18.320156097412109375 18.305362701416015625 18.265275955200195313 18.195453643798828125 18.065134048461914063 17.868112564086914063 17.71028900146484375 17.614522933959960938 17.538805007934570313 17.495080947875976563 17.474367141723632813 17.460023880004882813 17.587282180786132813 17.820135116577148438 18.071382522583007813 18.295331954956054688 18.566087722778320313 18.727962493896484375 18.795694351196289063 18.831483840942382813 18.844110488891601563 18.844194412231445313
17.696325302124023438 17.763652801513671875 17.900037765502929688 18.080265045166015625 18.221567153930664063 18.258251190185546875 18.225597381591796875 18.192470550537109375 18.181184768676757813 18.167881011962890625 18.16558837890625 18.230428695678710938 18.348131179809570313 18.452909469604492188 18.506130218505859375 18.521020889282226563 18.513368606567382813 18.498138427734375 18.492883682250976563 18.505321502685546875 18.520099639892578125 18.521711349487304688 18.49127197265625 18.362318038940429688 18.173168182373046875 18.016796112060546875 17.873487472534179688 17.7508392333984375 17.568231582641601563 17.548458099365234375 17.979412078857421875 18.451463699340820313 18.757122039794921875 18.834955215454101563 18.856275558471679688 18.855358123779296875 18.8448944091796875 18.841142654418945313 18.845304489135742188 18.852449417114257813
17.802600860595703125 17.8958587646484375 18.069194793701171875 18.261491775512695313 18.389505386352539063 18.427753448486328125 18.405195236206054688 18.3808441162109375 18.393829345703125 18.4032745361328125 18.40798187255859375 18.450365066528320313 18.512058258056640625 18.5403900146484375 18.549596786499023438 18.522304534912109375 18.468297958374023438 18.41407012939453125 18.389547348022460938 18.408489227294921875 18.4464111328125 18.493709564208984375 18.531782150268554688 18.5392608642578125 18.469072341918945313 18.37200164794921875 18.261045455932617188 18.080722808837890625 17.711940765380859375 17.807367324829101563 18.315206527709960938 18.663537979125976563 18.804935455322265625 18.839138031005859375 18.840892791748046875 18.83547210693359375 18.832675933837890625 18.837518692016601563 18.848646163940429688 18.862115859985351563
17.97369384765625 17.980562210083007813 18.0389862060546875 18.157846450805664063 18.301729202270507813 18.43045806884765625 18.485963821411132813 18.484411239624023438 18.490465164184570313 18.508779525756835938 18.521297454833984375 18.541830062866210938 18.577335357666015625 18.592012405395507813 18.588958740234375 18.549896240234375 18.480701446533203125 18.397846221923828125 18.357448577880859375 18.367555618286132813 18.401073455810546875 18.44085693359375 18.496305465698242188 18.565891265869140625 18.5894775390625 18.539049148559570313 18.440011978149414063 18.179628372192382813 17.840116500854492188 18.016077041625976563 18.429090499877929688 18.73052215576171875 18.833948135375976563 18.8585052490234375 18.85140228271484375 18.825717926025390625 18.809797286987304688 18.813310623168945313 18.829622268676757813 18.848829269409179688
18.061700820922851563 18.101470947265625 18.11588287353515625 18.128643035888671875 18.1597137451171875 18.223646163940429688 18.342761993408203125 18.455821990966796875 18.500608444213867188 18.521318435668945313 18.540973663330078125 18.56581878662109375 18.593654632568359375 18.5985565185546875 18.584995269775390625 18.532176971435546875 18.446596145629882813 18.340784072875976563 18.318056106567382813 18.341144561767578125 18.400341033935546875 18.458993911743164063 18.498147964477539063 18.568269729614257813 18.625768661499023438 18.581754684448242188 18.427263259887695313 18.12432861328125 17.946872711181640625 18.213083267211914063 18.546438217163085938 18.767248153686523438 18.843397140502929688 18.847772598266601563 18.80429840087890625 18.764165878295898438 18.758941650390625 18.772394180297851563 18.80136871337890625 18.82637786865234375
