MapLinkProApp/griddata/temperature/ASCII/cmems_mod_glo_phy-thetao_anfc_0,083deg_P1D-m_1702458667101_13,5.asc
ncols        121
nrows        120
xllcorner    -30.041666666667
yllcorner    40.041666655981
cellsize     0.083333333333
NODATA_value  9.9692099683868690468e+36
[rows 54 to 71 of 120, columns 40 to 79 of 121]
14.70748138427734375 14.807065010070800781 14.848402976989746094 14.753619194030761719 14.515107154846191406 14.383452415466308594 14.571393013000488281 14.925516128540039063 15.223193168640136719 15.376558303833007813 15.347761154174804688 15.254666328430175781 15.261434555053710938 15.270494461059570313 15.205316543579101563 15.165474891662597656 15.06684112548828125 14.93972015380859375 14.868137359619140625 14.89984893798828125 15.045166969299316406 15.247419357299804688 15.391216278076171875 15.482372283935546875 15.639577865600585938 15.856574058532714844 15.994066238403320313 16.032747268676757813 16.018951416015625 15.992321968078613281 15.995022773742675781 16.032482147216796875 16.077352523803710938 16.099699020385742188 16.086641311645507813 16.045312881469726563 15.995105743408203125 15.94696044921875 15.912967681884765625 15.89255523681640625
14.781053543090820313 14.834259033203125 14.897602081298828125 14.823941230773925781 14.576600074768066406 14.39842987060546875 14.506494522094726563 14.808417320251464844 15.095570564270019531 15.213271141052246094 15.14553070068359375 15.113930702209472656 15.232926368713378906 15.321149826049804688 15.342562675476074219 15.357625961303710938 15.246872901916503906 15.050493240356445313 14.883008956909179688 14.817610740661621094 14.892512321472167969 15.084116935729980469 15.266885757446289063 15.42095947265625 15.645175933837890625 15.916292190551757813 16.062847137451171875 16.103857040405273438 16.099712371826171875 16.079010009765625 16.0796966552734375 16.102123260498046875 16.129772186279296875 16.138380050659179688 16.125654220581054688 16.096647262573242188 16.062955856323242188 16.030925750732421875 16.006029129028320313 15.985368728637695313
14.847522735595703125 14.854827880859375 14.952589035034179688 14.922068595886230469 14.664503097534179688 14.427022933959960938 14.441167831420898438 14.670076370239257813 14.930207252502441406 15.038225173950195313 14.9949493408203125 15.026860237121582031 15.199088096618652344 15.343780517578125 15.430121421813964844 15.465534210205078125 15.353100776672363281 15.137862205505371094 14.938508987426757813 14.811600685119628906 14.811615943908691406 14.966121673583984375 15.184817314147949219 15.384665489196777344 15.637667655944824219 15.947106361389160156 16.121000289916992188 16.143146514892578125 16.130802154541015625 16.109783172607421875 16.094301223754882813 16.094114303588867188 16.098104476928710938 16.08990478515625 16.066226959228515625 16.033916473388671875 16.003269195556640625 15.9770355224609375 15.950991630554199219 15.934708595275878906
14.919823646545410156 14.892216682434082031 14.991163253784179688 15.064686775207519531 14.856963157653808594 14.542715072631835938 14.414266586303710938 14.5253448486328125 14.733006477355957031 14.839470863342285156 14.824805259704589844 14.885066986083984375 15.074101448059082031 15.268205642700195313 15.4224700927734375 15.468325614929199219 15.324912071228027344 15.098901748657226563 14.925489425659179688 14.819579124450683594 14.784999847412109375 14.876608848571777344 15.068207740783691406 15.295428276062011719 15.592299461364746094 15.937201499938964844 16.145608901977539063 16.172365188598632813 16.145826339721679688 16.110841751098632813 16.0799102783203125 16.062833786010742188 16.046606063842773438 16.02535247802734375 15.988650321960449219 15.948566436767578125 15.915429115295410156 15.891877174377441406 15.878556251525878906 15.890889167785644531
14.908191680908203125 14.919452667236328125 15.015048980712890625 15.145737648010253906 15.067597389221191406 14.739345550537109375 14.472780227661132813 14.436223983764648438 14.567461967468261719 14.679177284240722656 14.685696601867675781 14.732511520385742188 14.904133796691894531 15.142866134643554688 15.364670753479003906 15.390898704528808594 15.165860176086425781 14.918980598449707031 14.8163909912109375 14.794154167175292969 14.774229049682617188 14.819939613342285156 14.992746353149414063 15.247977256774902344 15.574313163757324219 15.937131881713867188 16.17071533203125 16.194868087768554688 16.147047042846679688 16.083257675170898438 16.029077529907226563 16.00321197509765625 15.984661102294921875 15.962126731872558594 15.920133590698242188 15.884409904479980469 15.861973762512207031 15.857726097106933594 15.87567901611328125 15.903665542602539063
14.993946075439453125 15.059939384460449219 15.119279861450195313 15.179508209228515625 15.198455810546875 15.024885177612304688 14.7151641845703125 14.504207611083984375 14.485279083251953125 14.543806076049804688 14.558481216430664063 14.586915969848632813 14.741829872131347656 15.032521247863769531 15.287178993225097656 15.246268272399902344 14.958751678466796875 14.741696357727050781 14.715538978576660156 14.766591072082519531 14.779276847839355469 14.804765701293945313 14.959189414978027344 15.235685348510742188 15.581867218017578125 15.941324234008789063 16.18007659912109375 16.209875106811523438 16.149080276489257813 16.063173294067382813 15.994722366333007813 15.947000503540039063 15.9221038818359375 15.900196075439453125 15.87691497802734375 15.855961799621582031 15.85118865966796875 15.868549346923828125 15.895298004150390625 15.912954330444335938
15.155452728271484375 15.232509613037109375 15.254149436950683594 15.21163177490234375 15.175454139709472656 15.151396751403808594 15.024682044982910156 14.786793708801269531 14.602408409118652344 14.534618377685546875 14.503462791442871094 14.499034881591796875 14.643854141235351563 14.952082633972167969 15.13582611083984375 14.984930992126464844 14.722564697265625 14.615603446960449219 14.678033828735351563 14.786163330078125 14.814085006713867188 14.820559501647949219 14.976804733276367188 15.28031158447265625 15.625509262084960938 15.972616195678710938 16.205255508422851563 16.22754669189453125 16.15007781982421875 16.0560302734375 15.984778404235839844 15.926502227783203125 15.887980461120605469 15.873302459716796875 15.857809066772460938 15.864369392395019531 15.874516487121582031 15.888276100158691406 15.890546798706054688 15.860863685607910156
15.33392333984375 15.373228073120117188 15.400454521179199219 15.349308013916015625 15.220541954040527344 15.113474845886230469 15.039537429809570313 14.91455078125 14.761870384216308594 14.636663436889648438 14.542628288269042969 14.497526168823242188 14.592197418212890625 14.801729202270507813 14.874466896057128906 14.726359367370605469 14.592946052551269531 14.611710548400878906 14.734318733215332031 14.854949951171875 14.86676788330078125 14.861845016479492188 15.030247688293457031 15.339766502380371094 15.670430183410644531 16.003612518310546875 16.225049972534179688 16.238525390625 16.144453048706054688 16.047298431396484375 15.985321998596191406 15.933976173400878906 15.892346382141113281 15.879670143127441406 15.87075042724609375 15.877894401550292969 15.882696151733398438 15.87673187255859375 15.853581428527832031 15.811776161193847656
15.403482437133789063 15.401293754577636719 15.4046478271484375 15.41988372802734375 15.400116920471191406 15.278672218322753906 15.080392837524414063 14.898317337036132813 14.780336380004882813 14.701740264892578125 14.611173629760742188 14.535350799560546875 14.563893318176269531 14.648199081420898438 14.636696815490722656 14.559783935546875 14.573236465454101563 14.701677322387695313 14.864572525024414063 14.949734687805175781 14.92511749267578125 14.921517372131347656 15.100393295288085938 15.402418136596679688 15.709200859069824219 16.032949447631835938 16.245574951171875 16.250621795654296875 16.147481918334960938 16.045114517211914063 15.987673759460449219 15.942679405212402344 15.908086776733398438 15.894578933715820313 15.880988121032714844 15.879769325256347656 15.877385139465332031 15.864887237548828125 15.844938278198242188 15.812679290771484375
15.459615707397460938 15.452884674072265625 15.414599418640136719 15.380201339721679688 15.406110763549804688 15.440214157104492188 15.344347953796386719 15.103734016418457031 14.844746589660644531 14.670286178588867188 14.565204620361328125 14.508945465087890625 14.506333351135253906 14.51001739501953125 14.500089645385742188 14.561917304992675781 14.74500274658203125 14.946084022521972656 15.043988227844238281 15.037767410278320313 14.9808502197265625 14.997705459594726563 15.184335708618164063 15.460909843444824219 15.750080108642578125 16.0677337646484375 16.272153854370117188 16.272825241088867188 16.165624618530273438 16.061267852783203125 16.003173828125 15.962980270385742188 15.930266380310058594 15.910101890563964844 15.888357162475585938 15.876436233520507813 15.869803428649902344 15.856283187866210938 15.835705757141113281 15.804867744445800781
15.517492294311523438 15.505553245544433594 15.44872283935546875 15.391663551330566406 15.393462181091308594 15.45125579833984375 15.458034515380859375 15.320931434631347656 15.068264007568359375 14.810883522033691406 14.621179580688476563 14.525426864624023438 14.501425743103027344 14.516162872314453125 14.615161895751953125 14.829050064086914063 15.052653312683105469 15.155034065246582031 15.127825736999511719 15.059322357177734375 15.017590522766113281 15.071427345275878906 15.26006317138671875 15.513502120971679688 15.789613723754882813 16.099346160888671875 16.293638229370117188 16.287576675415039063 16.185153961181640625 16.085582733154296875 16.023054122924804688 15.98641204833984375 15.952058792114257813 15.927014350891113281 15.901243209838867188 15.880306243896484375 15.866444587707519531 15.851168632507324219 15.82608795166015625 15.804513931274414063
15.5540771484375 15.52800750732421875 15.470211029052734375 15.44542694091796875 15.47545623779296875 15.526629447937011719 15.543750762939453125 15.482775688171386719 15.345576286315917969 15.170168876647949219 15.013200759887695313 14.922346115112304688 14.907106399536132813 14.974155426025390625 15.100244522094726563 15.202993392944335938 15.231566429138183594 15.19155120849609375 15.120197296142578125 15.084012985229492188 15.105956077575683594 15.200875282287597656 15.371210098266601563 15.584710121154785156 15.837369918823242188 16.130950927734375 16.310333251953125 16.295379638671875 16.197052001953125 16.103565216064453125 16.039020538330078125 16.001148223876953125 15.969942092895507813 15.941573143005371094 15.91790771484375 15.889426231384277344 15.868635177612304688 15.850947380065917969 15.827214241027832031 15.812990188598632813
15.54262542724609375 15.503716468811035156 15.469753265380859375 15.475284576416015625 15.510352134704589844 15.538700103759765625 15.539883613586425781 15.511669158935546875 15.462008476257324219 15.403484344482421875 15.350748062133789063 15.313300132751464844 15.293801307678222656 15.284289360046386719 15.253976821899414063 15.206616401672363281 15.191069602966308594 15.201837539672851563 15.213941574096679688 15.25222015380859375 15.318263053894042969 15.409387588500976563 15.526354789733886719 15.671030044555664063 15.883056640625 16.150897979736328125 16.322109222412109375 16.303730010986328125 16.202211380004882813 16.11362457275390625 16.052524566650390625 16.013093948364257813 15.984853744506835938 15.95746612548828125 15.936769485473632813 15.914439201354980469 15.889444351196289063 15.865862846374511719 15.842823982238769531 15.827383995056152344
15.587227821350097656 15.511541366577148438 15.463094711303710938 15.452085494995117188 15.451833724975585938 15.433923721313476563 15.393788337707519531 15.344799995422363281 15.300646781921386719 15.267888069152832031 15.247515678405761719 15.229641914367675781 15.205305099487304688 15.188968658447265625 15.181955337524414063 15.189544677734375 15.251590728759765625 15.343776702880859375 15.403655052185058594 15.453488349914550781 15.517048835754394531 15.583266258239746094 15.64659881591796875 15.7269744873046875 15.89673614501953125 16.13909912109375 16.324480056762695313 16.3212890625 16.2148895263671875 16.116060256958007813 16.056255340576171875 16.024251937866210938 15.993592262268066406 15.965903282165527344 15.941302299499511719 15.923305511474609375 15.903855323791503906 15.877889633178710938 15.849022865295410156 15.827784538269042969
15.781361579895019531 15.715268135070800781 15.614193916320800781 15.520237922668457031 15.448109626770019531 15.389308929443359375 15.331624984741210938 15.270230293273925781 15.21271514892578125 15.162503242492675781 15.128716468811035156 15.117083549499511719 15.116171836853027344 15.142106056213378906 15.204461097717285156 15.298659324645996094 15.43415069580078125 15.565051078796386719 15.630200386047363281 15.658656120300292969 15.693249702453613281 15.724782943725585938 15.73552703857421875 15.772581100463867188 15.886837005615234375 16.089506149291992188 16.302469253540039063 16.34185791015625 16.240390777587890625 16.115648269653320313 16.039373397827148438 16.014774322509765625 15.996006965637207031 15.968506813049316406 15.937564849853515625 15.91131591796875 15.887804985046386719 15.858876228332519531 15.836666107177734375 15.842730522155761719
15.773789405822753906 15.804218292236328125 15.818243026733398438 15.810280799865722656 15.772114753723144531 15.710400581359863281 15.639786720275878906 15.561167716979980469 15.491751670837402344 15.434090614318847656 15.383251190185546875 15.3524169921875 15.352288246154785156 15.396147727966308594 15.478779792785644531 15.586489677429199219 15.721297264099121094 15.843281745910644531 15.89107513427734375 15.879862785339355469 15.871157646179199219 15.872205734252929688 15.845095634460449219 15.827460289001464844 15.87413787841796875 16.0108642578125 16.228260040283203125 16.347345352172851563 16.278669357299804688 16.130784988403320313 16.023090362548828125 15.996706008911132813 15.986828804016113281 15.963983535766601563 15.924557685852050781 15.883194923400878906 15.856477737426757813 15.847808837890625 15.867321014404296875 15.900387763977050781
16.039472579956054688 16.003362655639648438 15.9994049072265625 16.014604568481445313 16.02947235107421875 16.029109954833984375 16.010646820068359375 15.968121528625488281 15.913034439086914063 15.855319976806640625 15.792376518249511719 15.739469528198242188 15.708225250244140625 15.708794593811035156 15.747069358825683594 15.822875022888183594 15.936469078063964844 16.055532455444335938 16.11307525634765625 16.087530136108398438 16.04071807861328125 16.010715484619140625 15.959740638732910156 15.913116455078125 15.922499656677246094 15.984533309936523438 16.154443740844726563 16.327207565307617188 16.300708770751953125 16.143499374389648438 16.01645660400390625 15.983757972717285156 15.975862503051757813 15.952481269836425781 15.911136627197265625 15.87078857421875 15.862801551818847656 15.887181282043457031 15.923913002014160156 15.956735610961914063
16.823823928833007813 16.786348342895507813 16.759759902954101563 16.74230194091796875 16.723562240600585938 16.697542190551757813 16.656091690063476563 16.6002960205078125 16.532022476196289063 16.449361801147460938 16.3546295166015625 16.2537384033203125 16.173383712768554688 16.132146835327148438 16.150392532348632813 16.221029281616210938 16.308889389038085938 16.404033660888671875 16.4667205810546875 16.437604904174804688 16.355562210083007813 16.279695510864257813 16.198207855224609375 16.130826950073242188 16.106279373168945313 16.090305328369140625 16.155633926391601563 16.305330276489257813 16.314043045043945313 16.150911331176757813 16.007852554321289063 15.971297264099121094 15.963474273681640625 15.938378334045410156 15.907635688781738281 15.890789985656738281 15.907632827758789063 15.940981864929199219 15.97353363037109375 15.997812271118164063
