MapLinkProApp/griddata/temperature/ASCII/cmems_mod_glo_phy-thetao_anfc_0,083deg_P1D-m_1702458667101_2533,3.asc
ncols        121
nrows        120
xllcorner    -30.041666666667
yllcorner    40.041666655981
cellsize     0.083333333333
NODATA_value  9.9692099683868690468e+36
[rows 0 to 17 of 120, columns 39 to 77 of 121]
3.0764265060424804688 3.0584025382995605469 3.0525937080383300781 3.0652923583984375 3.08599090576171875 3.1124980449676513672 3.1355292797088623047 3.1458501815795898438 3.1513776779174804688 3.1690325736999511719 3.1773905754089355469 3.1655697822570800781 3.1457355022430419922 3.13224029541015625 3.1195166110992431641 3.1123993396759033203 3.09575653076171875 3.0736355781555175781 3.0446271896362304688 3.0170667171478271484 2.9905362129211425781 2.9628288745880126953 2.9305980205535888672 2.901981353759765625 2.8856284618377685547 2.8841311931610107422 2.8951780796051025391 2.9074728488922119141 2.9142110347747802734 2.9201529026031494141 2.9293432235717773438 2.9459602832794189453 2.9712164402008056641 2.9965302944183349609 3.000766754150390625 2.9901032447814941406 2.9924402236938476563 3.0215613842010498047 3.0583107471466064453
3.0710985660552978516 3.0658099651336669922 3.0787148475646972656 3.0995323657989501953 3.1138741970062255859 3.1235189437866210938 3.1268258094787597656 3.1243941783905029297 3.1280109882354736328 3.1413941383361816406 3.1497244834899902344 3.150539398193359375 3.1365878582000732422 3.1266963481903076172 3.1148324012756347656 3.1180446147918701172 3.1063110828399658203 3.089649200439453125 3.0787932872772216797 3.0641267299652099609 3.0427997112274169922 3.0149919986724853516 2.9787628650665283203 2.9489877223968505859 2.9306175708770751953 2.9234583377838134766 2.9244298934936523438 2.9258880615234375 2.9285504817962646484 2.9389519691467285156 2.9574117660522460938 2.9837000370025634766 3.0048105716705322266 3.0054681301116943359 2.9879386425018310547 2.9796593189239501953 3.0053355693817138672 3.0495150089263916016 3.0941905975341796875
3.0648767948150634766 3.0642046928405761719 3.0707027912139892578 3.0813250541687011719 3.0889759063720703125 3.0964641571044921875 3.0962910652160644531 3.0889849662780761719 3.0920774936676025391 3.0972392559051513672 3.0896596908569335938 3.0957443714141845703 3.0906503200531005859 3.1000838279724121094 3.105663299560546875 3.1188745498657226563 3.1119160652160644531 3.1131780147552490234 3.0999341011047363281 3.0935618877410888672 3.0735580921173095703 3.0454046726226806641 3.0166778564453125 2.9959051609039306641 2.9803295135498046875 2.9667689800262451172 2.9478504657745361328 2.9274599552154541016 2.9197843074798583984 2.9306497573852539063 2.9519257545471191406 2.9722018241882324219 2.9849932193756103516 2.9858272075653076172 2.9773199558258056641 2.9887766838073730469 3.0254652500152587891 3.0777058601379394531 3.1276683807373046875
3.054325103759765625 3.0526187419891357422 3.0572066307067871094 3.0710141658782958984 3.0838024616241455078 3.0943579673767089844 3.0947084426879882813 3.0796520709991455078 3.0631148815155029297 3.0669660568237304688 3.0544488430023193359 3.0470871925354003906 3.0453844070434570313 3.0577313899993896484 3.0685393810272216797 3.0865485668182373047 3.0989894866943359375 3.1076388359069824219 3.0972461700439453125 3.0971572399139404297 3.0713486671447753906 3.0575079917907714844 3.0329761505126953125 3.0135924816131591797 2.9955892562866210938 2.9734046459197998047 2.9473125934600830078 2.9288492202758789063 2.9281334877014160156 2.9403223991394042969 2.9564685821533203125 2.9732377529144287109 2.9834802150726318359 2.9852788448333740234 2.9798238277435302734 2.9964423179626464844 3.0306932926177978516 3.0838747024536132813 3.1429774761199951172
3.0518598556518554688 3.0451910495758056641 3.0494518280029296875 3.0670902729034423828 3.085819244384765625 3.1033952236175537109 3.0976366996765136719 3.0692679882049560547 3.0429286956787109375 3.029781341552734375 3.0203814506530761719 3.0216245651245117188 3.0212433338165283203 3.0279481410980224609 3.0332067012786865234 3.0406782627105712891 3.0486443042755126953 3.0542809963226318359 3.051116943359375 3.0503706932067871094 3.0418086051940917969 3.0337121486663818359 3.0246081352233886719 3.0171554088592529297 3.0083992481231689453 2.9922823905944824219 2.976314544677734375 2.9658093452453613281 2.9611818790435791016 2.9627125263214111328 2.9711456298828125 2.9841873645782470703 2.993289947509765625 2.9927845001220703125 2.9894037246704101563 3.0049908161163330078 3.0293827056884765625 3.0740151405334472656 3.1334722042083740234
3.0219819545745849609 3.0264215469360351563 3.0429735183715820313 3.0542078018188476563 3.0685722827911376953 3.0818505287170410156 3.0756959915161132813 3.0548155307769775391 3.0272932052612304688 3.0094780921936035156 3.0019376277923583984 2.9911963939666748047 2.9923496246337890625 2.9832646846771240234 2.9888427257537841797 3.003574371337890625 3.0169315338134765625 3.0195996761322021484 3.0157246589660644531 3.0245327949523925781 3.0320181846618652344 3.0344684123992919922 3.0413434505462646484 3.04510498046875 3.0512490272521972656 3.048099517822265625 3.0416316986083984375 3.0328159332275390625 3.0236692428588867188 3.01769256591796875 3.0138757228851318359 3.01300811767578125 3.0148460865020751953 3.0121221542358398438 3.0115535259246826172 3.0207288265228271484 3.0295915603637695313 3.0619318485260009766 3.1194810867309570313
3.0071969032287597656 2.9838850498199462891 2.9815096855163574219 2.9872369766235351563 2.9948441982269287109 3.0069932937622070313 3.0126345157623291016 3.0034532546997070313 2.9882574081420898438 2.9757802486419677734 2.9688420295715332031 2.9611775875091552734 2.9664025306701660156 2.9679253101348876953 2.9788522720336914063 2.9855611324310302734 2.9911134243011474609 2.9979276657104492188 2.9998753070831298828 3.0117578506469726563 3.0219664573669433594 3.037731170654296875 3.0521357059478759766 3.0669376850128173828 3.0770463943481445313 3.0796706676483154297 3.0801203250885009766 3.0731585025787353516 3.0652213096618652344 3.0599493980407714844 3.0525808334350585938 3.0438468456268310547 3.0360987186431884766 3.0300104618072509766 3.0307769775390625 3.0348711013793945313 3.0350863933563232422 3.0658044815063476563 3.1211524009704589844
2.9770407676696777344 2.9377653598785400391 2.9165809154510498047 2.9053404331207275391 2.9060356616973876953 2.9096779823303222656 2.9262037277221679688 2.9313492774963378906 2.9319517612457275391 2.9241330623626708984 2.9412884712219238281 2.9604315757751464844 2.9670562744140625 2.9757018089294433594 2.9933164119720458984 3.0014278888702392578 3.0030074119567871094 3.0166733264923095703 3.0286076068878173828 3.0390164852142333984 3.0509037971496582031 3.0620901584625244141 3.0726470947265625 3.0871102809906005859 3.1042437553405761719 3.1159801483154296875 3.1164636611938476563 3.1102886199951171875 3.1044936180114746094 3.0973043441772460938 3.0862636566162109375 3.0726802349090576172 3.0588159561157226563 3.0500929355621337891 3.046695709228515625 3.042865753173828125 3.0456616878509521484 3.0791985988616943359 3.1340224742889404297
2.9122896194458007813 2.8931982517242431641 2.8884325027465820313 2.885684967041015625 2.8826844692230224609 2.880954742431640625 2.8836266994476318359 2.8888270854949951172 2.8984572887420654297 2.9034104347229003906 2.9240000247955322266 2.9513335227966308594 2.9623656272888183594 2.9714605808258056641 2.9784471988677978516 2.9883477687835693359 3.0227067470550537109 3.0327868461608886719 3.0497338771820068359 3.0671749114990234375 3.0896935462951660156 3.1008799076080322266 3.1008572578430175781 3.1093804836273193359 3.1243512630462646484 3.134807586669921875 3.1368334293365478516 3.1335291862487792969 3.1248874664306640625 3.1119894981384277344 3.0944685935974121094 3.0766000747680664063 3.0665388107299804688 3.0616929531097412109 3.0552220344543457031 3.0484712123870849609 3.0547411441802978516 3.0913989543914794922 3.1435291767120361328
2.9231190681457519531 2.9051041603088378906 2.8925518989562988281 2.8814702033996582031 2.8721764087677001953 2.8683443069458007813 2.8714168071746826172 2.8829581737518310547 2.9028346538543701172 2.9204492568969726563 2.93627166748046875 2.9655914306640625 2.9944331645965576172 2.9976689815521240234 2.9980509281158447266 3.0080537796020507813 3.0323741436004638672 3.0630404949188232422 3.0857224464416503906 3.1016597747802734375 3.122936248779296875 3.1270079612731933594 3.1301348209381103516 3.1397278308868408203 3.1548223495483398438 3.1596140861511230469 3.1541688442230224609 3.1458621025085449219 3.1323945522308349609 3.1158826351165771484 3.1004405021667480469 3.0869798660278320313 3.0785920619964599609 3.0752012729644775391 3.0691773891448974609 3.0654177665710449219 3.0772492885589599609 3.1174013614654541016 3.1627666950225830078
2.9300518035888671875 2.90824127197265625 2.8867814540863037109 2.8722600936889648438 2.8685088157653808594 2.864032745361328125 2.8595595359802246094 2.8697326183319091797 2.8983588218688964844 2.9245193004608154297 2.9333658218383789063 2.9633107185363769531 2.9957103729248046875 3.0088055133819580078 3.0073838233947753906 3.0182971954345703125 3.0554413795471191406 3.0954124927520751953 3.1163730621337890625 3.1402461528778076172 3.1503369808197021484 3.1478621959686279297 3.1455845832824707031 3.1527717113494873047 3.1526012420654296875 3.1411173343658447266 3.1309998035430908203 3.1257584095001220703 3.118923187255859375 3.1119544506072998047 3.0989825725555419922 3.0826036930084228516 3.0787084102630615234 3.0847923755645751953 3.0846524238586425781 3.0854969024658203125 3.1035125255584716797 3.1465086936950683594 3.1807255744934082031
2.9423508644104003906 2.9269945621490478516 2.9033899307250976563 2.881256103515625 2.8666851520538330078 2.8589124679565429688 2.8713793754577636719 2.8948590755462646484 2.9143185615539550781 2.9278817176818847656 2.9306323528289794922 2.9579002857208251953 2.9830982685089111328 3.0164031982421875 3.0172472000122070313 3.0412092208862304688 3.0642340183258056641 3.1003155708312988281 3.1332759857177734375 3.1688129901885986328 3.1794047355651855469 3.1710200309753417969 3.1574146747589111328 3.1405725479125976563 3.1134419441223144531 3.0957322120666503906 3.0940580368041992188 3.1009719371795654297 3.1018848419189453125 3.0993256568908691406 3.0912787914276123047 3.0825741291046142578 3.0851683616638183594 3.0931484699249267578 3.0947790145874023438 3.1015486717224121094 3.1299097537994384766 3.1706945896148681641 3.1828877925872802734
2.9620447158813476563 2.9495015144348144531 2.9305782318115234375 2.9107253551483154297 2.8938834667205810547 2.8810200691223144531 2.8798270225524902344 2.9065001010894775391 2.9282450675964355469 2.9396648406982421875 2.9340867996215820313 2.9619019031524658203 2.9793372154235839844 3.0110125541687011719 3.0315423011779785156 3.0817334651947021484 3.1202759742736816406 3.1548726558685302734 3.1760466098785400391 3.2113668918609619141 3.2050790786743164063 3.1811492443084716797 3.1521997451782226563 3.1239087581634521484 3.0981118679046630859 3.0909323692321777344 3.1000220775604248047 3.1103804111480712891 3.1165452003479003906 3.1215503215789794922 3.1211986541748046875 3.1176784038543701172 3.1140701770782470703 3.1091549396514892578 3.1096589565277099609 3.1273999214172363281 3.1586918830871582031 3.1763830184936523438 3.1599278450012207031
2.977748870849609375 2.972503662109375 2.9628770351409912109 2.9528641700744628906 2.9408748149871826172 2.9257659912109375 2.9219021797180175781 2.9330036640167236328 2.9420785903930664063 2.9365191459655761719 2.9457447528839111328 2.9737181663513183594 3.0085494518280029297 3.0312709808349609375 3.0582671165466308594 3.1222078800201416016 3.1583714485168457031 3.1947798728942871094 3.2224373817443847656 3.2322797775268554688 3.2054338455200195313 3.1696798801422119141 3.1370730400085449219 3.1059846878051757813 3.0969285964965820313 3.1019530296325683594 3.1067705154418945313 3.1171126365661621094 3.1315503120422363281 3.1405835151672363281 3.1413404941558837891 3.1335849761962890625 3.1186716556549072266 3.1127345561981201172 3.1254770755767822266 3.1446125507354736328 3.1588428020477294922 3.148303985595703125 3.1150095462799072266
3.01821136474609375 3.0090150833129882813 3.0012214183807373047 2.9930429458618164063 2.9746263027191162109 2.9552247524261474609 2.94832611083984375 2.9504265785217285156 2.9441857337951660156 2.9355764389038085938 2.9545216560363769531 3.0057401657104492188 3.0568342208862304688 3.0736265182495117188 3.1061728000640869141 3.1524796485900878906 3.1799015998840332031 3.2249467372894287109 3.231052398681640625 3.2175514698028564453 3.1761069297790527344 3.1374299526214599609 3.1167242527008056641 3.0993883609771728516 3.101978302001953125 3.1066749095916748047 3.098781585693359375 3.1034815311431884766 3.1179358959197998047 3.1292910575866699219 3.1241652965545654297 3.1129608154296875 3.1085245609283447266 3.1151101589202880859 3.1249918937683105469 3.1237037181854248047 3.1057825088500976563 3.0707795619964599609 3.0356297492980957031
3.0173401832580566406 3.0241363048553466797 3.013912200927734375 2.9956581592559814453 2.9756448268890380859 2.9609253406524658203 2.9579443931579589844 2.9527287483215332031 2.9565978050231933594 2.9574244022369384766 2.9925916194915771484 3.0479941368103027344 3.0911843776702880859 3.1115229129791259766 3.1303887367248535156 3.1761279106140136719 3.2331941127777099609 3.2545163631439208984 3.26020050048828125 3.2166714668273925781 3.1653192043304443359 3.1294798851013183594 3.1023800373077392578 3.0800147056579589844 3.0998454093933105469 3.1163969039916992188 3.1111128330230712891 3.1004974842071533203 3.1008355617523193359 3.1076505184173583984 3.1057579517364501953 3.0955557823181152344 3.0983736515045166016 3.1105151176452636719 3.1078479290008544922 3.0837597846984863281 3.0448780059814453125 3.0029575824737548828 2.9773843288421630859
3.0409209728240966797 3.0452544689178466797 3.0285632610321044922 3.0104489326477050781 3.0027699470520019531 2.9941511154174804688 2.9828200340270996094 2.9767081737518310547 2.9771397113800048828 2.9932069778442382813 3.0214440822601318359 3.0685870647430419922 3.1086103916168212891 3.1400587558746337891 3.1589703559875488281 3.2010650634765625 3.2381267547607421875 3.2574253082275390625 3.2533495426177978516 3.2080295085906982422 3.1625928878784179688 3.1222987174987792969 3.0884387493133544922 3.0836923122406005859 3.1031498908996582031 3.1222465038299560547 3.1201670169830322266 3.1175272464752197266 3.1086623668670654297 3.107006072998046875 3.1018195152282714844 3.0966503620147705078 3.1049296855926513672 3.1057429313659667969 3.0843522548675537109 3.0467555522918701172 3.0002665519714355469 2.9647898674011230469 2.947284698486328125
3.0600893497467041016 3.0644142627716064453 3.0516214370727539063 3.0294215679168701172 3.0192120075225830078 3.0238633155822753906 3.0266721248626708984 3.0146901607513427734 2.9985411167144775391 3.0105457305908203125 3.0494694709777832031 3.0836992263793945313 3.1087400913238525391 3.1349399089813232422 3.1687111854553222656 3.2070033550262451172 3.2461555004119873047 3.2571527957916259766 3.2433924674987792969 3.1939225196838378906 3.1545860767364501953 3.1181552410125732422 3.1025018692016601563 3.1016452312469482422 3.1246025562286376953 3.1311066150665283203 3.1287889480590820313 3.1366062164306640625 3.1364998817443847656 3.1321115493774414063 3.1199910640716552734 3.1164357662200927734 3.1153323650360107422 3.099849700927734375 3.0665538311004638672 3.0190420150756835938 2.9688863754272460938 2.9328334331512451172 2.9132907390594482422
