MapLinkProApp/griddata/temperature/ASCII/cmems_mod_glo_phy-thetao_anfc_0,083deg_P1D-m_1702458667101_541,1.asc
ncols        121
nrows        120
xllcorner    -30.041666666667
yllcorner    40.041666655981
cellsize     0.083333333333
NODATA_value  9.9692099683868690468e+36
[rows 72 to 89 of 120, columns 80 to 119 of 121]
11.795400619506835938 11.759818077087402344 11.762761116027832031 11.747887611389160156 11.706250190734863281 11.802836418151855469 11.784415245056152344 11.748716354370117188 11.758176803588867188 11.704848289489746094 11.618560791015625 11.546748161315917969 11.564539909362792969 11.528855323791503906 11.538920402526855469 11.437318801879882813 11.352076530456542969 11.418469429016113281 11.477276802062988281 11.410181045532226563 11.394036293029785156 11.433397293090820313 11.543419837951660156 11.57501983642578125 11.583745956420898438 11.530285835266113281 11.494289398193359375 11.485945701599121094 11.454540252685546875 11.424175262451171875 11.450107574462890625 11.506460189819335938 11.60626220703125 11.774731636047363281 11.843323707580566406 11.763386726379394531 11.686713218688964844 11.727628707885742188 11.728305816650390625 11.585668563842773438
11.952916145324707031 11.953635215759277344 11.882889747619628906 11.889447212219238281 11.850267410278320313 11.728361129760742188 11.611379623413085938 11.54917144775390625 11.575862884521484375 11.667422294616699219 11.670618057250976563 11.616275787353515625 11.578629493713378906 11.492251396179199219 11.491802215576171875 11.324563026428222656 11.270854949951171875 11.326846122741699219 11.382918357849121094 11.337648391723632813 11.352016448974609375 11.458287239074707031 11.509270668029785156 11.574213027954101563 11.650593757629394531 11.61856842041015625 11.529481887817382813 11.475343704223632813 11.492938995361328125 11.525806427001953125 11.56667327880859375 11.591162681579589844 11.675523757934570313 11.831961631774902344 11.907309532165527344 11.818642616271972656 11.741271018981933594 11.727746009826660156 11.630887985229492188 11.480777740478515625
12.130089759826660156 12.068511009216308594 11.96836090087890625 11.928315162658691406 11.795339584350585938 11.598467826843261719 11.459496498107910156 11.416832923889160156 11.388537406921386719 11.439739227294921875 11.548069953918457031 11.629999160766601563 11.630428314208984375 11.633837699890136719 11.54144287109375 11.328970909118652344 11.298880577087402344 11.382863044738769531 11.430457115173339844 11.441290855407714844 11.481754302978515625 11.541227340698242188 11.594758987426757813 11.556820869445800781 11.614202499389648438 11.703668594360351563 11.693482398986816406 11.643574714660644531 11.603862762451171875 11.63543701171875 11.676037788391113281 11.704762458801269531 11.837235450744628906 11.924723625183105469 11.885316848754882813 11.804662704467773438 11.758723258972167969 11.698991775512695313 11.580265045166015625 11.451985359191894531
12.133754730224609375 12.096271514892578125 11.930166244506835938 11.722791671752929688 11.487179756164550781 11.382645606994628906 11.384724617004394531 11.354533195495605469 11.336962699890136719 11.418659210205078125 11.443574905395507813 11.442603111267089844 11.559353828430175781 11.694121360778808594 11.708032608032226563 11.667724609375 11.606781005859375 11.616148948669433594 11.644988059997558594 11.641742706298828125 11.620079994201660156 11.608797073364257813 11.629132270812988281 11.618283271789550781 11.598740577697753906 11.616971969604492188 11.6618194580078125 11.703573226928710938 11.754365921020507813 11.791575431823730469 11.841090202331542969 11.847736358642578125 11.880306243896484375 11.929198265075683594 11.866019248962402344 11.755125045776367188 11.677159309387207031 11.6442718505859375 11.583844184875488281 11.428067207336425781
11.959237098693847656 11.919923782348632813 11.716423988342285156 11.513467788696289063 11.365847587585449219 11.292407035827636719 11.26912689208984375 11.289914131164550781 11.32431793212890625 11.386879920959472656 11.452040672302246094 11.466455459594726563 11.539128303527832031 11.598661422729492188 11.621665000915527344 11.645583152770996094 11.6753387451171875 11.680581092834472656 11.662174224853515625 11.635877609252929688 11.61226654052734375 11.596891403198242188 11.632005691528320313 11.662237167358398438 11.634210586547851563 11.633482933044433594 11.642998695373535156 11.651121139526367188 11.691363334655761719 11.766874313354492188 11.837583541870117188 11.852785110473632813 11.890963554382324219 11.909402847290039063 11.82366180419921875 11.738460540771484375 11.638930320739746094 11.588544845581054688 11.511051177978515625 11.37957763671875
11.689074516296386719 11.665985107421875 11.534427642822265625 11.382365226745605469 11.2629547119140625 11.203996658325195313 11.182745933532714844 11.234493255615234375 11.347468376159667969 11.431029319763183594 11.480119705200195313 11.55633544921875 11.594835281372070313 11.58251953125 11.592007637023925781 11.596610069274902344 11.598779678344726563 11.581604957580566406 11.584917068481445313 11.592786788940429688 11.589807510375976563 11.550436019897460938 11.555402755737304688 11.609125137329101563 11.609341621398925781 11.62233734130859375 11.646960258483886719 11.640599250793457031 11.663929939270019531 11.732453346252441406 11.807410240173339844 11.842988014221191406 11.840101242065429688 11.776307106018066406 11.682387351989746094 11.644269943237304688 11.622521400451660156 11.573161125183105469 11.469036102294921875 11.365988731384277344
11.368518829345703125 11.353219032287597656 11.279054641723632813 11.19266510009765625 11.120073318481445313 11.1224517822265625 11.188556671142578125 11.237635612487792969 11.260328292846679688 11.345830917358398438 11.472309112548828125 11.589447021484375 11.642322540283203125 11.627594947814941406 11.617007255554199219 11.593194007873535156 11.577363967895507813 11.556046485900878906 11.539525032043457031 11.548857688903808594 11.531389236450195313 11.518115043640136719 11.515438079833984375 11.522292137145996094 11.520338058471679688 11.535360336303710938 11.570437431335449219 11.583158493041992188 11.586031913757324219 11.635607719421386719 11.682871818542480469 11.67901611328125 11.665888786315917969 11.634057044982910156 11.604712486267089844 11.595698356628417969 11.56438446044921875 11.514979362487792969 11.457492828369140625 11.37395477294921875
11.240663528442382813 11.209557533264160156 11.193030357360839844 11.161314010620117188 11.158636093139648438 11.234196662902832031 11.213018417358398438 11.171023368835449219 11.19441986083984375 11.311175346374511719 11.499825477600097656 11.598912239074707031 11.607662200927734375 11.603007316589355469 11.61316680908203125 11.56689453125 11.5708770751953125 11.557796478271484375 11.551092147827148438 11.530483245849609375 11.507232666015625 11.4777374267578125 11.472347259521484375 11.47124481201171875 11.472322463989257813 11.480210304260253906 11.481500625610351563 11.472669601440429688 11.490942001342773438 11.509069442749023438 11.513303756713867188 11.52925872802734375 11.532430648803710938 11.527416229248046875 11.524866104125976563 11.532196044921875 11.495519638061523438 11.464935302734375 11.432802200317382813 11.340371131896972656
11.080553054809570313 11.14394378662109375 11.230340003967285156 11.229294776916503906 11.264180183410644531 11.266093254089355469 11.20064544677734375 11.125482559204101563 11.169564247131347656 11.280857086181640625 11.41949462890625 11.532914161682128906 11.554882049560546875 11.573101997375488281 11.560923576354980469 11.483971595764160156 11.456730842590332031 11.414376258850097656 11.390278816223144531 11.373544692993164063 11.376585006713867188 11.382314682006835938 11.401067733764648438 11.429184913635253906 11.454845428466796875 11.474386215209960938 11.481417655944824219 11.476651191711425781 11.503790855407714844 11.5228424072265625 11.543311119079589844 11.539122581481933594 11.540454864501953125 11.540406227111816406 11.541068077087402344 11.549962997436523438 11.532555580139160156 11.532822608947753906 11.509816169738769531 11.358361244201660156
10.999858856201171875 11.117966651916503906 11.155144691467285156 11.145716667175292969 11.108362197875976563 11.052548408508300781 11.04199981689453125 11.068522453308105469 11.054948806762695313 11.140601158142089844 11.275529861450195313 11.39685821533203125 11.412476539611816406 11.404546737670898438 11.296742439270019531 11.179220199584960938 11.125858306884765625 11.088408470153808594 11.066987991333007813 11.066586494445800781 11.092631340026855469 11.127603530883789063 11.165608406066894531 11.198948860168457031 11.249908447265625 11.2919464111328125 11.333223342895507813 11.371847152709960938 11.408563613891601563 11.428816795349121094 11.435275077819824219 11.41802978515625 11.408802986145019531 11.392664909362792969 11.40419769287109375 11.418070793151855469 11.419102668762207031 11.456012725830078125 11.534289360046386719 11.525502204895019531
11.080873489379882813 11.12819671630859375 11.1074676513671875 11.080020904541015625 11.027805328369140625 10.952603340148925781 10.865542411804199219 10.944019317626953125 11.037050247192382813 11.020106315612792969 11.101375579833984375 11.21961212158203125 11.185526847839355469 11.147555351257324219 11.056866645812988281 10.959380149841308594 10.899485588073730469 10.82712554931640625 10.820208549499511719 10.84690093994140625 10.864833831787109375 10.891377449035644531 10.942763328552246094 10.955028533935546875 10.965584754943847656 10.992279052734375 11.050213813781738281 11.096785545349121094 11.134122848510742188 11.163111686706542969 11.177708625793457031 11.181247711181640625 11.186052322387695313 11.181473731994628906 11.181668281555175781 11.186163902282714844 11.193479537963867188 11.224056243896484375 11.279371261596679688 11.313905715942382813
11.251133918762207031 11.249715805053710938 11.241339683532714844 11.194581031799316406 11.137804985046386719 11.087066650390625 10.968275070190429688 10.822887420654296875 10.884060859680175781 10.954738616943359375 10.962236404418945313 11.075318336486816406 11.09515380859375 11.035006523132324219 10.970151901245117188 10.857381820678710938 10.774170875549316406 10.744574546813964844 10.778485298156738281 10.804682731628417969 10.831513404846191406 10.869367599487304688 10.90625762939453125 10.938084602355957031 10.895051002502441406 10.830491065979003906 10.823170661926269531 10.856520652770996094 10.926809310913085938 10.97295379638671875 10.997029304504394531 11.007444381713867188 11.00434112548828125 11.006618499755859375 11.027983665466308594 11.028369903564453125 11.011760711669921875 11.019603729248046875 11.056065559387207031 11.111170768737792969
11.285962104797363281 11.264916419982910156 11.183673858642578125 11.102344512939453125 11.024472236633300781 10.980206489562988281 11.020616531372070313 10.938816070556640625 10.837466239929199219 10.859905242919921875 10.82140350341796875 10.849463462829589844 10.973093032836914063 10.996630668640136719 10.915152549743652344 10.804127693176269531 10.719964981079101563 10.706479072570800781 10.765264511108398438 10.729245185852050781 10.719717025756835938 10.765612602233886719 10.84712982177734375 10.876116752624511719 10.8972320556640625 10.864110946655273438 10.802610397338867188 10.764194488525390625 10.781248092651367188 10.794887542724609375 10.821123123168945313 10.851396560668945313 10.8806304931640625 10.890054702758789063 10.888702392578125 10.86191558837890625 10.821938514709472656 10.804491996765136719 10.805120468139648438 10.830881118774414063
11.248638153076171875 11.231539726257324219 11.137511253356933594 11.038613319396972656 10.948843002319335938 10.834672927856445313 10.85401153564453125 10.910027503967285156 10.844019889831542969 10.804114341735839844 10.772235870361328125 10.733174324035644531 10.765330314636230469 10.851959228515625 10.809504508972167969 10.712890625 10.639410018920898438 10.623891830444335938 10.658150672912597656 10.595996856689453125 10.636884689331054688 10.762421607971191406 10.792987823486328125 10.79305267333984375 10.787851333618164063 10.805881500244140625 10.797993659973144531 10.764096260070800781 10.730286598205566406 10.6898651123046875 10.670639991760253906 10.659574508666992188 10.659284591674804688 10.650007247924804688 10.639322280883789063 10.634741783142089844 10.624520301818847656 10.636608123779296875 10.653446197509765625 10.676889419555664063
11.225966453552246094 11.183154106140136719 11.126290321350097656 11.0559844970703125 10.967610359191894531 10.884316444396972656 10.845315933227539063 10.872233390808105469 10.798457145690917969 10.769260406494140625 10.801714897155761719 10.737296104431152344 10.69614410400390625 10.719207763671875 10.678670883178710938 10.623088836669921875 10.565119743347167969 10.567587852478027344 10.563128471374511719 10.532899856567382813 10.614157676696777344 10.738037109375 10.765508651733398438 10.778957366943359375 10.802495002746582031 10.802111625671386719 10.796801567077636719 10.778668403625488281 10.761477470397949219 10.740862846374511719 10.708576202392578125 10.675043106079101563 10.647481918334960938 10.61844635009765625 10.592751502990722656 10.568482398986816406 10.550201416015625 10.564198493957519531 10.567220687866210938 10.589976310729980469
11.20423126220703125 11.20822906494140625 11.115238189697265625 10.993755340576171875 10.910609245300292969 10.885325431823730469 10.886801719665527344 10.890278816223144531 10.814963340759277344 10.753024101257324219 10.757710456848144531 10.724553108215332031 10.679960250854492188 10.646483421325683594 10.588248252868652344 10.552677154541015625 10.519786834716796875 10.501910209655761719 10.444524765014648438 10.515673637390136719 10.676455497741699219 10.767795562744140625 10.767910957336425781 10.800625801086425781 10.837800979614257813 10.801935195922851563 10.742255210876464844 10.689562797546386719 10.642961502075195313 10.599152565002441406 10.563142776489257813 10.507777214050292969 10.461240768432617188 10.427030563354492188 10.413976669311523438 10.408094406127929688 10.417544364929199219 10.43743896484375 10.469546318054199219 10.520375251770019531
11.154393196105957031 11.059841156005859375 10.882848739624023438 10.781455039978027344 10.810898780822753906 10.855411529541015625 10.888030052185058594 10.912783622741699219 10.829627037048339844 10.713924407958984375 10.712430000305175781 10.712383270263671875 10.60839080810546875 10.544099807739257813 10.512195587158203125 10.4721832275390625 10.429502487182617188 10.35028839111328125 10.415475845336914063 10.656477928161621094 10.771482467651367188 10.806804656982421875 10.825277328491210938 10.807194709777832031 10.742165565490722656 10.646296501159667969 10.5542449951171875 10.488358497619628906 10.461515426635742188 10.459600448608398438 10.464601516723632813 10.467617988586425781 10.472416877746582031 10.475833892822265625 10.46588897705078125 10.457498550415039063 10.454763412475585938 10.455252647399902344 10.480216026306152344 10.526883125305175781
11.046408653259277344 10.8934326171875 10.808520317077636719 10.790197372436523438 10.88504791259765625 10.897557258605957031 10.825556755065917969 10.770842552185058594 10.670488357543945313 10.546006202697753906 10.489950180053710938 10.451491355895996094 10.437605857849121094 10.416403770446777344 10.379940032958984375 10.284625053405761719 10.2413330078125 10.316138267517089844 10.599945068359375 10.779053688049316406 10.802842140197753906 10.809859275817871094 10.792546272277832031 10.793964385986328125 10.741843223571777344 10.619990348815917969 10.548341751098632813 10.484233856201171875 10.476879119873046875 10.526583671569824219 10.542853355407714844 10.546854972839355469 10.555567741394042969 10.564429283142089844 10.548862457275390625 10.53911590576171875 10.530916213989257813 10.493725776672363281 10.47071075439453125 10.485981941223144531
