MapLinkProApp/griddata/temperature/ASCII/cmems_mod_glo_phy-thetao_anfc_0,083deg_P1D-m_1702458667101_1941,9.asc
ncols        121
nrows        120
xllcorner    -30.041666666667
yllcorner    40.041666655981
cellsize     0.083333333333
NODATA_value  9.9692099683868690468e+36
[rows 0 to 17 of 120, columns 80 to 119 of 121]
3.3863661289215087891 3.378376007080078125 3.3670508861541748047 3.3830161094665527344 3.4295375347137451172 3.4809534549713134766 3.5153896808624267578 3.5513074398040771484 3.5861995220184326172 3.6180858612060546875 3.6444163322448730469 3.6619951725006103516 3.6701309680938720703 3.67276763916015625 3.6785397529602050781 3.6780228614807128906 3.6587073802947998047 3.6517167091369628906 3.6538784503936767578 3.6376657485961914063 3.613391876220703125 3.5932610034942626953 3.5763182640075683594 3.5566263198852539063 3.5400378704071044922 3.5210003852844238281 3.5193128585815429688 3.5099878311157226563 3.5011963844299316406 3.4897489547729492188 3.4774694442749023438 3.4687855243682861328 3.4566707611083984375 3.4509024620056152344 3.447673797607421875 3.4361269474029541016 3.4187784194946289063 3.40335845947265625 3.3875877857208251953 3.3646183013916015625
3.4128775596618652344 3.3971145153045654297 3.386638641357421875 3.4140655994415283203 3.4670801162719726563 3.4973349571228027344 3.5362699031829833984 3.5731763839721679688 3.6018891334533691406 3.6299037933349609375 3.6486785411834716797 3.6552629470825195313 3.658496856689453125 3.6602876186370849609 3.6566638946533203125 3.6485097408294677734 3.6429901123046875 3.6441285610198974609 3.6346371173858642578 3.6156754493713378906 3.6041820049285888672 3.5969095230102539063 3.5817644596099853516 3.5597786903381347656 3.5457417964935302734 3.536083221435546875 3.5261030197143554688 3.5085685253143310547 3.4904179573059082031 3.4757354259490966797 3.4623465538024902344 3.4421453475952148438 3.4272584915161132813 3.4162993431091308594 3.4064500331878662109 3.3924417495727539063 3.3780305385589599609 3.3713355064392089844 3.3664963245391845703 3.3494966030120849609
3.4097881317138671875 3.3957097530364990234 3.3930590152740478516 3.4281337261199951172 3.4902472496032714844 3.5108432769775390625 3.5475432872772216797 3.5782778263092041016 3.6052253246307373047 3.6290192604064941406 3.6399562358856201172 3.6407306194305419922 3.6399791240692138672 3.6385340690612792969 3.6319725513458251953 3.6229634284973144531 3.6238927841186523438 3.6214504241943359375 3.6083347797393798828 3.5998854637145996094 3.596782684326171875 3.587665557861328125 3.5751101970672607422 3.5616266727447509766 3.5516641139984130859 3.5286922454833984375 3.4949345588684082031 3.4625287055969238281 3.4383797645568847656 3.4176366329193115234 3.4069046974182128906 3.4017691612243652344 3.3968901634216308594 3.3862433433532714844 3.3766756057739257813 3.3703365325927734375 3.3692655563354492188 3.3698973655700683594 3.3697745800018310547 3.36810302734375
3.4010071754455566406 3.3929333686828613281 3.4078686237335205078 3.4613592624664306641 3.5208342075347900391 3.5270621776580810547 3.5536139011383056641 3.5737764835357666016 3.5959928035736083984 3.6129250526428222656 3.6187884807586669922 3.6187679767608642578 3.6204912662506103516 3.6206421852111816406 3.6130976676940917969 3.6041917800903320313 3.6023862361907958984 3.6024792194366455078 3.5974335670471191406 3.5944797992706298828 3.5859699249267578125 3.5692937374114990234 3.54953765869140625 3.5226662158966064453 3.4970245361328125 3.4676053524017333984 3.4459335803985595703 3.428653717041015625 3.414676666259765625 3.4075171947479248047 3.4039530754089355469 3.4023721218109130859 3.3956058025360107422 3.3843014240264892578 3.3753149509429931641 3.3687405586242675781 3.3670699596405029297 3.3717410564422607422 3.3782787322998046875 3.3788988590240478516
3.3942875862121582031 3.4031865596771240234 3.4290609359741210938 3.4852733612060546875 3.5036141872406005859 3.5124814510345458984 3.5416474342346191406 3.5641410350799560547 3.5887029170989990234 3.6017751693725585938 3.6027894020080566406 3.6032369136810302734 3.6077570915222167969 3.6100988388061523438 3.6054124832153320313 3.5997936725616455078 3.5980854034423828125 3.5917162895202636719 3.5796639919281005859 3.5637161731719970703 3.5426881313323974609 3.518520355224609375 3.4930825233459472656 3.4714083671569824219 3.4483244419097900391 3.4289593696594238281 3.4186687469482421875 3.4095189571380615234 3.4112057685852050781 3.4148540496826171875 3.4252858161926269531 3.429546356201171875 3.4167051315307617188 3.3989269733428955078 3.3915746212005615234 3.3924472332000732422 3.4009718894958496094 3.4089574813842773438 3.4096601009368896484 3.4081046581268310547
3.393650054931640625 3.4141776561737060547 3.4509704113006591797 3.4846663475036621094 3.4796500205993652344 3.4993295669555664063 3.5194354057312011719 3.5385949611663818359 3.5642731189727783203 3.5793759822845458984 3.5822694301605224609 3.5821118354797363281 3.585857391357421875 3.5865890979766845703 3.5816044807434082031 3.5762910842895507813 3.5679709911346435547 3.5514943599700927734 3.5330202579498291016 3.5136990547180175781 3.4956924915313720703 3.4760494232177734375 3.4537281990051269531 3.4310939311981201172 3.4132630825042724609 3.4077062606811523438 3.4086940288543701172 3.4158236980438232422 3.4222731590270996094 3.4275417327880859375 3.4341218471527099609 3.4232420921325683594 3.4000153541564941406 3.3870840072631835938 3.3914270401000976563 3.4025578498840332031 3.4151945114135742188 3.4204344749450683594 3.4148952960968017578 3.4111795425415039063
3.3967981338500976563 3.41719818115234375 3.4572317600250244141 3.4817371368408203125 3.4733235836029052734 3.4837980270385742188 3.5000407695770263672 3.5158548355102539063 3.5377376079559326172 3.5522091388702392578 3.5593976974487304688 3.5607345104217529297 3.5584959983825683594 3.5524716377258300781 3.5429544448852539063 3.5321564674377441406 3.5163257122039794922 3.4936981201171875 3.4731664657592773438 3.4538316726684570313 3.4383578300476074219 3.4205625057220458984 3.4096076488494873047 3.4016175270080566406 3.3984465599060058594 3.3931901454925537109 3.3926103115081787109 3.4062073230743408203 3.4170839786529541016 3.4287912845611572266 3.4248971939086914063 3.4085328578948974609 3.3927638530731201172 3.3835165500640869141 3.3985660076141357422 3.4141013622283935547 3.4181663990020751953 3.4137837886810302734 3.4059054851531982422 3.4050202369689941406
3.3975467681884765625 3.4223237037658691406 3.4649591445922851563 3.4842815399169921875 3.4733650684356689453 3.473148345947265625 3.482112884521484375 3.4972670078277587891 3.5126857757568359375 3.5210971832275390625 3.5246460437774658203 3.5292599201202392578 3.5288970470428466797 3.5210182666778564453 3.5079584121704101563 3.4921813011169433594 3.4714956283569335938 3.4481270313262939453 3.4287724494934082031 3.4091820716857910156 3.3925182819366455078 3.3779814243316650391 3.3708279132843017578 3.3663461208343505859 3.3618729114532470703 3.3573749065399169922 3.3682799339294433594 3.3942801952362060547 3.4106829166412353516 3.4209132194519042969 3.4188737869262695313 3.4120953083038330078 3.3965487480163574219 3.3874912261962890625 3.4063620567321777344 3.4202876091003417969 3.4142284393310546875 3.4052951335906982422 3.4009296894073486328 3.4068124294281005859
3.3918044567108154297 3.4204075336456298828 3.4592020511627197266 3.4668993949890136719 3.4627206325531005859 3.4579248428344726563 3.4636676311492919922 3.4740874767303466797 3.4851558208465576172 3.4965300559997558594 3.4973978996276855469 3.4932792186737060547 3.4867870807647705078 3.4768435955047607422 3.4617891311645507813 3.4432971477508544922 3.4229373931884765625 3.4003593921661376953 3.3777561187744140625 3.3582150936126708984 3.3409457206726074219 3.3275997638702392578 3.3210074901580810547 3.3237009048461914063 3.3313336372375488281 3.3316903114318847656 3.3447470664978027344 3.3730297088623046875 3.4043560028076171875 3.4230694770812988281 3.4267277717590332031 3.4148209095001220703 3.3933386802673339844 3.3866827487945556641 3.4081246852874755859 3.421421051025390625 3.4175603389739990234 3.4099001884460449219 3.4088582992553710938 3.4130239486694335938
3.3888096809387207031 3.4072577953338623047 3.4421994686126708984 3.4589631557464599609 3.4697828292846679688 3.4641876220703125 3.4697308540344238281 3.4648470878601074219 3.4658880233764648438 3.4767196178436279297 3.4733712673187255859 3.4672794342041015625 3.4611794948577880859 3.4517879486083984375 3.4357452392578125 3.4132187366485595703 3.3907756805419921875 3.3675785064697265625 3.3439967632293701172 3.3259079456329345703 3.3100376129150390625 3.2988152503967285156 3.2968602180480957031 3.3029110431671142578 3.3102319240570068359 3.3104016780853271484 3.3249654769897460938 3.3588855266571044922 3.4036133289337158203 3.4271495342254638672 3.4308636188507080078 3.4187967777252197266 3.3915302753448486328 3.3817272186279296875 3.4051504135131835938 3.4247579574584960938 3.425445556640625 3.4242532253265380859 3.4253275394439697266 3.4310858249664306641
3.4012286663055419922 3.4111216068267822266 3.4335062503814697266 3.4784934520721435547 3.4819443225860595703 3.4687776565551757813 3.4742753505706787109 3.4639036655426025391 3.4594547748565673828 3.4671502113342285156 3.4548676013946533203 3.4394595623016357422 3.430450439453125 3.4201159477233886719 3.4064259529113769531 3.3895413875579833984 3.3712551593780517578 3.3511936664581298828 3.3309111595153808594 3.3173158168792724609 3.3129286766052246094 3.3121323585510253906 3.3117165565490722656 3.3105528354644775391 3.3100771903991699219 3.3189060688018798828 3.3350472450256347656 3.3635070323944091797 3.3981049060821533203 3.4180097579956054688 3.4306809902191162109 3.4231913089752197266 3.3977172374725341797 3.3797709941864013672 3.3991184234619140625 3.4201707839965820313 3.4242541790008544922 3.4290583133697509766 3.4359917640686035156 3.4406208992004394531
3.4146323204040527344 3.4363918304443359375 3.4670679569244384766 3.4615156650543212891 3.4519579410552978516 3.4530668258666992188 3.4739270210266113281 3.4701075553894042969 3.4626708030700683594 3.4604370594024658203 3.4463515281677246094 3.4256784915924072266 3.4216306209564208984 3.4098083972930908203 3.3973779678344726563 3.3846991062164306641 3.3715345859527587891 3.359577178955078125 3.3452334403991699219 3.3362650871276855469 3.3412144184112548828 3.3470466136932373047 3.34368133544921875 3.3354132175445556641 3.3284475803375244141 3.3435442447662353516 3.3727681636810302734 3.3948705196380615234 3.4053168296813964844 3.4131681919097900391 3.4336771965026855469 3.4350900650024414063 3.4164855480194091797 3.3892672061920166016 3.3959581851959228516 3.4217956066131591797 3.4281885623931884766 3.424251556396484375 3.4300100803375244141 3.4308235645294189453
3.4542498588562011719 3.4431459903717041016 3.4132552146911621094 3.4009029865264892578 3.4171142578125 3.4395914077758789063 3.4588239192962646484 3.4616956710815429688 3.4543089866638183594 3.4502673149108886719 3.4409396648406982422 3.4338610172271728516 3.4263274669647216797 3.4180469512939453125 3.4035632610321044922 3.3873567581176757813 3.3749155998229980469 3.3668487071990966797 3.3569967746734619141 3.351955413818359375 3.3587276935577392578 3.3689265251159667969 3.3693983554840087891 3.35123443603515625 3.3415186405181884766 3.3668646812438964844 3.3978784084320068359 3.4208698272705078125 3.4286494255065917969 3.4329442977905273438 3.4398665428161621094 3.4519774913787841797 3.4409191608428955078 3.4133002758026123047 3.3973891735076904297 3.4169406890869140625 3.4401464462280273438 3.4441006183624267578 3.4415781497955322266 3.4459226131439208984
3.4293355941772460938 3.3987069129943847656 3.3818504810333251953 3.3861823081970214844 3.3987450599670410156 3.4087059497833251953 3.4206144809722900391 3.4339587688446044922 3.4375073909759521484 3.4410328865051269531 3.4409792423248291016 3.4374697208404541016 3.4274179935455322266 3.4093835353851318359 3.3881671428680419922 3.3779549598693847656 3.3835339546203613281 3.3852732181549072266 3.3843257427215576172 3.3908777236938476563 3.405742645263671875 3.4147515296936035156 3.3987185955047607422 3.3673694133758544922 3.3610060214996337891 3.3878092765808105469 3.4094667434692382813 3.4276530742645263672 3.4310674667358398438 3.4160184860229492188 3.4173395633697509766 3.4400453567504882813 3.4503633975982666016 3.4350426197052001953 3.4096899032592773438 3.4171285629272460938 3.4457309246063232422 3.4530384540557861328 3.4532742500305175781 3.451442718505859375
3.4119818210601806641 3.4000415802001953125 3.3881597518920898438 3.3770575523376464844 3.3785152435302734375 3.375629425048828125 3.37896728515625 3.3844118118286132813 3.3922874927520751953 3.4014012813568115234 3.4066710472106933594 3.4116263389587402344 3.4082589149475097656 3.4036147594451904297 3.3967814445495605469 3.3982207775115966797 3.4040889739990234375 3.4014925956726074219 3.4040055274963378906 3.4137585163116455078 3.4218490123748779297 3.4182412624359130859 3.3988413810729980469 3.3783557415008544922 3.3755080699920654297 3.3871872425079345703 3.4014933109283447266 3.4063165187835693359 3.400848388671875 3.3902351856231689453 3.3986871242523193359 3.4317252635955810547 3.4435746669769287109 3.4318091869354248047 3.4136853218078613281 3.413143157958984375 3.4472575187683105469 3.4543614387512207031 3.4593658447265625 3.4640839099884033203
3.4038500785827636719 3.3947961330413818359 3.3803262710571289063 3.3683505058288574219 3.3670599460601806641 3.3598809242248535156 3.3557617664337158203 3.3580155372619628906 3.3622300624847412109 3.3602788448333740234 3.3633859157562255859 3.3715813159942626953 3.3820466995239257813 3.3945658206939697266 3.4060289859771728516 3.419803619384765625 3.4364955425262451172 3.4383499622344970703 3.4400365352630615234 3.4447431564331054688 3.4445426464080810547 3.4333479404449462891 3.4135057926177978516 3.4016077518463134766 3.40615081787109375 3.4137849807739257813 3.4206230640411376953 3.4203941822052001953 3.4110252857208251953 3.4068067073822021484 3.4278559684753417969 3.4478240013122558594 3.4368524551391601563 3.4196584224700927734 3.4102776050567626953 3.4101941585540771484 3.4461750984191894531 3.4625818729400634766 3.4584105014801025391 3.4538950920104980469
3.3911523818969726563 3.3921864032745361328 3.3844900131225585938 3.3783283233642578125 3.3786351680755615234 3.3806056976318359375 3.3845515251159667969 3.3895049095153808594 3.3907094001770019531 3.3933293819427490234 3.3894782066345214844 3.3821659088134765625 3.3742218017578125 3.3743238449096679688 3.3822321891784667969 3.3947947025299072266 3.4126133918762207031 3.4272263050079345703 3.4405515193939208984 3.4547522068023681641 3.4584214687347412109 3.4396166801452636719 3.4120180606842041016 3.3950526714324951172 3.3922994136810302734 3.3971745967864990234 3.399505615234375 3.3973448276519775391 3.3983023166656494141 3.4207282066345214844 3.4437696933746337891 3.4373347759246826172 3.4156000614166259766 3.4070410728454589844 3.4119963645935058594 3.42584228515625 3.4571719169616699219 3.4689428806304931641 3.4566586017608642578 3.4531445503234863281
3.3863589763641357422 3.3923435211181640625 3.3957817554473876953 3.3940901756286621094 3.3976354598999023438 3.4050750732421875 3.4180436134338378906 3.4250924587249755859 3.4248688220977783203 3.4227089881896972656 3.4302740097045898438 3.4354753494262695313 3.4297628402709960938 3.4192824363708496094 3.4137337207794189453 3.4091429710388183594 3.4101126194000244141 3.4105768203735351563 3.4199936389923095703 3.4307880401611328125 3.4395813941955566406 3.4369871616363525391 3.4273104667663574219 3.4128437042236328125 3.3965768814086914063 3.3869593143463134766 3.3848857879638671875 3.3967316150665283203 3.4207129478454589844 3.4460642337799072266 3.448253631591796875 3.4270794391632080078 3.4122064113616943359 3.4123728275299072266 3.4211747646331787109 3.4443531036376953125 3.4626524448394775391 3.4590365886688232422 3.4513437747955322266 3.4491569995880126953
