MapLinkProApp/griddata/temperature/ASCII/cmems_mod_glo_phy-thetao_anfc_0,083deg_P1D-m_1702458667101_1062,4.asc
ncols        121
nrows        120
xllcorner    -30.041666666667
yllcorner    40.041666655981
cellsize     0.083333333333
NODATA_value  9.9692099683868690468e+36
[rows 72 to 89 of 120, columns 80 to 119 of 121]
6.7154421806335449219 6.6485528945922851563 6.4672055244445800781 6.3848643302917480469 6.4325251579284667969 6.527675628662109375 6.5229063034057617188 6.6107277870178222656 6.6082034111022949219 6.5088472366333007813 6.556560516357421875 6.6189608573913574219 6.62285614013671875 6.5435376167297363281 6.591358184814453125 6.6953063011169433594 6.7602982521057128906 6.7182159423828125 6.5234651565551757813 6.2392396926879882813 6.2493166923522949219 6.123317718505859375 6.0866217613220214844 6.4402627944946289063 6.8889055252075195313 7.2427496910095214844 7.4466371536254882813 7.4790124893188476563 7.3871493339538574219 7.3174481391906738281 7.3074817657470703125 7.380428314208984375 7.4742293357849121094 7.5114550590515136719 7.5614690780639648438 7.6882534027099609375 7.6683068275451660156 7.5208215713500976563 7.395076751708984375 7.404468536376953125
6.3175592422485351563 6.3673496246337890625 6.1829571723937988281 6.198246002197265625 6.5638985633850097656 6.6605076789855957031 6.7090878486633300781 6.6766543388366699219 6.5661334991455078125 6.5260953903198242188 6.5272092819213867188 6.5754160881042480469 6.830745697021484375 6.8834052085876464844 6.8850617408752441406 6.8677215576171875 6.9386796951293945313 6.5993065834045410156 6.32216644287109375 6.2085905075073242188 6.0933666229248046875 6.0935778617858886719 5.9931926727294921875 6.104267120361328125 6.4695706367492675781 6.7783188819885253906 7.0859136581420898438 7.3531169891357421875 7.4748368263244628906 7.4705653190612792969 7.4817309379577636719 7.49655914306640625 7.4918127059936523438 7.5235314369201660156 7.6784405708312988281 7.7190928459167480469 7.4522562026977539063 7.1924357414245605469 7.2287917137145996094 7.4670882225036621094
6.5360355377197265625 6.5730237960815429688 6.6257915496826171875 6.6539249420166015625 6.7399716377258300781 6.8370165824890136719 6.9517102241516113281 6.9101662635803222656 6.887481689453125 6.8189435005187988281 6.6689591407775878906 6.5357632637023925781 6.5215654373168945313 6.6636137962341308594 6.7592186927795410156 6.8129978179931640625 6.74178314208984375 6.5082826614379882813 6.5080661773681640625 6.4691615104675292969 6.2529683113098144531 6.2395453453063964844 6.1825308799743652344 5.9581866264343261719 6.056133270263671875 6.49100494384765625 6.8392305374145507813 7.1053380966186523438 7.2793841361999511719 7.3726506233215332031 7.38384246826171875 7.3262205123901367188 7.4243783950805664063 7.6628694534301757813 7.8562378883361816406 7.6772794723510742188 7.27906036376953125 7.2067198753356933594 7.4696230888366699219 7.6964159011840820313
6.7974853515625 6.8372349739074707031 6.9159493446350097656 7.0625033378601074219 7.1455392837524414063 7.1786904335021972656 7.1878418922424316406 7.2894744873046875 7.4096097946166992188 7.3531055450439453125 7.1987719535827636719 7.0525202751159667969 6.8896489143371582031 6.6973562240600585938 6.5043635368347167969 6.4917149543762207031 6.3775081634521484375 6.4524478912353515625 6.5453138351440429688 6.5473928451538085938 6.5275988578796386719 6.5285577774047851563 6.5508947372436523438 6.5506563186645507813 6.3290925025939941406 6.2592568397521972656 6.5068297386169433594 6.8685808181762695313 7.1806020736694335938 7.3731684684753417969 7.4706854820251464844 7.4611864089965820313 7.6450071334838867188 7.85550689697265625 7.8511075973510742188 7.5364127159118652344 7.2003192901611328125 7.3139605522155761719 7.5991225242614746094 7.7015790939331054688
6.93869781494140625 7.0417566299438476563 7.1306171417236328125 7.1031107902526855469 7.1531176567077636719 7.162044525146484375 7.0159168243408203125 6.95436859130859375 7.2710590362548828125 7.3244290351867675781 7.2918238639831542969 7.3205618858337402344 7.4252943992614746094 7.1700038909912109375 6.8041462898254394531 6.4966344833374023438 6.49434661865234375 6.6345448493957519531 6.666675567626953125 6.681583404541015625 6.70178985595703125 6.7888765335083007813 6.9074869155883789063 6.808094024658203125 6.76259613037109375 6.6552305221557617188 6.4614715576171875 6.5117139816284179688 6.8159556388854980469 7.0920300483703613281 7.314647674560546875 7.3963060379028320313 7.5270700454711914063 7.4666218757629394531 7.45659637451171875 7.3648219108581542969 7.2519073486328125 7.4327001571655273438 7.6283698081970214844 7.6665492057800292969
7.0875272750854492188 7.1155338287353515625 7.1451687812805175781 7.1076598167419433594 7.0895395278930664063 7.0930967330932617188 6.888950347900390625 6.7557272911071777344 7.1451816558837890625 7.32421875 7.0306644439697265625 7.266124725341796875 7.0319871902465820313 6.9548120498657226563 6.9187769889831542969 6.8632025718688964844 6.9070253372192382813 6.8870816230773925781 6.9135432243347167969 6.9377346038818359375 7.003131866455078125 7.1343717575073242188 7.3170180320739746094 7.2907428741455078125 7.1082873344421386719 6.9206223487854003906 6.6560640335083007813 6.5904831886291503906 6.6237807273864746094 6.7271685600280761719 6.8935232162475585938 7.0435686111450195313 7.1155800819396972656 7.0364661216735839844 7.303348541259765625 7.4380841255187988281 7.420818328857421875 7.592906951904296875 7.7143068313598632813 7.6872420310974121094
7.0696825981140136719 7.0644927024841308594 7.1789469718933105469 7.2168216705322265625 7.1126956939697265625 6.8089389801025390625 6.4610867500305175781 6.1734604835510253906 6.7053122520446777344 7.2321009635925292969 7.26311492919921875 7.3639216423034667969 7.4097723960876464844 7.4640455245971679688 7.5158677101135253906 7.4554781913757324219 7.421680450439453125 7.5129408836364746094 7.51192474365234375 7.6119656562805175781 7.6563773155212402344 7.6321578025817871094 7.691501617431640625 7.6460237503051757813 7.4491987228393554688 7.2574105262756347656 7.0948023796081542969 7.0331516265869140625 6.963459014892578125 7.007816314697265625 7.1261096000671386719 7.2368512153625488281 7.2695751190185546875 7.3206229209899902344 7.5754609107971191406 7.6169576644897460938 7.5254940986633300781 7.6271500587463378906 7.6792736053466796875 7.6351728439331054688
7.0177397727966308594 7.355464935302734375 7.4819235801696777344 7.4074559211730957031 7.2001748085021972656 6.8809905052185058594 6.3999686241149902344 6.0772919654846191406 6.3504405021667480469 7.119388580322265625 7.5203318595886230469 7.65493011474609375 7.6657423973083496094 7.6144552230834960938 7.5893616676330566406 7.4475321769714355469 7.3883104324340820313 7.4085841178894042969 7.5100884437561035156 7.6638278961181640625 7.6432962417602539063 7.5679941177368164063 7.5868272781372070313 7.5973882675170898438 7.4992032051086425781 7.4685559272766113281 7.4861788749694824219 7.4824090003967285156 7.4970927238464355469 7.5225706100463867188 7.4773812294006347656 7.4530420303344726563 7.4740395545959472656 7.4987626075744628906 7.61287689208984375 7.4788193702697753906 7.2735109329223632813 7.473529815673828125 7.5796022415161132813 7.5663900375366210938
7.3813352584838867188 7.5563411712646484375 7.5877475738525390625 7.5710911750793457031 7.4387907981872558594 7.1877026557922363281 6.7276391983032226563 6.1919183731079101563 6.1188731193542480469 6.808315277099609375 7.3725080490112304688 7.6200628280639648438 7.6129369735717773438 7.5792593955993652344 7.445934295654296875 7.2894968986511230469 7.2527685165405273438 7.2307920455932617188 7.3857760429382324219 7.5023484230041503906 7.4412899017333984375 7.3917937278747558594 7.371112823486328125 7.3784027099609375 7.3670501708984375 7.3982720375061035156 7.4387798309326171875 7.4552860260009765625 7.4981107711791992188 7.5656123161315917969 7.6157131195068359375 7.6346158981323242188 7.5979371070861816406 7.4972357749938964844 7.4300141334533691406 7.2224373817443847656 7.2292957305908203125 7.5067386627197265625 7.4440913200378417969 7.4042363166809082031
7.5651736259460449219 7.67600250244140625 7.7164177894592285156 7.671337127685546875 7.5818529129028320313 7.4630560874938964844 7.1439385414123535156 6.6540098190307617188 6.2451725006103515625 6.5649080276489257813 7.005786895751953125 7.3584036827087402344 7.4896106719970703125 7.4570984840393066406 7.1812453269958496094 6.9932222366333007813 6.9398388862609863281 7.0773615837097167969 7.1978802680969238281 7.2372112274169921875 7.2122168540954589844 7.2460947036743164063 7.234584808349609375 7.273265838623046875 7.2907199859619140625 7.3205523490905761719 7.3594112396240234375 7.3412404060363769531 7.3052349090576171875 7.3697872161865234375 7.5128431320190429688 7.5803837776184082031 7.5988864898681640625 7.5496730804443359375 7.3380942344665527344 7.205905914306640625 7.307132720947265625 7.5312290191650390625 7.2133851051330566406 6.9723849296569824219
7.7676110267639160156 7.7412476539611816406 7.6531162261962890625 7.565708160400390625 7.5236101150512695313 7.5138082504272460938 7.3794617652893066406 7.0563769340515136719 6.5435738563537597656 6.5426716804504394531 6.8261876106262207031 7.0617685317993164063 7.2466588020324707031 7.1485447883605957031 6.7679452896118164063 6.7100200653076171875 6.9097571372985839844 6.9101762771606445313 6.919193267822265625 6.9191732406616210938 7.0457448959350585938 7.1034064292907714844 7.1856617927551269531 7.3414349555969238281 7.4280390739440917969 7.4312200546264648438 7.4205718040466308594 7.3614926338195800781 7.2396807670593261719 7.2151541709899902344 7.3776688575744628906 7.5321393013000488281 7.5911536216735839844 7.550930023193359375 7.4369120597839355469 7.4013180732727050781 7.3577904701232910156 7.5912065505981445313 7.5254087448120117188 7.3602132797241210938
7.8535542488098144531 7.6502237319946289063 7.4591565132141113281 7.3785276412963867188 7.3501887321472167969 7.3507204055786132813 7.3788580894470214844 7.2657833099365234375 6.9021048545837402344 6.4680418968200683594 6.7926630973815917969 6.97283935546875 7.1780638694763183594 7.0190062522888183594 6.840717315673828125 6.6873345375061035156 6.7456164360046386719 6.8075990676879882813 6.7516980171203613281 6.820037841796875 7.0361256599426269531 7.0095052719116210938 7.1467275619506835938 7.3584442138671875 7.5527596473693847656 7.5967192649841308594 7.6070904731750488281 7.5968952178955078125 7.5223016738891601563 7.4755206108093261719 7.5343947410583496094 7.5779905319213867188 7.5358791351318359375 7.4645624160766601563 7.4581995010375976563 7.5430130958557128906 7.6635499000549316406 7.809749603271484375 7.8673534393310546875 7.9295859336853027344
7.6798901557922363281 7.3913755416870117188 7.2280035018920898438 7.2054548263549804688 7.2481508255004882813 7.2763509750366210938 7.2860956192016601563 7.3155941963195800781 7.2964625358581542969 6.9627099037170410156 6.8016958236694335938 6.9803514480590820313 7.0329546928405761719 7.0062274932861328125 6.922283172607421875 6.9863476753234863281 6.9058976173400878906 6.6811318397521972656 6.7198047637939453125 6.8038997650146484375 6.9012742042541503906 6.9292039871215820313 7.1517577171325683594 7.4851179122924804688 7.8051881790161132813 7.8639550209045410156 7.7993097305297851563 7.8334608078002929688 7.9075155258178710938 7.9714946746826171875 8.0229120254516601563 7.9978117942810058594 7.9116129875183105469 7.8359251022338867188 7.8637967109680175781 7.9596314430236816406 8.0769243240356445313 8.20844268798828125 8.3023691177368164063 8.3521060943603515625
7.5624780654907226563 7.3232359886169433594 7.3182516098022460938 7.3974666595458984375 7.4437885284423828125 7.4117326736450195313 7.4503912925720214844 7.3920474052429199219 7.4140734672546386719 7.2362265586853027344 6.8455705642700195313 6.953388214111328125 7.0660276412963867188 7.0385193824768066406 6.9626512527465820313 6.97258758544921875 6.8085637092590332031 6.6229071617126464844 6.6248087882995605469 6.8257460594177246094 6.9101800918579101563 6.8841867446899414063 7.3852872848510742188 7.9201326370239257813 8.3143358230590820313 8.442279815673828125 8.3942413330078125 8.4646930694580078125 8.5881938934326171875 8.6786966323852539063 8.7135648727416992188 8.715099334716796875 8.71904754638671875 8.7316827774047851563 8.7712736129760742188 8.7931985855102539063 8.7946538925170898438 8.8304290771484375 8.8575487136840820313 8.8654966354370117188
7.4529027938842773438 7.4312644004821777344 7.6096577644348144531 7.6826233863830566406 7.6548466682434082031 7.5575757026672363281 7.559417724609375 7.47107696533203125 7.3831028938293457031 7.3556261062622070313 7.1033201217651367188 6.8387827873229980469 6.9572548866271972656 6.8816704750061035156 6.8346781730651855469 6.8100543022155761719 6.6134052276611328125 6.5953269004821777344 6.6894516944885253906 6.7139835357666015625 6.6605548858642578125 6.9973382949829101563 7.761112213134765625 8.400241851806640625 8.78857421875 8.9538516998291015625 8.9468631744384765625 8.9413881301879882813 8.9708147048950195313 8.9508066177368164063 8.9968786239624023438 9.0078830718994140625 9.0059804916381835938 8.9770822525024414063 8.9552640914916992188 8.943241119384765625 8.95569610595703125 8.994709014892578125 8.99951171875 9.0271196365356445313
7.4691252708435058594 7.8101482391357421875 7.8910279273986816406 7.7711634635925292969 7.5657982826232910156 7.4853348731994628906 7.5323367118835449219 7.5194387435913085938 7.3550291061401367188 7.2957081794738769531 7.1205706596374511719 6.7441725730895996094 6.5148630142211914063 6.4516110420227050781 6.4895186424255371094 6.5463924407958984375 6.5563607215881347656 6.5608053207397460938 6.6492242813110351563 6.7311902046203613281 6.9275946617126464844 7.5726990699768066406 8.3879003524780273438 8.8358888626098632813 8.9746179580688476563 8.958148956298828125 8.9448871612548828125 8.8879327774047851563 8.8424205780029296875 8.8459014892578125 8.8885784149169921875 8.9018754959106445313 8.985797882080078125 9.0666446685791015625 9.1516714096069335938 9.2182073593139648438 9.2666988372802734375 9.2829837799072265625 9.2609395980834960938 9.1997394561767578125
7.7866291999816894531 8.0062570571899414063 7.9112286567687988281 7.7678670883178710938 7.4804401397705078125 7.33902740478515625 7.45836639404296875 7.5682148933410644531 7.4329051971435546875 7.2535023689270019531 7.1290659904479980469 6.9275670051574707031 6.7472262382507324219 6.6976594924926757813 6.6925020217895507813 6.7474508285522460938 6.7676987648010253906 6.7398896217346191406 6.9024510383605957031 6.9564747810363769531 7.5542087554931640625 8.32993316650390625 8.8229351043701171875 8.8596649169921875 8.8531789779663085938 8.8519582748413085938 8.86359405517578125 8.8632173538208007813 8.9069299697875976563 8.9676027297973632813 9.0415897369384765625 9.1141796112060546875 9.1907634735107421875 9.25617218017578125 9.3245248794555664063 9.384510040283203125 9.4300317764282226563 9.4336385726928710938 9.3912897109985351563 9.2970247268676757813
7.9951238632202148438 8.0437297821044921875 8.0199565887451171875 7.8723459243774414063 7.4506754875183105469 7.1463637351989746094 7.2493205070495605469 7.4473700523376464844 7.4889774322509765625 7.4286007881164550781 7.2802281379699707031 7.0933842658996582031 6.9461674690246582031 6.7990131378173828125 6.6473851203918457031 6.6787934303283691406 6.6854391098022460938 6.7627716064453125 7.0408329963684082031 7.3850855827331542969 8.37464141845703125 8.7199306488037109375 8.7342977523803710938 8.8227624893188476563 8.86536407470703125 8.8361082077026367188 8.9067354202270507813 8.9282999038696289063 8.96392059326171875 8.9620800018310546875 8.9631834030151367188 9.031795501708984375 9.1050262451171875 9.1885356903076171875 9.2718973159790039063 9.3336496353149414063 9.3520221710205078125 9.3323068618774414063 9.3555879592895507813 9.3852386474609375
