MapLinkProApp/griddata/temperature/ASCII/cmems_mod_glo_phy-thetao_anfc_0,083deg_P1D-m_1702458667101_15,8.asc
ncols        121
nrows        120
xllcorner    -30.041666666667
yllcorner    40.041666655981
cellsize     0.083333333333
NODATA_value  9.9692099683868690468e+36
[rows 36 to 53 of 120, columns 40 to 79 of 121]
13.717873573303222656 13.524096488952636719 13.463212966918945313 13.494139671325683594 13.465467453002929688 13.429442405700683594 13.424654960632324219 13.550897598266601563 13.894713401794433594 14.226970672607421875 14.446808815002441406 14.651590347290039063 14.785176277160644531 14.708455085754394531 14.517714500427246094 14.491464614868164063 14.651220321655273438 14.881455421447753906 15.039340019226074219 15.119112968444824219 15.168238639831542969 15.176748275756835938 15.147449493408203125 15.089260101318359375 14.916177749633789063 14.745977401733398438 14.654307365417480469 14.576121330261230469 14.452327728271484375 14.341305732727050781 14.27374267578125 14.221196174621582031 14.185629844665527344 14.20706939697265625 14.339386940002441406 14.654361724853515625 14.918461799621582031 14.957729339599609375 14.886678695678710938 14.8625946044921875
13.555382728576660156 13.426016807556152344 13.3779754638671875 13.404384613037109375 13.445828437805175781 13.50164031982421875 13.590102195739746094 13.821939468383789063 14.150785446166992188 14.332965850830078125 14.493302345275878906 14.74863433837890625 14.858837127685546875 14.687766075134277344 14.464892387390136719 14.481827735900878906 14.670743942260742188 14.8952178955078125 15.042191505432128906 15.121221542358398438 15.178427696228027344 15.188716888427734375 15.149320602416992188 15.079502105712890625 14.917652130126953125 14.767848968505859375 14.691021919250488281 14.610149383544921875 14.500466346740722656 14.401363372802734375 14.316351890563964844 14.242403984069824219 14.215737342834472656 14.252251625061035156 14.418058395385742188 14.750769615173339844 14.992175102233886719 15.012539863586425781 14.973196029663085938 15.024226188659667969
13.967288970947265625 13.866135597229003906 13.83319854736328125 13.79077911376953125 13.762701988220214844 13.726988792419433594 13.822644233703613281 14.119049072265625 14.262834548950195313 14.291266441345214844 14.608980178833007813 14.922830581665039063 14.919981956481933594 14.618671417236328125 14.401875495910644531 14.458851814270019531 14.6413726806640625 14.853986740112304688 14.991044998168945313 15.065966606140136719 15.127552986145019531 15.147236824035644531 15.087778091430664063 15.004250526428222656 14.87099456787109375 14.76346588134765625 14.711102485656738281 14.637354850769042969 14.512975692749023438 14.388129234313964844 14.293367385864257813 14.242509841918945313 14.24127960205078125 14.277970314025878906 14.473209381103515625 14.799126625061035156 15.030001640319824219 15.060428619384765625 15.048233985900878906 15.104508399963378906
14.24762725830078125 14.199378013610839844 14.075954437255859375 13.972303390502929688 13.825906753540039063 13.786915779113769531 14.008719444274902344 14.153412818908691406 14.090496063232421875 14.29850006103515625 14.826212882995605469 15.078020095825195313 14.910950660705566406 14.527478218078613281 14.363128662109375 14.425740242004394531 14.5736083984375 14.763098716735839844 14.89139556884765625 14.9608612060546875 15.01746368408203125 15.052817344665527344 15.017400741577148438 14.95548248291015625 14.850779533386230469 14.793508529663085938 14.736570358276367188 14.590845108032226563 14.419338226318359375 14.306673049926757813 14.262740135192871094 14.248425483703613281 14.243659019470214844 14.343502044677734375 14.589944839477539063 14.890949249267578125 15.089665412902832031 15.118838310241699219 15.120421409606933594 15.074679374694824219
14.243062019348144531 14.154694557189941406 14.041352272033691406 13.883893013000488281 13.748923301696777344 13.797975540161132813 13.8974151611328125 13.814039230346679688 13.887370109558105469 14.457448959350585938 15.040366172790527344 15.142397880554199219 14.851741790771484375 14.483958244323730469 14.372346878051757813 14.414129257202148438 14.508684158325195313 14.654578208923339844 14.769539833068847656 14.82564544677734375 14.8729095458984375 14.925585746765136719 14.928957939147949219 14.895688056945800781 14.842360496520996094 14.760772705078125 14.630859375 14.447085380554199219 14.321461677551269531 14.263433456420898438 14.23676300048828125 14.227568626403808594 14.292604446411132813 14.49057769775390625 14.759104728698730469 15.015643119812011719 15.149983406066894531 15.150418281555175781 15.114352226257324219 14.956737518310546875
14.139472007751464844 14.036054611206054688 13.873520851135253906 13.674460411071777344 13.566235542297363281 13.538290977478027344 13.501889228820800781 13.543855667114257813 14.003705024719238281 14.793414115905761719 15.232138633728027344 15.133318901062011719 14.796957015991210938 14.556058883666992188 14.496908187866210938 14.501915931701660156 14.528377532958984375 14.57123565673828125 14.604055404663085938 14.636104583740234375 14.622323989868164063 14.6083831787109375 14.641591072082519531 14.639876365661621094 14.597142219543457031 14.513851165771484375 14.398003578186035156 14.293845176696777344 14.239834785461425781 14.205755233764648438 14.206513404846191406 14.347743034362792969 14.561690330505371094 14.770470619201660156 14.995360374450683594 15.150860786437988281 15.187945365905761719 15.145559310913085938 14.99465179443359375 14.84716796875
13.943213462829589844 13.838413238525390625 13.666439056396484375 13.499212265014648438 13.412036895751953125 13.405958175659179688 13.438643455505371094 13.630454063415527344 14.250955581665039063 15.027994155883789063 15.301492691040039063 15.103029251098632813 14.857975959777832031 14.772256851196289063 14.744637489318847656 14.728273391723632813 14.717205047607421875 14.687885284423828125 14.599242210388183594 14.5500335693359375 14.5498809814453125 14.500946044921875 14.383185386657714844 14.323122024536132813 14.2879638671875 14.253718376159667969 14.216654777526855469 14.1932830810546875 14.177484512329101563 14.162708282470703125 14.2389678955078125 14.54319000244140625 14.815903663635253906 15.018250465393066406 15.151492118835449219 15.212762832641601563 15.208353042602539063 15.09018707275390625 14.871809959411621094 14.777154922485351563
13.837758064270019531 13.681138038635253906 13.563508033752441406 13.471354484558105469 13.436778068542480469 13.510022163391113281 13.612031936645507813 13.874119758605957031 14.539567947387695313 15.222350120544433594 15.3695526123046875 15.2257232666015625 15.205148696899414063 15.251859664916992188 15.228025436401367188 15.214138984680175781 15.15422821044921875 15.10809326171875 15.004922866821289063 14.833509445190429688 14.637180328369140625 14.520058631896972656 14.461467742919921875 14.3752288818359375 14.295001983642578125 14.229227066040039063 14.181473731994628906 14.172360420227050781 14.163802146911621094 14.145809173583984375 14.295259475708007813 14.69309234619140625 14.991739273071289063 15.129086494445800781 15.220248222351074219 15.259885787963867188 15.220147132873535156 15.039705276489257813 14.821805953979492188 14.741429328918457031
13.974457740783691406 13.772795677185058594 13.657504081726074219 13.570139884948730469 13.602553367614746094 13.757819175720214844 13.862259864807128906 14.140466690063476563 14.819466590881347656 15.430814743041992188 15.594936370849609375 15.652844429016113281 15.816000938415527344 15.867410659790039063 15.851899147033691406 15.8362579345703125 15.753623008728027344 15.659994125366210938 15.553862571716308594 15.476245880126953125 15.352868080139160156 15.125761985778808594 14.813558578491210938 14.503620147705078125 14.327592849731445313 14.253161430358886719 14.210148811340332031 14.180809974670410156 14.149564743041992188 14.1562652587890625 14.398919105529785156 14.812228202819824219 15.130702018737792969 15.268209457397460938 15.353686332702636719 15.36541748046875 15.257021903991699219 15.028346061706542969 14.843317031860351563 14.766864776611328125
14.098486900329589844 13.886754989624023438 13.735385894775390625 13.704805374145507813 13.866949081420898438 14.030928611755371094 14.053730010986328125 14.336574554443359375 15.033483505249023438 15.625720024108886719 15.8544464111328125 15.964949607849121094 16.031393051147460938 15.964920997619628906 15.906408309936523438 15.892622947692871094 15.918764114379882813 15.914614677429199219 15.8710479736328125 15.799884796142578125 15.709961891174316406 15.615413665771484375 15.475829124450683594 15.23563385009765625 14.92034149169921875 14.590969085693359375 14.3342742919921875 14.224488258361816406 14.178124427795410156 14.205201148986816406 14.487200736999511719 14.944166183471679688 15.273968696594238281 15.391254425048828125 15.396783828735351563 15.363099098205566406 15.254582405090332031 15.074896812438964844 14.925374984741210938 14.837949752807617188
14.108311653137207031 13.918915748596191406 13.919472694396972656 14.095489501953125 14.27718353271484375 14.270097732543945313 14.184540748596191406 14.511065483093261719 15.223028182983398438 15.778835296630859375 15.98858642578125 16.003484725952148438 15.919728279113769531 15.743304252624511719 15.621198654174804688 15.56105804443359375 15.511618614196777344 15.4651336669921875 15.471851348876953125 15.531587600708007813 15.626173973083496094 15.713525772094726563 15.763645172119140625 15.744647026062011719 15.627222061157226563 15.403151512145996094 15.075247764587402344 14.747110366821289063 14.450346946716308594 14.362568855285644531 14.588988304138183594 15.014101982116699219 15.305979728698730469 15.370711326599121094 15.258678436279296875 15.131667137145996094 15.03682708740234375 14.936169624328613281 14.866956710815429688 14.867351531982421875
14.12050628662109375 14.06288909912109375 14.220195770263671875 14.42014312744140625 14.455047607421875 14.295955657958984375 14.207741737365722656 14.604284286499023438 15.309021949768066406 15.816806793212890625 15.996443748474121094 15.952574729919433594 15.817560195922851563 15.675843238830566406 15.60919189453125 15.534605026245117188 15.383129119873046875 15.212666511535644531 15.17608642578125 15.220183372497558594 15.271964073181152344 15.323937416076660156 15.410902023315429688 15.559506416320800781 15.730395317077636719 15.819487571716308594 15.73482513427734375 15.407846450805664063 15.023354530334472656 14.667778968811035156 14.681454658508300781 15.026724815368652344 15.293456077575683594 15.369710922241210938 15.297627449035644531 15.199719429016113281 15.165560722351074219 15.164575576782226563 15.198887825012207031 15.276213645935058594
14.203694343566894531 14.235714912414550781 14.408745765686035156 14.528367996215820313 14.456989288330078125 14.264267921447753906 14.259325027465820313 14.685957908630371094 15.320149421691894531 15.787752151489257813 15.953100204467773438 15.877087593078613281 15.732595443725585938 15.621041297912597656 15.539723396301269531 15.384099960327148438 15.1373291015625 15.004756927490234375 15.093606948852539063 15.277864456176757813 15.445270538330078125 15.545587539672851563 15.573656082153320313 15.552703857421875 15.53717041015625 15.619634628295898438 15.75814056396484375 15.779720306396484375 15.598469734191894531 15.125040054321289063 14.807939529418945313 14.902783393859863281 15.279744148254394531 15.484052658081054688 15.418833732604980469 15.314219474792480469 15.334283828735351563 15.412594795227050781 15.498537063598632813 15.576567649841308594
14.299394607543945313 14.374034881591796875 14.529048919677734375 14.567119598388671875 14.432387351989746094 14.283372879028320313 14.396268844604492188 14.788493156433105469 15.276180267333984375 15.668381690979003906 15.820845603942871094 15.763821601867675781 15.65887451171875 15.578640937805175781 15.450638771057128906 15.187645912170410156 14.90579986572265625 14.9477996826171875 15.200906753540039063 15.476426124572753906 15.662449836730957031 15.751919746398925781 15.777976036071777344 15.778232574462890625 15.766803741455078125 15.738535881042480469 15.70639801025390625 15.7008514404296875 15.721660614013671875 15.699884414672851563 15.489095687866210938 15.149439811706542969 15.053565025329589844 15.213060379028320313 15.427338600158691406 15.535352706909179688 15.586231231689453125 15.636339187622070313 15.671670913696289063 15.694718360900878906
14.37060546875 14.464601516723632813 14.593076705932617188 14.582709312438964844 14.414719581604003906 14.296780586242675781 14.475961685180664063 14.850238800048828125 15.2498931884765625 15.579763412475585938 15.717658042907714844 15.687993049621582031 15.615370750427246094 15.520958900451660156 15.339902877807617188 15.038258552551269531 14.843045234680175781 14.97779083251953125 15.256409645080566406 15.527240753173828125 15.691989898681640625 15.73785400390625 15.727013587951660156 15.716619491577148438 15.721076011657714844 15.745272636413574219 15.781869888305664063 15.807806015014648438 15.818220138549804688 15.756331443786621094 15.748926162719726563 15.622285842895507813 15.421772956848144531 15.222727775573730469 15.208802223205566406 15.290334701538085938 15.413274765014648438 15.5030670166015625 15.553000450134277344 15.554150581359863281
14.465632438659667969 14.568280220031738281 14.662037849426269531 14.61078643798828125 14.417774200439453125 14.295560836791992188 14.504031181335449219 14.8787994384765625 15.222578048706054688 15.492255210876464844 15.619785308837890625 15.613702774047851563 15.545653343200683594 15.435801506042480469 15.227443695068359375 14.94634246826171875 14.85121917724609375 14.944277763366699219 15.144288063049316406 15.353832244873046875 15.490748405456542969 15.543989181518554688 15.562636375427246094 15.573617935180664063 15.607647895812988281 15.646402359008789063 15.670210838317871094 15.698389053344726563 15.750360488891601563 15.810065269470214844 15.851291656494140625 15.820027351379394531 15.727320671081542969 15.571102142333984375 15.42110443115234375 15.352365493774414063 15.347302436828613281 15.374194145202636719 15.407550811767578125 15.424774169921875
14.568970680236816406 14.680128097534179688 14.737928390502929688 14.64945220947265625 14.437925338745117188 14.31970977783203125 14.549999237060546875 14.913294792175292969 15.190772056579589844 15.401804924011230469 15.532128334045410156 15.530515670776367188 15.444191932678222656 15.339490890502929688 15.141733169555664063 14.91519927978515625 14.864873886108398438 14.902112007141113281 15.0400543212890625 15.229485511779785156 15.395044326782226563 15.503437042236328125 15.565189361572265625 15.600681304931640625 15.671220779418945313 15.766653060913085938 15.827877998352050781 15.8345489501953125 15.792433738708496094 15.760138511657714844 15.797152519226074219 15.865168571472167969 15.898959159851074219 15.858198165893554688 15.759560585021972656 15.653977394104003906 15.575799942016601563 15.532519340515136719 15.522815704345703125 15.530865669250488281
14.642286300659179688 14.750271797180175781 14.788821220397949219 14.687449455261230469 14.463515281677246094 14.354477882385253906 14.588449478149414063 14.953320503234863281 15.224048614501953125 15.413516044616699219 15.495768547058105469 15.431779861450195313 15.344667434692382813 15.278446197509765625 15.130930900573730469 14.990708351135253906 14.922637939453125 14.90167236328125 14.964949607849121094 15.089801788330078125 15.250018119812011719 15.393527030944824219 15.481678962707519531 15.526858329772949219 15.626027107238769531 15.786119461059570313 15.893402099609375 15.939551353454589844 15.935805320739746094 15.895403861999511719 15.880722999572753906 15.919375419616699219 15.973267555236816406 15.991503715515136719 15.955386161804199219 15.8876800537109375 15.817182540893554688 15.76049041748046875 15.728983879089355469 15.718786239624023438
