MapLinkProApp/griddata/temperature/ASCII/cmems_mod_glo_phy-thetao_anfc_0,083deg_P1D-m_1702458667101_92,3.asc
ncols        121
nrows        120
xllcorner    -30.041666666667
yllcorner    40.041666655981
cellsize     0.083333333333
NODATA_value  9.9692099683868690468e+36
[rows 54 to 71 of 120, columns 40 to 79 of 121]
14.713915824890136719 14.815988540649414063 14.856067657470703125 14.758177757263183594 14.517841339111328125 14.388323783874511719 14.5827178955078125 14.94100189208984375 15.238277435302734375 15.390741348266601563 15.362489700317382813 15.26775360107421875 15.270037651062011719 15.274991989135742188 15.205107688903808594 15.160954475402832031 15.060551643371582031 14.935232162475585938 14.866375923156738281 14.903455734252929688 15.059771537780761719 15.252099990844726563 15.361414909362792969 15.444234848022460938 15.626758575439453125 15.854190826416015625 15.994480133056640625 16.04094696044921875 16.021055221557617188 15.984714508056640625 15.983801841735839844 16.027700424194335938 16.078451156616210938 16.100210189819335938 16.086751937866210938 16.039995193481445313 15.987588882446289063 15.942381858825683594 15.910737037658691406 15.896023750305175781
14.78643035888671875 14.842922210693359375 14.905686378479003906 14.827655792236328125 14.576999664306640625 14.401926040649414063 14.517503738403320313 14.825494766235351563 15.115093231201171875 15.231085777282714844 15.159522056579589844 15.124703407287597656 15.24105072021484375 15.3264617919921875 15.344616889953613281 15.355769157409667969 15.240824699401855469 15.043591499328613281 14.877645492553710938 14.812471389770507813 14.887299537658691406 15.074669837951660156 15.258993148803710938 15.406538009643554688 15.631727218627929688 15.906908035278320313 16.050775527954101563 16.105417251586914063 16.104030609130859375 16.082292556762695313 16.0745086669921875 16.101213455200195313 16.133502960205078125 16.140066146850585938 16.121828079223632813 16.0833892822265625 16.048191070556640625 16.017826080322265625 15.997129440307617188 15.971340179443359375
14.852919578552246094 14.862729072570800781 14.961470603942871094 14.924843788146972656 14.660433769226074219 14.425492286682128906 14.44901275634765625 14.687121391296386719 14.949369430541992188 15.054157257080078125 15.006648063659667969 15.036025047302246094 15.207943916320800781 15.351426124572753906 15.435465812683105469 15.467888832092285156 15.351984977722167969 15.135494232177734375 14.935805320739746094 14.807602882385253906 14.805245399475097656 14.964760780334472656 15.189741134643554688 15.373692512512207031 15.629721641540527344 15.935093879699707031 16.099691390991210938 16.139852523803710938 16.133932113647460938 16.113092422485351563 16.093479156494140625 16.088214874267578125 16.0975341796875 16.076765060424804688 16.036260604858398438 15.983354568481445313 15.939104080200195313 15.891350746154785156 15.903303146362304688 15.891755104064941406
14.933325767517089844 14.901681900024414063 15.002261161804199219 15.069158554077148438 14.843758583068847656 14.526558876037597656 14.412369728088378906 14.537792205810546875 14.749304771423339844 14.85256195068359375 14.834344863891601563 14.894168853759765625 15.08484649658203125 15.278615951538085938 15.430087089538574219 15.472441673278808594 15.326372146606445313 15.101381301879882813 14.929861068725585938 14.820853233337402344 14.782065391540527344 14.868198394775390625 15.066712379455566406 15.294491767883300781 15.590023040771484375 15.924091339111328125 16.108015060424804688 16.156999588012695313 16.14237213134765625 16.103565216064453125 16.056186676025390625 15.998450279235839844 15.983927726745605469 15.977036476135253906 15.95673370361328125 15.893574714660644531 15.82010650634765625 15.783373832702636719 15.817136764526367188 15.806585311889648438
14.919285774230957031 14.925830841064453125 15.022173881530761719 15.152903556823730469 15.058003425598144531 14.714696884155273438 14.457574844360351563 14.438784599304199219 14.579339981079101563 14.690887451171875 14.694231986999511719 14.741187095642089844 14.915085792541503906 15.154074668884277344 15.373492240905761719 15.395293235778808594 15.165426254272460938 14.918810844421386719 14.820553779602050781 14.797539710998535156 14.773969650268554688 14.817297935485839844 14.986883163452148438 15.244976997375488281 15.568093299865722656 15.908501625061035156 16.108154296875 16.15283203125 16.120367050170898438 16.040985107421875 15.910467147827148438 15.7848968505859375 15.726657867431640625 15.776497840881347656 15.865946769714355469 15.851414680480957031 15.8193206787109375 15.798214912414550781 15.808133125305175781 15.815989494323730469
14.99969482421875 15.063406944274902344 15.123202323913574219 15.185960769653320313 15.205846786499023438 15.004879951477050781 14.68396759033203125 14.489882469177246094 14.488096237182617188 14.55245208740234375 14.565982818603515625 14.593935966491699219 14.751211166381835938 15.043285369873046875 15.29648590087890625 15.251089096069335938 14.957319259643554688 14.739115715026855469 14.717333793640136719 14.767548561096191406 14.777129173278808594 14.798618316650390625 14.945565223693847656 15.227910041809082031 15.563394546508789063 15.899756431579589844 16.107847213745117188 16.1544189453125 16.101350784301757813 15.954842567443847656 15.689702987670898438 15.552400588989257813 15.597067832946777344 15.736841201782226563 15.818531036376953125 15.831005096435546875 15.825882911682128906 15.80261993408203125 15.833035469055175781 15.877538681030273438
15.157368659973144531 15.234934806823730469 15.254879951477050781 15.211771965026855469 15.179864883422851563 15.156627655029296875 15.01848602294921875 14.7700958251953125 14.589712142944335938 14.531526565551757813 14.505281448364257813 14.501291275024414063 14.648342132568359375 14.962021827697753906 15.147347450256347656 14.991337776184082031 14.723164558410644531 14.615485191345214844 14.678177833557128906 14.783831596374511719 14.810304641723632813 14.813717842102050781 14.959698677062988281 15.266045570373535156 15.5947723388671875 15.90740203857421875 16.103483200073242188 16.132703781127929688 16.07369232177734375 15.838648796081542969 15.510654449462890625 15.434902191162109375 15.608885765075683594 15.732872962951660156 15.832471847534179688 15.821095466613769531 15.824319839477539063 15.842943191528320313 15.857624053955078125 15.854941368103027344
15.335438728332519531 15.376707077026367188 15.403516769409179688 15.345627784729003906 15.213846206665039063 15.112787246704101563 15.043684005737304688 14.914998054504394531 14.756651878356933594 14.630275726318359375 14.538851737976074219 14.496473312377929688 14.594109535217285156 14.810695648193359375 14.887078285217285156 14.733598709106445313 14.596120834350585938 14.613855361938476563 14.734354972839355469 14.850554466247558594 14.861047744750976563 14.852205276489257813 15.012951850891113281 15.32684326171875 15.638814926147460938 15.924992561340332031 16.119283676147460938 16.117959976196289063 16.029998779296875 15.784746170043945313 15.550902366638183594 15.51091766357421875 15.677999496459960938 15.75421142578125 15.812608718872070313 15.820908546447753906 15.848624229431152344 15.853855133056640625 15.843927383422851563 15.815674781799316406
15.408608436584472656 15.407129287719726563 15.412506103515625 15.42720794677734375 15.40074920654296875 15.269032478332519531 15.066507339477539063 14.890439033508300781 14.779240608215332031 14.702101707458496094 14.609791755676269531 14.533092498779296875 14.564533233642578125 14.654489517211914063 14.645025253295898438 14.564040184020996094 14.573597908020019531 14.700835227966308594 14.861561775207519531 14.944036483764648438 14.919513702392578125 14.915944099426269531 15.092365264892578125 15.390275955200195313 15.671627998352050781 15.944823265075683594 16.145862579345703125 16.138872146606445313 16.0292816162109375 15.872066497802734375 15.7548370361328125 15.668300628662109375 15.72469329833984375 15.77370452880859375 15.7562255859375 15.798583030700683594 15.83379364013671875 15.842210769653320313 15.840388298034667969 15.817209243774414063
15.465821266174316406 15.45902252197265625 15.423497200012207031 15.388635635375976563 15.413676261901855469 15.445595741271972656 15.335809707641601563 15.080815315246582031 14.825319290161132813 14.662852287292480469 14.564763069152832031 14.510179519653320313 14.509099006652832031 14.514148712158203125 14.503509521484375 14.559154510498046875 14.735063552856445313 14.93840789794921875 15.038944244384765625 15.032458305358886719 14.972716331481933594 14.993028640747070313 15.206773757934570313 15.461068153381347656 15.710947036743164063 15.970366477966308594 16.183656692504882813 16.185001373291015625 16.066667556762695313 15.9313201904296875 15.837858200073242188 15.774176597595214844 15.778322219848632813 15.778124809265136719 15.753963470458984375 15.797792434692382813 15.842302322387695313 15.852181434631347656 15.832468032836914063 15.810089111328125
15.525185585021972656 15.518588066101074219 15.459832191467285156 15.400255203247070313 15.400126457214355469 15.457337379455566406 15.461271286010742188 15.313510894775390625 15.047895431518554688 14.788331985473632813 14.6051025390625 14.515638351440429688 14.494777679443359375 14.509531974792480469 14.601962089538574219 14.81018829345703125 15.039469718933105469 15.149893760681152344 15.124571800231933594 15.054151535034179688 15.006974220275878906 15.066267013549804688 15.303928375244140625 15.511159896850585938 15.744825363159179688 16.000864028930664063 16.211317062377929688 16.215213775634765625 16.101436614990234375 15.964547157287597656 15.872509956359863281 15.782620429992675781 15.783679962158203125 15.825948715209960938 15.816092491149902344 15.812222480773925781 15.852589607238769531 15.852929115295410156 15.823459625244140625 15.815555572509765625
15.560786247253417969 15.534310340881347656 15.475329399108886719 15.4500579833984375 15.478952407836914063 15.530465126037597656 15.547786712646484375 15.483102798461914063 15.336881637573242188 15.151979446411132813 14.988945960998535156 14.895929336547851563 14.881455421447753906 14.950083732604980469 15.081748008728027344 15.194970130920410156 15.231240272521972656 15.19231414794921875 15.110408782958984375 15.068036079406738281 15.101946830749511719 15.203371047973632813 15.411289215087890625 15.574947357177734375 15.785178184509277344 16.033193588256835938 16.236827850341796875 16.243927001953125 16.116067886352539063 15.999439239501953125 15.960907936096191406 15.882931709289550781 15.789324760437011719 15.839365005493164063 15.857178688049316406 15.844954490661621094 15.858763694763183594 15.856152534484863281 15.834589958190917969 15.832807540893554688
15.545901298522949219 15.50839996337890625 15.474837303161621094 15.480687141418457031 15.517276763916015625 15.547616004943847656 15.549730300903320313 15.520266532897949219 15.468358039855957031 15.406647682189941406 15.350407600402832031 15.310665130615234375 15.291604995727539063 15.285031318664550781 15.258029937744140625 15.21192169189453125 15.196112632751464844 15.206937789916992188 15.20475006103515625 15.236268043518066406 15.33211517333984375 15.430803298950195313 15.568320274353027344 15.674857139587402344 15.826142311096191406 16.061990737915039063 16.26259613037109375 16.278108596801757813 16.168485641479492188 16.041231155395507813 15.982936859130859375 15.956030845642089844 15.883380889892578125 15.854916572570800781 15.887845993041992188 15.889081001281738281 15.875195503234863281 15.865990638732910156 15.851714134216308594 15.846564292907714844
15.584357261657714844 15.508090972900390625 15.463415145874023438 15.457017898559570313 15.46012115478515625 15.443952560424804688 15.404120445251464844 15.354674339294433594 15.310642242431640625 15.278668403625488281 15.258980751037597656 15.241278648376464844 15.217570304870605469 15.200765609741210938 15.192168235778808594 15.194977760314941406 15.257685661315917969 15.354074478149414063 15.410683631896972656 15.452996253967285156 15.505249977111816406 15.5784149169921875 15.647848129272460938 15.744232177734375 15.858836174011230469 16.0758209228515625 16.27841949462890625 16.301710128784179688 16.195299148559570313 16.076856613159179688 15.9754486083984375 15.954640388488769531 15.92224884033203125 15.894895553588867188 15.908148765563964844 15.914158821105957031 15.899622917175292969 15.873942375183105469 15.854809761047363281 15.828484535217285156
15.783881187438964844 15.712719917297363281 15.607853889465332031 15.51399993896484375 15.443709373474121094 15.387091636657714844 15.331068038940429688 15.270941734313964844 15.214092254638671875 15.163740158081054688 15.130474090576171875 15.119577407836914063 15.118502616882324219 15.144456863403320313 15.212742805480957031 15.309253692626953125 15.438319206237792969 15.556630134582519531 15.6158447265625 15.638235092163085938 15.643231391906738281 15.694538116455078125 15.747161865234375 15.783354759216308594 15.865714073181152344 16.04343414306640625 16.263530731201171875 16.327756881713867188 16.229063034057617188 16.105928421020507813 16.012126922607421875 15.951039314270019531 15.902355194091796875 15.931546211242675781 15.936038017272949219 15.923901557922363281 15.897809028625488281 15.861451148986816406 15.844713211059570313 15.858625411987304688
15.766880035400390625 15.803557395935058594 15.816618919372558594 15.805533409118652344 15.76166534423828125 15.695314407348632813 15.621953010559082031 15.543070793151855469 15.475759506225585938 15.419333457946777344 15.369841575622558594 15.34429931640625 15.347996711730957031 15.390255928039550781 15.472286224365234375 15.583228111267089844 15.699131011962890625 15.793322563171386719 15.847077369689941406 15.850430488586425781 15.831355094909667969 15.821654319763183594 15.824968338012695313 15.83242034912109375 15.876233100891113281 15.982022285461425781 16.189332962036132813 16.325620651245117188 16.2667083740234375 16.123760223388671875 16.01667022705078125 15.937964439392089844 15.857177734375 15.851985931396484375 15.89977264404296875 15.866375923156738281 15.8484039306640625 15.852026939392089844 15.898369789123535156 15.933327674865722656
15.865983963012695313 15.864774703979492188 15.880543708801269531 15.907528877258300781 15.933378219604492188 15.938726425170898438 15.923239707946777344 15.883189201354980469 15.832446098327636719 15.78202056884765625 15.728212356567382813 15.687574386596679688 15.669678688049316406 15.681322097778320313 15.723461151123046875 15.788979530334472656 15.862485885620117188 15.948203086853027344 16.02630615234375 16.031986236572265625 15.993012428283691406 15.970678329467773438 15.939870834350585938 15.911559104919433594 15.927895545959472656 15.978029251098632813 16.130403518676757813 16.297412872314453125 16.290174484252929688 16.139879226684570313 16.002275466918945313 15.909945487976074219 15.78199005126953125 15.719278335571289063 15.778837203979492188 15.795078277587890625 15.856520652770996094 15.904267311096191406 15.95201873779296875 15.891051292419433594
16.546268463134765625 16.513124465942382813 16.50595855712890625 16.501588821411132813 16.500902175903320313 16.4828338623046875 16.445465087890625 16.381855010986328125 16.30322265625 16.219970703125 16.143991470336914063 16.079526901245117188 16.025104522705078125 16.008510589599609375 16.035587310791015625 16.08780670166015625 16.156446456909179688 16.2456207275390625 16.330492019653320313 16.334615707397460938 16.25746917724609375 16.18634796142578125 16.133890151977539063 16.095211029052734375 16.082773208618164063 16.079097747802734375 16.146656036376953125 16.271778106689453125 16.29537200927734375 16.15094757080078125 16.012485504150390625 15.911373138427734375 15.785201072692871094 15.725793838500976563 15.786589622497558594 15.844501495361328125 15.886356353759765625 15.869937896728515625 15.805301666259765625 15.785701751708984375
