MapLinkProApp/griddata/temperature/ASCII/cmems_mod_glo_phy-thetao_anfc_0,083deg_P1D-m_1702458667101_40,3.asc
ncols        121
nrows        120
xllcorner    -30.041666666667
yllcorner    40.041666655981
cellsize     0.083333333333
NODATA_value  9.9692099683868690468e+36
[rows 0 to 17 of 120, columns 0 to 39 of 121]
12.5741424560546875 12.557552337646484375 12.542446136474609375 12.593877792358398438 12.6580352783203125 12.641256332397460938 12.590249061584472656 12.553458213806152344 12.5721893310546875 12.649994850158691406 12.714505195617675781 12.749087333679199219 12.764449119567871094 12.756422996520996094 12.732336044311523438 12.695096015930175781 12.631587982177734375 12.545945167541503906 12.463529586791992188 12.390226364135742188 12.318062782287597656 12.237586021423339844 12.138773918151855469 12.00118255615234375 11.814416885375976563 11.574620246887207031 11.334105491638183594 11.1197357177734375 10.976880073547363281 10.863276481628417969 10.758495330810546875 10.65627288818359375 10.617762565612792969 10.663435935974121094 10.901947021484375 11.071855545043945313 11.252958297729492188 11.542490005493164063 11.850278854370117188 12.059985160827636719
12.543344497680664063 12.532027244567871094 12.515529632568359375 12.576012611389160156 12.648439407348632813 12.62973785400390625 12.5760955810546875 12.532209396362304688 12.54846954345703125 12.630858421325683594 12.701382637023925781 12.724770545959472656 12.72420501708984375 12.712161064147949219 12.69577789306640625 12.682735443115234375 12.669309616088867188 12.646590232849121094 12.615372657775878906 12.580952644348144531 12.541667938232421875 12.494450569152832031 12.4332427978515625 12.343709945678710938 12.210715293884277344 12.029941558837890625 11.793298721313476563 11.53795623779296875 11.2870635986328125 11.0934600830078125 10.935415267944335938 10.810123443603515625 10.732080459594726563 10.788958549499511719 10.959601402282714844 11.133554458618164063 11.414609909057617188 11.744768142700195313 12.007618904113769531 12.10565948486328125
12.45876312255859375 12.460269927978515625 12.499619483947753906 12.590777397155761719 12.638887405395507813 12.597192764282226563 12.548130035400390625 12.503378868103027344 12.50689697265625 12.575658798217773438 12.637715339660644531 12.650129318237304688 12.637491226196289063 12.622175216674804688 12.607523918151855469 12.594163894653320313 12.58319091796875 12.574671745300292969 12.570195198059082031 12.569733619689941406 12.5691375732421875 12.564195632934570313 12.554194450378417969 12.533931732177734375 12.479998588562011719 12.374391555786132813 12.22710418701171875 12.039150238037109375 11.775909423828125 11.529578208923339844 11.292456626892089844 11.10832977294921875 10.96312713623046875 10.981336593627929688 11.085835456848144531 11.347696304321289063 11.682047843933105469 11.953993797302246094 12.063488960266113281 12.040114402770996094
12.418080329895019531 12.458337783813476563 12.53810882568359375 12.611154556274414063 12.609371185302734375 12.553301811218261719 12.512995719909667969 12.471789360046386719 12.47216033935546875 12.5189666748046875 12.560778617858886719 12.565077781677246094 12.546109199523925781 12.531147003173828125 12.52654266357421875 12.522738456726074219 12.512851715087890625 12.499846458435058594 12.494645118713378906 12.503681182861328125 12.515551567077636719 12.529970169067382813 12.545506477355957031 12.554843902587890625 12.551697731018066406 12.501347541809082031 12.409441947937011719 12.271489143371582031 12.04422760009765625 11.783205032348632813 11.513048171997070313 11.264090538024902344 11.106194496154785156 11.098852157592773438 11.259196281433105469 11.561093330383300781 11.845861434936523438 12.026971817016601563 12.016030311584472656 11.989359855651855469
12.467926979064941406 12.512167930603027344 12.548630714416503906 12.578379631042480469 12.538228034973144531 12.499212265014648438 12.483335494995117188 12.4402008056640625 12.433379173278808594 12.457480430603027344 12.473847389221191406 12.46877288818359375 12.448694229125976563 12.431278228759765625 12.428837776184082031 12.436495780944824219 12.447080612182617188 12.460223197937011719 12.473629951477050781 12.487865447998046875 12.496607780456542969 12.505316734313964844 12.518784523010253906 12.537476539611816406 12.547497749328613281 12.5406646728515625 12.499250411987304688 12.398252487182617188 12.211261749267578125 11.937150955200195313 11.640613555908203125 11.368066787719726563 11.257309913635253906 11.310814857482910156 11.539452552795410156 11.780379295349121094 11.96398162841796875 12.016065597534179688 11.922305107116699219 11.909224510192871094
12.433594703674316406 12.469600677490234375 12.472714424133300781 12.502228736877441406 12.4808197021484375 12.477291107177734375 12.46736907958984375 12.42108154296875 12.403973579406738281 12.409433364868164063 12.407519340515136719 12.39720916748046875 12.392606735229492188 12.396201133728027344 12.404928207397460938 12.418962478637695313 12.437964439392089844 12.458372116088867188 12.477021217346191406 12.495439529418945313 12.512966156005859375 12.525282859802246094 12.527910232543945313 12.534342765808105469 12.537540435791015625 12.534573554992675781 12.513428688049316406 12.423954963684082031 12.257701873779296875 11.976640701293945313 11.676314353942871094 11.458246231079101563 11.437365531921386719 11.567870140075683594 11.775454521179199219 11.938525199890136719 12.034497261047363281 11.956712722778320313 11.837931632995605469 11.842652320861816406
12.576441764831542969 12.634814262390136719 12.567251205444335938 12.516837120056152344 12.483132362365722656 12.475493431091308594 12.468346595764160156 12.423476219177246094 12.401866912841796875 12.399874687194824219 12.391179084777832031 12.375579833984375 12.369768142700195313 12.376615524291992188 12.388729095458984375 12.401717185974121094 12.415127754211425781 12.430408477783203125 12.449131965637207031 12.473440170288085938 12.502798080444335938 12.527565956115722656 12.537859916687011719 12.535220146179199219 12.523480415344238281 12.509412765502929688 12.487387657165527344 12.402241706848144531 12.229480743408203125 11.965888023376464844 11.738691329956054688 11.660612106323242188 11.722148895263671875 11.85552215576171875 11.958436012268066406 12.049801826477050781 12.033094406127929688 11.869329452514648438 11.785494804382324219 11.777876853942871094
13.16495513916015625 13.188632965087890625 13.045656204223632813 12.772892951965332031 12.574262619018554688 12.499340057373046875 12.484559059143066406 12.45404815673828125 12.430909156799316406 12.420996665954589844 12.402985572814941406 12.371394157409667969 12.354846954345703125 12.363636970520019531 12.378490447998046875 12.384679794311523438 12.38449859619140625 12.386561393737792969 12.398682594299316406 12.422070503234863281 12.45307159423828125 12.493497848510742188 12.527654647827148438 12.532953262329101563 12.510128974914550781 12.471601486206054688 12.437990188598632813 12.37668609619140625 12.212973594665527344 12.016305923461914063 11.892189979553222656 11.900891304016113281 12.008391380310058594 12.141343116760253906 12.189314842224121094 12.126980781555175781 11.94887542724609375 11.810497283935546875 11.764622688293457031 11.737063407897949219
13.411592483520507813 13.406106948852539063 13.385811805725097656 13.110169410705566406 12.7671356201171875 12.573290824890136719 12.512998580932617188 12.49343109130859375 12.480576515197753906 12.470702171325683594 12.442481040954589844 12.394464492797851563 12.3560943603515625 12.352234840393066406 12.366286277770996094 12.369330406188964844 12.362502098083496094 12.357710838317871094 12.35747528076171875 12.364712715148925781 12.381841659545898438 12.419404029846191406 12.471200942993164063 12.510519981384277344 12.509489059448242188 12.457187652587890625 12.382022857666015625 12.317910194396972656 12.211141586303710938 12.063885688781738281 11.997639656066894531 12.036787033081054688 12.121935844421386719 12.151631355285644531 12.074570655822753906 11.947587013244628906 11.816265106201171875 11.7378997802734375 11.712315559387207031 11.698129653930664063
13.4813232421875 13.463559150695800781 13.509245872497558594 13.494115829467773438 13.143122673034667969 12.785380363464355469 12.593973159790039063 12.537303924560546875 12.536088943481445313 12.53855133056640625 12.519286155700683594 12.465514183044433594 12.396434783935546875 12.353821754455566406 12.3508758544921875 12.360851287841796875 12.362980842590332031 12.362245559692382813 12.359908103942871094 12.351700782775878906 12.338153839111328125 12.33350372314453125 12.353163719177246094 12.407674789428710938 12.47430419921875 12.487864494323730469 12.412892341613769531 12.294878005981445313 12.191054344177246094 12.0969696044921875 12.047629356384277344 12.068863868713378906 12.085526466369628906 12.035091400146484375 11.986992835998535156 12.109530448913574219 12.14215850830078125 12.071354866027832031 11.967799186706542969 11.86037445068359375
13.496266365051269531 13.542331695556640625 13.507414817810058594 13.613305091857910156 13.419898033142089844 13.003780364990234375 12.698211669921875 12.571868896484375 12.560374259948730469 12.578499794006347656 12.581864356994628906 12.542851448059082031 12.467871665954589844 12.400783538818359375 12.367854118347167969 12.366250038146972656 12.384222030639648438 12.397462844848632813 12.406962394714355469 12.402662277221679688 12.385213851928710938 12.355877876281738281 12.321503639221191406 12.31536102294921875 12.373505592346191406 12.460015296936035156 12.464646339416503906 12.372059822082519531 12.243379592895507813 12.134548187255859375 12.067866325378417969 12.0779876708984375 12.10012054443359375 12.124467849731445313 12.310656547546386719 12.4755401611328125 12.49725341796875 12.404407501220703125 12.2147674560546875 11.998909950256347656
13.372407913208007813 13.484388351440429688 13.514433860778808594 13.624804496765136719 13.637387275695800781 13.263820648193359375 12.859114646911621094 12.636356353759765625 12.581407546997070313 12.603775978088378906 12.635228157043457031 12.625728607177734375 12.558757781982421875 12.477477073669433594 12.431074142456054688 12.425394058227539063 12.444835662841796875 12.471652030944824219 12.499655723571777344 12.5167694091796875 12.519687652587890625 12.50049591064453125 12.442519187927246094 12.355952262878417969 12.289998054504394531 12.33533477783203125 12.43495941162109375 12.425417900085449219 12.330037117004394531 12.199742317199707031 12.10064697265625 12.087849617004394531 12.110613822937011719 12.189935684204101563 12.441295623779296875 12.541561126708984375 12.477315902709960938 12.314716339111328125 12.162884712219238281 12.096160888671875
13.420415878295898438 13.391448974609375 13.425894737243652344 13.538114547729492188 13.733434677124023438 13.51117706298828125 13.055280685424804688 12.728032112121582031 12.605451583862304688 12.612092018127441406 12.66323089599609375 12.6740264892578125 12.610484123229980469 12.525874137878417969 12.488104820251464844 12.497544288635253906 12.513966560363769531 12.526999473571777344 12.552128791809082031 12.583186149597167969 12.62261962890625 12.645603179931640625 12.617716789245605469 12.514847755432128906 12.35117340087890625 12.260953903198242188 12.338772773742675781 12.400246620178222656 12.338835716247558594 12.227769851684570313 12.121964454650878906 12.099208831787109375 12.127680778503417969 12.422345161437988281 12.56026458740234375 12.51665496826171875 12.406224250793457031 12.334074974060058594 12.341301918029785156 12.396915435791015625
13.469517707824707031 13.412214279174804688 13.384510993957519531 13.413252830505371094 13.669023513793945313 13.664301872253417969 13.265917778015136719 12.862796783447265625 12.651123046875 12.614414215087890625 12.667905807495117188 12.699493408203125 12.64904022216796875 12.565579414367675781 12.520236015319824219 12.509688377380371094 12.510247230529785156 12.540030479431152344 12.596185684204101563 12.657053947448730469 12.721119880676269531 12.770189285278320313 12.787878036499023438 12.739697456359863281 12.56784820556640625 12.3336029052734375 12.244105339050292969 12.333926200866699219 12.268947601318359375 12.200910568237304688 12.124751091003417969 12.118872642517089844 12.204440116882324219 12.498996734619140625 12.599918365478515625 12.534997940063476563 12.504465103149414063 12.508112907409667969 12.49627685546875 12.458341598510742188
13.6208648681640625 13.545905113220214844 13.459287643432617188 13.393433570861816406 13.561475753784179688 13.746029853820800781 13.484696388244628906 13.040738105773925781 12.729619979858398438 12.620470046997070313 12.649767875671386719 12.700411796569824219 12.67475128173828125 12.585959434509277344 12.515078544616699219 12.496453285217285156 12.527205467224121094 12.595383644104003906 12.644250869750976563 12.672177314758300781 12.707828521728515625 12.773768424987792969 12.860033035278320313 12.903188705444335938 12.864731788635253906 12.574707984924316406 12.270256996154785156 12.2330322265625 12.243420600891113281 12.170344352722167969 12.148358345031738281 12.18624114990234375 12.374837875366210938 12.573718070983886719 12.6525115966796875 12.615830421447753906 12.543149948120117188 12.413518905639648438 12.257440567016601563 12.153490066528320313
13.741283416748046875 13.664450645446777344 13.552862167358398438 13.432953834533691406 13.527396202087402344 13.766576766967773438 13.629320144653320313 13.199506759643554688 12.825694084167480469 12.642063140869140625 12.619379043579101563 12.673373222351074219 12.684956550598144531 12.613344192504882813 12.533022880554199219 12.505205154418945313 12.535084724426269531 12.584616661071777344 12.578209877014160156 12.570713043212890625 12.595541000366210938 12.692778587341308594 12.795801162719726563 12.884937286376953125 12.960913658142089844 12.880078315734863281 12.512162208557128906 12.239261627197265625 12.266571044921875 12.202126502990722656 12.222637176513671875 12.308923721313476563 12.522111892700195313 12.660085678100585938 12.687877655029296875 12.6041717529296875 12.422476768493652344 12.227842330932617188 12.089677810668945313 12.094742774963378906
13.881558418273925781 13.784458160400390625 13.660374641418457031 13.506474494934082031 13.522883415222167969 13.770781517028808594 13.783147811889648438 13.434618949890136719 13.017579078674316406 12.737445831298828125 12.614031791687011719 12.613352775573730469 12.660444259643554688 12.661498069763183594 12.60440826416015625 12.560461997985839844 12.573443412780761719 12.598925590515136719 12.558795928955078125 12.535327911376953125 12.57427215576171875 12.726433753967285156 12.863308906555175781 12.972181320190429688 12.991678237915039063 13.009303092956542969 12.969601631164550781 12.517506599426269531 12.250333786010742188 12.256503105163574219 12.290444374084472656 12.420748710632324219 12.577822685241699219 12.634964942932128906 12.553104400634765625 12.369784355163574219 12.188508987426757813 12.072442054748535156 12.074925422668457031 12.209147453308105469
13.95586395263671875 13.852646827697753906 13.712316513061523438 13.555017471313476563 13.537748336791992188 13.7673187255859375 13.883545875549316406 13.635474205017089844 13.220083236694335938 12.872439384460449219 12.66678619384765625 12.592677116394042969 12.614314079284667969 12.654316902160644531 12.643461227416992188 12.617308616638183594 12.630814552307128906 12.6304931640625 12.574739456176757813 12.552674293518066406 12.647493362426757813 12.819311141967773438 13.010241508483886719 13.086330413818359375 13.131044387817382813 13.057196617126464844 13.110177993774414063 12.924409866333007813 12.449258804321289063 12.254377365112304688 12.279855728149414063 12.365633010864257813 12.495427131652832031 12.554619789123535156 12.436469078063964844 12.238847732543945313 12.112910270690917969 12.066501617431640625 12.134188652038574219 12.3268890380859375
