MapLinkProApp/griddata/temperature/ASCII/cmems_mod_glo_phy-thetao_anfc_0,083deg_P1D-m_1702458667101_155,9.asc
ncols        121
nrows        120
xllcorner    -30.041666666667
yllcorner    40.041666655981
cellsize     0.083333333333
NODATA_value  9.9692099683868690468e+36
[rows 18 to 35 of 120, columns 0 to 39 of 121]
13.555205345153808594 13.660824775695800781 13.694128036499023438 13.739862442016601563 13.799028396606445313 13.827177047729492188 13.854619979858398438 13.77294158935546875 13.47463226318359375 13.003628730773925781 12.498773574829101563 12.08992767333984375 11.852252960205078125 11.78974151611328125 11.828354835510253906 11.897406578063964844 12.011322975158691406 12.151633262634277344 12.337656974792480469 12.562960624694824219 12.809061050415039063 13.031771659851074219 13.245283126831054688 13.382018089294433594 13.394496917724609375 13.367563247680664063 13.307476043701171875 13.255593299865722656 13.130015373229980469 12.620127677917480469 12.209331512451171875 12.040500640869140625 11.812788009643554688 11.588118553161621094 11.398736953735351563 11.128722190856933594 10.980753898620605469 11.090986251831054688 11.314198493957519531 11.46071624755859375
13.576519012451171875 13.694783210754394531 13.713609695434570313 13.7723541259765625 13.84526824951171875 13.873606681823730469 13.865755081176757813 13.834986686706542969 13.621324539184570313 13.217947959899902344 12.742956161499023438 12.286466598510742188 11.945763587951660156 11.805555343627929688 11.853838920593261719 12.000052452087402344 12.166347503662109375 12.394313812255859375 12.689212799072265625 12.988790512084960938 13.254878997802734375 13.445936203002929688 13.612959861755371094 13.6819610595703125 13.621246337890625 13.518629074096679688 13.436888694763183594 13.330461502075195313 13.305233955383300781 13.177766799926757813 12.684617042541503906 12.244367599487304688 11.991429328918457031 11.786879539489746094 11.577381134033203125 11.340158462524414063 11.167845726013183594 11.24080657958984375 11.370954513549804688 11.398504257202148438
13.6742706298828125 13.739147186279296875 13.757258415222167969 13.824997901916503906 13.897700309753417969 13.942757606506347656 13.942289352416992188 13.888194084167480469 13.680729866027832031 13.301827430725097656 12.828338623046875 12.365572929382324219 12.051549911499023438 11.9645843505859375 12.042304039001464844 12.215585708618164063 12.492991447448730469 12.83875274658203125 13.142470359802246094 13.4145050048828125 13.597708702087402344 13.752713203430175781 13.9036865234375 13.842373847961425781 13.740519523620605469 13.598073959350585938 13.498618125915527344 13.41021728515625 13.325193405151367188 13.301540374755859375 13.168362617492675781 12.781085968017578125 12.379801750183105469 12.020691871643066406 11.77373504638671875 11.524445533752441406 11.371754646301269531 11.399852752685546875 11.432706832885742188 11.376321792602539063
13.809844970703125 13.828593254089355469 13.870327949523925781 13.957094192504882813 14.050943374633789063 14.075203895568847656 14.016735076904296875 13.885758399963378906 13.652539253234863281 13.2922210693359375 12.808257102966308594 12.364064216613769531 12.143907546997070313 12.130399703979492188 12.283952713012695313 12.591549873352050781 12.944090843200683594 13.280530929565429688 13.532299041748046875 13.709975242614746094 13.895505905151367188 14.040322303771972656 14.049103736877441406 13.985414505004882813 13.805308341979980469 13.679404258728027344 13.538752555847167969 13.462374687194824219 13.366725921630859375 13.314256668090820313 13.291860580444335938 13.237683296203613281 12.993282318115234375 12.535990715026855469 12.124935150146484375 11.7479095458984375 11.591396331787109375 11.560550689697265625 11.4931488037109375 11.4419403076171875
13.931121826171875 13.968959808349609375 14.041578292846679688 14.119620323181152344 14.153857231140136719 14.129582405090332031 14.019274711608886719 13.864638328552246094 13.598015785217285156 13.204591751098632813 12.701485633850097656 12.241709709167480469 12.087818145751953125 12.239125251770019531 12.519852638244628906 12.881891250610351563 13.269913673400878906 13.552073478698730469 13.754236221313476563 13.932546615600585938 14.1255950927734375 14.219005584716796875 14.221435546875 14.142354965209960938 13.907124519348144531 13.7730712890625 13.590179443359375 13.463242530822753906 13.33746337890625 13.236454963684082031 13.21341705322265625 13.227732658386230469 13.227520942687988281 12.94525909423828125 12.498792648315429688 11.991428375244140625 11.740734100341796875 11.624192237854003906 11.519766807556152344 11.471077919006347656
14.092199325561523438 14.096808433532714844 14.098498344421386719 14.103214263916015625 14.110949516296386719 14.0874176025390625 13.982304573059082031 13.792119979858398438 13.463531494140625 12.981045722961425781 12.423394203186035156 12.094862937927246094 12.212890625 12.564706802368164063 12.965818405151367188 13.330328941345214844 13.610263824462890625 13.812273025512695313 14.047839164733886719 14.238110542297363281 14.416751861572265625 14.463488578796386719 14.393251419067382813 14.316376686096191406 14.12883758544921875 13.928366661071777344 13.740009307861328125 13.470937728881835938 13.321605682373046875 13.169649124145507813 13.043455123901367188 13.041855812072753906 13.120394706726074219 13.138010025024414063 12.873574256896972656 12.398395538330078125 12.061008453369140625 11.790955543518066406 11.579959869384765625 11.495514869689941406
14.139627456665039063 14.062540054321289063 13.980668067932128906 13.961604118347167969 13.988945960998535156 14.015048980712890625 13.956488609313964844 13.749249458312988281 13.392637252807617188 12.903159141540527344 12.509143829345703125 12.438907623291015625 12.676235198974609375 13.081841468811035156 13.405865669250488281 13.674703598022460938 13.887395858764648438 14.138574600219726563 14.374915122985839844 14.516811370849609375 14.592931747436523438 14.594696044921875 14.504236221313476563 14.480185508728027344 14.387136459350585938 14.070962905883789063 13.792504310607910156 13.478864669799804688 13.346483230590820313 13.319904327392578125 13.164170265197753906 13.022394180297851563 13.104704856872558594 13.161377906799316406 13.063699722290039063 12.683856010437011719 12.337370872497558594 12.0002288818359375 11.696725845336914063 11.554385185241699219
14.014218330383300781 13.88950347900390625 13.828699111938476563 13.850579261779785156 13.895838737487792969 13.931112289428710938 13.90747833251953125 13.758679389953613281 13.454283714294433594 13.094396591186523438 12.886159896850585938 12.975281715393066406 13.27007293701171875 13.566583633422851563 13.811122894287109375 14.005482673645019531 14.255495071411132813 14.442702293395996094 14.557383537292480469 14.622495651245117188 14.662976264953613281 14.668738365173339844 14.558720588684082031 14.541015625 14.524204254150390625 14.215022087097167969 13.829842567443847656 13.609654426574707031 13.506242752075195313 13.434088706970214844 13.292127609252929688 13.090237617492675781 13.008860588073730469 13.128183364868164063 13.151674270629882813 12.889156341552734375 12.58908843994140625 12.254364013671875 11.90480804443359375 11.726484298706054688
13.698794364929199219 13.746015548706054688 13.836702346801757813 13.886537551879882813 13.936865806579589844 13.964598655700683594 13.924848556518554688 13.821375846862792969 13.601563453674316406 13.37398529052734375 13.279315948486328125 13.38134002685546875 13.631886482238769531 13.816176414489746094 14.084438323974609375 14.327523231506347656 14.442374229431152344 14.544592857360839844 14.635223388671875 14.706521034240722656 14.773114204406738281 14.796540260314941406 14.764132499694824219 14.655649185180664063 14.577649116516113281 14.285893440246582031 13.884120941162109375 13.765660285949707031 13.694561004638671875 13.4326324462890625 13.292685508728027344 13.118628501892089844 12.946070671081542969 12.99365997314453125 13.111700057983398438 13.050463676452636719 12.8358917236328125 12.535653114318847656 12.194311141967773438 12.010718345642089844
13.590916633605957031 13.717039108276367188 13.837125778198242188 13.8908233642578125 13.845862388610839844 13.818541526794433594 13.810610771179199219 13.709431648254394531 13.545046806335449219 13.475928306579589844 13.557728767395019531 13.67929840087890625 13.810979843139648438 14.028502464294433594 14.183034896850585938 14.28327178955078125 14.465853691101074219 14.602041244506835938 14.715479850769042969 14.81485748291015625 14.896625518798828125 14.921741485595703125 14.919697761535644531 14.828691482543945313 14.750261306762695313 14.381387710571289063 13.93721771240234375 13.871906280517578125 13.785547256469726563 13.515587806701660156 13.336003303527832031 13.199113845825195313 13.021656036376953125 13.023882865905761719 13.053376197814941406 13.045511245727539063 12.944306373596191406 12.72620391845703125 12.426733970642089844 12.237578392028808594
13.632211685180664063 13.70843505859375 13.713700294494628906 13.69644927978515625 13.680177688598632813 13.655836105346679688 13.646631240844726563 13.627206802368164063 13.622368812561035156 13.676570892333984375 13.74742889404296875 13.804962158203125 13.844584465026855469 13.860743522644042969 13.971068382263183594 14.199354171752929688 14.404880523681640625 14.577385902404785156 14.696162223815917969 14.779296875 14.869540214538574219 14.88343048095703125 14.868922233581542969 14.871011734008789063 14.877103805541992188 14.747202873229980469 14.221529006958007813 13.937898635864257813 13.84377288818359375 13.644336700439453125 13.484013557434082031 13.438328742980957031 13.393008232116699219 13.355717658996582031 13.276339530944824219 13.177565574645996094 13.046110153198242188 12.863034248352050781 12.6318817138671875 12.464670181274414063
13.60877227783203125 13.596651077270507813 13.572091102600097656 13.524435997009277344 13.518120765686035156 13.545062065124511719 13.567613601684570313 13.610772132873535156 13.644352912902832031 13.6442718505859375 13.626708030700683594 13.548509597778320313 13.445932388305664063 13.4795684814453125 13.692720413208007813 13.943926811218261719 14.193958282470703125 14.410508155822753906 14.519999504089355469 14.604002952575683594 14.689763069152832031 14.735575675964355469 14.714265823364257813 14.695336341857910156 14.750382423400878906 14.843277931213378906 14.607537269592285156 14.122781753540039063 13.886340141296386719 13.6964111328125 13.559234619140625 13.555126190185546875 13.66847991943359375 13.693281173706054688 13.592805862426757813 13.436967849731445313 13.233609199523925781 13.037655830383300781 12.795924186706542969 12.634709358215332031
13.535573959350585938 13.516436576843261719 13.439749717712402344 13.417944908142089844 13.441548347473144531 13.458850860595703125 13.477391242980957031 13.442019462585449219 13.334235191345214844 13.215847969055175781 13.090060234069824219 12.978650093078613281 12.959019660949707031 13.01900482177734375 13.210454940795898438 13.538509368896484375 13.914247512817382813 14.188654899597167969 14.338962554931640625 14.405172348022460938 14.47418212890625 14.551021575927734375 14.586815834045410156 14.568276405334472656 14.573889732360839844 14.658403396606445313 14.675127983093261719 14.370115280151367188 14.016097068786621094 13.806850433349609375 13.660414695739746094 13.612807273864746094 13.650232315063476563 13.701891899108886719 13.65552520751953125 13.514512062072753906 13.293410301208496094 13.086671829223632813 12.85871124267578125 12.751553535461425781
13.399485588073730469 13.240563392639160156 13.159934043884277344 13.153853416442871094 13.142637252807617188 13.123147010803222656 13.01372528076171875 12.831878662109375 12.687267303466796875 12.601833343505859375 12.554015159606933594 12.534505844116210938 12.547021865844726563 12.595977783203125 12.757924079895019531 13.037394523620605469 13.432549476623535156 13.827157020568847656 14.063426971435546875 14.2310943603515625 14.282565116882324219 14.371724128723144531 14.468573570251464844 14.512067794799804688 14.48589324951171875 14.491199493408203125 14.512986183166503906 14.425951957702636719 14.06951904296875 13.821646690368652344 13.692511558532714844 13.5742950439453125 13.513209342956542969 13.523613929748535156 13.500768661499023438 13.399001121520996094 13.238384246826171875 13.105525016784667969 13.003161430358886719 12.989121437072753906
13.148404121398925781 12.962537765502929688 12.904306411743164063 12.861722946166992188 12.792346954345703125 12.704500198364257813 12.550624847412109375 12.412166595458984375 12.3545379638671875 12.328469276428222656 12.337227821350097656 12.382098197937011719 12.4422607421875 12.500089645385742188 12.573180198669433594 12.748090744018554688 13.019478797912597656 13.376227378845214844 13.743498802185058594 13.971105575561523438 14.142249107360839844 14.266605377197265625 14.3803253173828125 14.464079856872558594 14.470408439636230469 14.439114570617675781 14.427195549011230469 14.394349098205566406 14.219453811645507813 13.941660881042480469 13.740655899047851563 13.56293487548828125 13.444116592407226563 13.401391983032226563 13.364215850830078125 13.325303077697753906 13.290966033935546875 13.269318580627441406 13.253422737121582031 13.230699539184570313
12.802508354187011719 12.69792938232421875 12.663610458374023438 12.575066566467285156 12.496033668518066406 12.412817001342773438 12.340961456298828125 12.304074287414550781 12.269489288330078125 12.233338356018066406 12.225587844848632813 12.269118309020996094 12.314040184020996094 12.390282630920410156 12.473161697387695313 12.549818038940429688 12.658089637756347656 12.843434333801269531 13.111049652099609375 13.437605857849121094 13.742078781127929688 13.989515304565429688 14.242136001586914063 14.377964973449707031 14.433340072631835938 14.426950454711914063 14.393025398254394531 14.366311073303222656 14.33460235595703125 14.252246856689453125 14.101049423217773438 13.921446800231933594 13.778497695922851563 13.664057731628417969 13.595502853393554688 13.522680282592773438 13.566922187805175781 13.622859954833984375 13.670352935791015625 13.609381675720214844
12.650506019592285156 12.620866775512695313 12.58385467529296875 12.530029296875 12.514861106872558594 12.48863983154296875 12.466879844665527344 12.445530891418457031 12.385260581970214844 12.307369232177734375 12.231408119201660156 12.199163436889648438 12.209896087646484375 12.282937049865722656 12.39537811279296875 12.473636627197265625 12.566974639892578125 12.632603645324707031 12.748431205749511719 12.922245025634765625 13.2251129150390625 13.605357170104980469 13.95792388916015625 14.315701484680175781 14.404386520385742188 14.379845619201660156 14.360781669616699219 14.3427581787109375 14.340833663940429688 14.325888633728027344 14.301141738891601563 14.217814445495605469 14.124786376953125 14.021779060363769531 13.959158897399902344 13.904621124267578125 13.8940582275390625 13.90181732177734375 13.963624954223632813 13.88047027587890625
12.6575164794921875 12.665540695190429688 12.675372123718261719 12.652423858642578125 12.656033515930175781 12.672438621520996094 12.698910713195800781 12.712014198303222656 12.668814659118652344 12.587788581848144531 12.479914665222167969 12.37332916259765625 12.303785324096679688 12.282225608825683594 12.333089828491210938 12.415406227111816406 12.494352340698242188 12.573038101196289063 12.663593292236328125 12.762989997863769531 12.866398811340332031 13.069659233093261719 13.442523956298828125 13.888148307800292969 14.258375167846679688 14.362141609191894531 14.302145957946777344 14.268946647644042969 14.262587547302246094 14.267396926879882813 14.273426055908203125 14.283598899841308594 14.240312576293945313 14.163208961486816406 14.088912010192871094 14.049358367919921875 14.036356925964355469 14.00916290283203125 13.975477218627929688 13.862181663513183594
