MapLinkProApp/griddata/temperature/ASCII/cmems_mod_glo_phy-thetao_anfc_0,083deg_P1D-m_1702458667101_77,9.asc
ncols        121
nrows        120
xllcorner    -30.041666666667
yllcorner    40.041666655981
cellsize     0.083333333333
NODATA_value  9.9692099683868690468e+36
[rows 18 to 35 of 120, columns 40 to 79 of 121]
12.572858810424804688 12.659159660339355469 12.65776824951171875 12.554530143737792969 12.402990341186523438 12.638411521911621094 13.401277542114257813 14.107422828674316406 14.441255569458007813 14.561533927917480469 14.567965507507324219 14.44673919677734375 14.236420631408691406 14.13230133056640625 14.220294952392578125 14.302716255187988281 14.389050483703613281 14.447850227355957031 14.422015190124511719 14.404386520385742188 14.446446418762207031 14.530208587646484375 14.613352775573730469 14.65898895263671875 14.655622482299804688 14.625813484191894531 14.583276748657226563 14.543722152709960938 14.499254226684570313 14.424647331237792969 14.311944961547851563 14.164074897766113281 13.995977401733398438 13.836878776550292969 13.728667259216308594 13.7127227783203125 13.777911186218261719 13.836009979248046875 13.817343711853027344 13.760380744934082031
12.559194564819335938 12.56048583984375 12.493645668029785156 12.384865760803222656 12.493269920349121094 13.14849090576171875 13.92549896240234375 14.353021621704101563 14.511302947998046875 14.585963249206542969 14.56601715087890625 14.432595252990722656 14.228255271911621094 14.131450653076171875 14.212475776672363281 14.265711784362792969 14.355092048645019531 14.480023384094238281 14.543880462646484375 14.571353912353515625 14.605930328369140625 14.654330253601074219 14.678647994995117188 14.671509742736816406 14.6284637451171875 14.556092262268066406 14.487901687622070313 14.423807144165039063 14.358603477478027344 14.275417327880859375 14.164173126220703125 14.030064582824707031 13.890155792236328125 13.767589569091796875 13.687310218811035156 13.680640220642089844 13.724889755249023438 13.735056877136230469 13.704901695251464844 13.705903053283691406
12.455974578857421875 12.439321517944335938 12.398377418518066406 12.440011024475097656 12.894367218017578125 13.69222259521484375 14.232633590698242188 14.460568428039550781 14.561620712280273438 14.605986595153808594 14.581141471862792969 14.460651397705078125 14.257573127746582031 14.125906944274902344 14.178360939025878906 14.225935935974121094 14.295910835266113281 14.421690940856933594 14.515322685241699219 14.584148406982421875 14.6304168701171875 14.664921760559082031 14.672581672668457031 14.659129142761230469 14.618276596069335938 14.554169654846191406 14.473370552062988281 14.383359909057617188 14.295839309692382813 14.204647064208984375 14.098513603210449219 13.979897499084472656 13.85800933837890625 13.747469902038574219 13.671444892883300781 13.654639244079589844 13.666566848754882813 13.654904365539550781 13.655092239379882813 13.703386306762695313
12.367846488952636719 12.416312217712402344 12.426260948181152344 12.571390151977539063 13.176474571228027344 13.934106826782226563 14.342905044555664063 14.492261886596679688 14.576277732849121094 14.622561454772949219 14.61333465576171875 14.529293060302734375 14.35437774658203125 14.162846565246582031 14.128829002380371094 14.17137908935546875 14.211778640747070313 14.311342239379882813 14.393666267395019531 14.463678359985351563 14.517457962036132813 14.544696807861328125 14.549287796020507813 14.53034210205078125 14.508700370788574219 14.484266281127929688 14.442714691162109375 14.371702194213867188 14.276308059692382813 14.167143821716308594 14.052594184875488281 13.937849998474121094 13.826586723327636719 13.730226516723632813 13.668160438537597656 13.640115737915039063 13.637558937072753906 13.66628265380859375 13.727297782897949219 13.816969871520996094
12.327617645263671875 12.400765419006347656 12.463810920715332031 12.698879241943359375 13.410122871398925781 14.153798103332519531 14.418399810791015625 14.5084228515625 14.578166007995605469 14.628765106201171875 14.635602951049804688 14.588139533996582031 14.465068817138671875 14.263521194458007813 14.125695228576660156 14.122197151184082031 14.134777069091796875 14.194365501403808594 14.2519378662109375 14.312064170837402344 14.366272926330566406 14.395630836486816406 14.395552635192871094 14.379374504089355469 14.369902610778808594 14.369314193725585938 14.358189582824707031 14.317998886108398438 14.241496086120605469 14.136609077453613281 14.024082183837890625 13.915278434753417969 13.816812515258789063 13.73264312744140625 13.677165985107421875 13.659630775451660156 13.682477951049804688 13.754860877990722656 13.878759384155273438 14.044254302978515625
12.298959732055664063 12.387203216552734375 12.528741836547851563 12.899610519409179688 13.607113838195800781 14.208204269409179688 14.408381462097167969 14.494061470031738281 14.581528663635253906 14.641100883483886719 14.65451812744140625 14.630619049072265625 14.576402664184570313 14.4648284912109375 14.286108970642089844 14.146346092224121094 14.084621429443359375 14.065279006958007813 14.093099594116210938 14.118684768676757813 14.159829139709472656 14.193650245666503906 14.20367431640625 14.19840240478515625 14.192616462707519531 14.205077171325683594 14.21761322021484375 14.199109077453613281 14.139888763427734375 14.048110008239746094 13.945160865783691406 13.850651741027832031 13.773018836975097656 13.717199325561523438 13.691173553466796875 13.712011337280273438 13.802415847778320313 13.947317123413085938 14.09976959228515625 14.234121322631835938
12.281229019165039063 12.384469985961914063 12.577641487121582031 13.028436660766601563 13.745862960815429688 14.273657798767089844 14.405837059020996094 14.477328300476074219 14.576485633850097656 14.648886680603027344 14.666087150573730469 14.643202781677246094 14.606888771057128906 14.571294784545898438 14.504687309265136719 14.354078292846679688 14.182575225830078125 14.053380012512207031 13.993395805358886719 13.993953704833984375 14.012597084045410156 14.046207427978515625 14.059752464294433594 14.050383567810058594 14.040837287902832031 14.045699119567871094 14.051959037780761719 14.031332015991210938 13.981810569763183594 13.913362503051757813 13.840476036071777344 13.774024009704589844 13.724709510803222656 13.702301979064941406 13.763710975646972656 13.918370246887207031 14.063729286193847656 14.138334274291992188 14.199749946594238281 14.293606758117675781
12.298826217651367188 12.413043975830078125 12.653866767883300781 13.194339752197265625 13.87598419189453125 14.274867057800292969 14.367156982421875 14.449296951293945313 14.563455581665039063 14.640605926513671875 14.662729263305664063 14.646595001220703125 14.609174728393554688 14.564038276672363281 14.535351753234863281 14.512286186218261719 14.432285308837890625 14.297009468078613281 14.12776947021484375 13.994348526000976563 13.926827430725097656 13.911437034606933594 13.940432548522949219 13.956007957458496094 13.960133552551269531 13.954877853393554688 13.944171905517578125 13.91867828369140625 13.874871253967285156 13.81713104248046875 13.759908676147460938 13.722843170166015625 13.728272438049316406 13.828617095947265625 13.987904548645019531 14.061402320861816406 14.067109107971191406 14.128071784973144531 14.259378433227539063 14.372041702270507813
12.367291450500488281 12.492888450622558594 12.781695365905761719 13.380794525146484375 14.003798484802246094 14.28308868408203125 14.328082084655761719 14.416092872619628906 14.527782440185546875 14.578058242797851563 14.590768814086914063 14.596623420715332031 14.604395866394042969 14.587279319763183594 14.526941299438476563 14.469681739807128906 14.46950531005859375 14.497902870178222656 14.461012840270996094 14.328661918640136719 14.129256248474121094 13.933228492736816406 13.825976371765136719 13.796175003051757813 13.792588233947753906 13.798230171203613281 13.789951324462890625 13.769888877868652344 13.74358367919921875 13.716002464294433594 13.715333938598632813 13.786773681640625 13.928397178649902344 14.023546218872070313 13.99735260009765625 13.974309921264648438 14.063113212585449219 14.218956947326660156 14.348732948303222656 14.401003837585449219
12.484388351440429688 12.603673934936523438 12.906900405883789063 13.52207183837890625 14.080432891845703125 14.263951301574707031 14.2870025634765625 14.3698883056640625 14.424344062805175781 14.411128044128417969 14.417115211486816406 14.449740409851074219 14.514402389526367188 14.561450958251953125 14.560963630676269531 14.496020317077636719 14.428241729736328125 14.412077903747558594 14.4561309814453125 14.487457275390625 14.43720245361328125 14.268925666809082031 14.028467178344726563 13.833172798156738281 13.727381706237792969 13.696062088012695313 13.690053939819335938 13.687186241149902344 13.691159248352050781 13.70721435546875 13.769128799438476563 13.908154487609863281 14.021037101745605469 13.989770889282226563 13.91796112060546875 13.957279205322265625 14.101953506469726563 14.258701324462890625 14.366582870483398438 14.394245147705078125
12.673180580139160156 12.76369476318359375 13.114782333374023438 13.716051101684570313 14.136941909790039063 14.193089485168457031 14.141801834106445313 14.063510894775390625 13.900647163391113281 13.853171348571777344 13.947333335876464844 14.102829933166503906 14.303814888000488281 14.453168869018554688 14.524439811706542969 14.511806488037109375 14.459987640380859375 14.4200897216796875 14.403986930847167969 14.410170555114746094 14.429421424865722656 14.459130287170410156 14.419598579406738281 14.247326850891113281 13.996593475341796875 13.788289070129394531 13.67783355712890625 13.650156974792480469 13.696291923522949219 13.77984619140625 13.862249374389648438 13.984255790710449219 14.024058341979980469 13.936078071594238281 13.890522956848144531 13.957716941833496094 14.102148056030273438 14.249491691589355469 14.354961395263671875 14.381268501281738281
12.814352035522460938 12.887309074401855469 13.262884140014648438 13.825129508972167969 14.119521141052246094 14.023792266845703125 13.757615089416503906 13.409024238586425781 13.164624214172363281 13.220516204833984375 13.406568527221679688 13.735332489013671875 14.084000587463378906 14.3480682373046875 14.488636016845703125 14.517586708068847656 14.47217559814453125 14.425583839416503906 14.422621726989746094 14.43941497802734375 14.445489883422851563 14.416599273681640625 14.44863128662109375 14.480931282043457031 14.371939659118652344 14.109178543090820313 13.848184585571289063 13.691006660461425781 13.687379837036132813 13.817280769348144531 13.93976593017578125 14.008948326110839844 13.966587066650390625 13.871519088745117188 13.863156318664550781 13.9476318359375 14.09180450439453125 14.230498313903808594 14.331777572631835938 14.363126754760742188
12.916279792785644531 13.00252532958984375 13.349928855895996094 13.832762718200683594 14.024485588073730469 13.790122032165527344 13.38401031494140625 13.067049980163574219 12.995372772216796875 13.049821853637695313 13.200237274169921875 13.558963775634765625 13.991245269775390625 14.330853462219238281 14.498264312744140625 14.521564483642578125 14.48339080810546875 14.456485748291015625 14.480365753173828125 14.507384300231933594 14.530093193054199219 14.527112007141113281 14.464654922485351563 14.459970474243164063 14.492856979370117188 14.371687889099121094 14.114221572875976563 13.852784156799316406 13.715052604675292969 13.745062828063964844 13.857960700988769531 13.920496940612792969 13.857046127319335938 13.817093849182128906 13.857962608337402344 13.954042434692382813 14.092386245727539063 14.2214813232421875 14.316527366638183594 14.351965904235839844
13.0684814453125 13.117460250854492188 13.385571479797363281 13.797636032104492188 14.004509925842285156 13.807982444763183594 13.441984176635742188 13.22029876708984375 13.175455093383789063 13.171365737915039063 13.273833274841308594 13.6214752197265625 14.072137832641601563 14.405193328857421875 14.546428680419921875 14.54656219482421875 14.505869865417480469 14.505590438842773438 14.568192481994628906 14.637692451477050781 14.685191154479980469 14.704576492309570313 14.66515350341796875 14.531538963317871094 14.495119094848632813 14.50806427001953125 14.385582923889160156 14.133324623107910156 13.890475273132324219 13.759382247924804688 13.744595527648925781 13.762731552124023438 13.756184577941894531 13.802128791809082031 13.885729789733886719 13.991046905517578125 14.122473716735839844 14.242909431457519531 14.321835517883300781 14.352696418762207031
13.317635536193847656 13.28045654296875 13.412960052490234375 13.728605270385742188 13.979331016540527344 13.920655250549316406 13.656408309936523438 13.472820281982421875 13.375138282775878906 13.255385398864746094 13.378487586975097656 13.797459602355957031 14.2418975830078125 14.516216278076171875 14.592833518981933594 14.551755905151367188 14.510881423950195313 14.548905372619628906 14.652452468872070313 14.761679649353027344 14.819456100463867188 14.846623420715332031 14.848690032958984375 14.705989837646484375 14.551464080810546875 14.535660743713378906 14.497822761535644531 14.319102287292480469 14.079952239990234375 13.89147186279296875 13.793950080871582031 13.77677154541015625 13.789869308471679688 13.862942695617675781 13.946339607238769531 14.049595832824707031 14.177962303161621094 14.295736312866210938 14.357870101928710938 14.37419891357421875
13.613892555236816406 13.499876022338867188 13.481601715087890625 13.672854423522949219 13.91924285888671875 13.972137451171875 13.821610450744628906 13.613683700561523438 13.412166595458984375 13.364400863647460938 13.678305625915527344 14.122080802917480469 14.477525711059570313 14.633777618408203125 14.6192779541015625 14.541591644287109375 14.5326995849609375 14.636941909790039063 14.786370277404785156 14.906755447387695313 14.966014862060546875 14.974503517150878906 14.994784355163574219 14.91539764404296875 14.699840545654296875 14.587672233581542969 14.557168006896972656 14.455418586730957031 14.263689041137695313 14.076426506042480469 13.953366279602050781 13.900784492492675781 13.915024757385253906 13.975893020629882813 14.035231590270996094 14.132170677185058594 14.28073883056640625 14.409267425537109375 14.45029449462890625 14.432584762573242188
13.870820999145507813 13.674403190612792969 13.56635284423828125 13.696676254272460938 13.899312019348144531 13.946451187133789063 13.789463043212890625 13.514988899230957031 13.362684249877929688 13.569368362426757813 13.986515045166015625 14.379238128662109375 14.616272926330566406 14.680413246154785156 14.603932380676269531 14.52085113525390625 14.56404876708984375 14.727692604064941406 14.905653953552246094 15.014617919921875 15.066244125366210938 15.057068824768066406 15.067556381225585938 15.04434967041015625 14.837246894836425781 14.650736808776855469 14.598150253295898438 14.529546737670898438 14.382807731628417969 14.21250152587890625 14.089047431945800781 14.037715911865234375 14.057002067565917969 14.086916923522949219 14.127774238586425781 14.260445594787597656 14.480999946594238281 14.623651504516601563 14.634655952453613281 14.558094024658203125
13.884827613830566406 13.656712532043457031 13.584468841552734375 13.702577590942382813 13.792171478271484375 13.702728271484375 13.512805938720703125 13.400251388549804688 13.515899658203125 13.886114120483398438 14.26761627197265625 14.550090789794921875 14.714920997619628906 14.714200019836425781 14.585893630981445313 14.510071754455566406 14.60558319091796875 14.812071800231933594 14.987688064575195313 15.0777130126953125 15.118686676025390625 15.112955093383789063 15.110833168029785156 15.087198257446289063 14.904236793518066406 14.721599578857421875 14.640165328979492188 14.560233116149902344 14.4157867431640625 14.264294624328613281 14.173645973205566406 14.1395721435546875 14.133074760437011719 14.144544601440429688 14.203919410705566406 14.434724807739257813 14.712968826293945313 14.826931953430175781 14.776815414428710938 14.68502044677734375
