MapLinkProApp/griddata/temperature/ASCII/cmems_mod_glo_phy-thetao_anfc_0,083deg_P1D-m_1702458667101_266,0.asc
ncols        121
nrows        120
xllcorner    -30.041666666667
yllcorner    40.041666655981
cellsize     0.083333333333
NODATA_value  9.9692099683868690468e+36
[rows 90 to 107 of 120, columns 40 to 79 of 121]
14.574023246765136719 14.691788673400878906 14.702769279479980469 14.611940383911132813 14.422045707702636719 14.114406585693359375 13.923199653625488281 13.785413742065429688 13.659185409545898438 13.684481620788574219 13.730890274047851563 13.742777824401855469 13.726718902587890625 13.667371749877929688 13.587109565734863281 13.529496192932128906 13.505535125732421875 13.504062652587890625 13.542905807495117188 13.600230216979980469 13.631196022033691406 13.66883087158203125 13.745903968811035156 13.883276939392089844 14.067500114440917969 14.237514495849609375 14.374457359313964844 14.465757369995117188 14.444360733032226563 14.234586715698242188 13.912570953369140625 13.80400848388671875 13.869054794311523438 13.598390579223632813 13.151124000549316406 12.948205947875976563 12.895425796508789063 12.780061721801757813 12.630102157592773438 12.685770034790039063
14.917372703552246094 15.035908699035644531 15.069779396057128906 14.994098663330078125 14.812581062316894531 14.460131645202636719 14.149643898010253906 14.008752822875976563 13.893175125122070313 13.787868499755859375 13.757234573364257813 13.765445709228515625 13.792773246765136719 13.801278114318847656 13.776698112487792969 13.771276473999023438 13.776577949523925781 13.787782669067382813 13.821787834167480469 13.862427711486816406 13.866769790649414063 13.866991043090820313 13.908831596374511719 14.021993637084960938 14.180256843566894531 14.308411598205566406 14.365133285522460938 14.439272880554199219 14.594424247741699219 14.670930862426757813 14.421967506408691406 13.975121498107910156 13.831785202026367188 13.8194122314453125 13.447451591491699219 13.064920425415039063 12.913098335266113281 12.7998809814453125 12.659770965576171875 12.652843475341796875
15.230100631713867188 15.302361488342285156 15.276360511779785156 15.204082489013671875 15.060528755187988281 14.818685531616210938 14.456063270568847656 14.180289268493652344 14.102971076965332031 14.076617240905761719 14.048348426818847656 14.060420989990234375 14.0985107421875 14.130489349365234375 14.153285026550292969 14.176041603088378906 14.192185401916503906 14.185743331909179688 14.184017181396484375 14.203626632690429688 14.201539993286132813 14.157121658325195313 14.135583877563476563 14.19879150390625 14.320025444030761719 14.436911582946777344 14.479969978332519531 14.457674026489257813 14.517022132873535156 14.696070671081542969 14.756317138671875 14.44864654541015625 13.997498512268066406 13.82358551025390625 13.716986656188964844 13.420501708984375 13.164661407470703125 13.010250091552734375 12.847580909729003906 12.76073455810546875
15.304627418518066406 15.309958457946777344 15.246056556701660156 15.167215347290039063 15.073634147644042969 14.951665878295898438 14.717219352722167969 14.425852775573730469 14.271166801452636719 14.259398460388183594 14.310567855834960938 14.376900672912597656 14.425724983215332031 14.434988021850585938 14.427495956420898438 14.429049491882324219 14.441009521484375 14.456473350524902344 14.484752655029296875 14.524769783020019531 14.561041831970214844 14.573034286499023438 14.569261550903320313 14.559460639953613281 14.54703521728515625 14.566534042358398438 14.602074623107910156 14.562139511108398438 14.50701141357421875 14.618786811828613281 14.847166061401367188 14.860802650451660156 14.491992950439453125 14.038767814636230469 13.808849334716796875 13.721966743469238281 13.608597755432128906 13.455780029296875 13.271726608276367188 13.056534767150878906
15.224641799926757813 15.235291481018066406 15.177646636962890625 15.102135658264160156 15.023476600646972656 14.934885025024414063 14.8275909423828125 14.691766738891601563 14.615548133850097656 14.564920425415039063 14.545244216918945313 14.564202308654785156 14.517519950866699219 14.380721092224121094 14.248923301696777344 14.172320365905761719 14.138703346252441406 14.128600120544433594 14.148459434509277344 14.217032432556152344 14.33782958984375 14.478446006774902344 14.604884147644042969 14.692232131958007813 14.718678474426269531 14.717671394348144531 14.739459037780761719 14.703963279724121094 14.585524559020996094 14.594202995300292969 14.802803993225097656 14.923005104064941406 14.696351051330566406 14.229987144470214844 13.852331161499023438 13.730466842651367188 13.737997055053710938 13.727381706237792969 13.675147056579589844 13.526265144348144531
14.942896842956542969 15.062479019165039063 15.115207672119140625 15.08600616455078125 15.06223297119140625 15.049505233764648438 14.97986602783203125 14.822236061096191406 14.663132667541503906 14.64293670654296875 14.730561256408691406 14.752246856689453125 14.6302337646484375 14.342123985290527344 14.060018539428710938 13.925817489624023438 13.873922348022460938 13.829362869262695313 13.783617973327636719 13.775054931640625 13.833689689636230469 13.934615135192871094 14.055422782897949219 14.193278312683105469 14.306779861450195313 14.41455078125 14.5740814208984375 14.67610931396484375 14.635087966918945313 14.632350921630859375 14.780301094055175781 14.83776092529296875 14.583228111267089844 14.146610260009765625 13.812815666198730469 13.713849067687988281 13.74779510498046875 13.784884452819824219 13.803876876831054688 13.781359672546386719
14.480722427368164063 14.610325813293457031 14.738902091979980469 14.802123069763183594 14.797921180725097656 14.777223587036132813 14.704262733459472656 14.622509956359863281 14.571185111999511719 14.633612632751464844 14.860817909240722656 15.030680656433105469 14.932369232177734375 14.501390457153320313 14.025492668151855469 13.8393707275390625 13.838724136352539063 13.861313819885253906 13.858580589294433594 13.822359085083007813 13.771449089050292969 13.714192390441894531 13.682634353637695313 13.703742027282714844 13.734365463256835938 13.825057029724121094 14.067060470581054688 14.334187507629394531 14.470582008361816406 14.578479766845703125 14.734540939331054688 14.719161033630371094 14.402987480163574219 14.012230873107910156 13.824022293090820313 13.872876167297363281 13.96024322509765625 13.962548255920410156 13.988689422607421875 14.016064643859863281
14.513622283935546875 14.475888252258300781 14.437825202941894531 14.39926910400390625 14.429472923278808594 14.507033348083496094 14.524217605590820313 14.606200218200683594 14.699726104736328125 14.838179588317871094 15.108998298645019531 15.346489906311035156 15.203627586364746094 14.591920852661132813 13.963265419006347656 13.747939109802246094 13.805734634399414063 13.904842376708984375 13.977789878845214844 14.010193824768066406 13.966101646423339844 13.873743057250976563 13.782164573669433594 13.710224151611328125 13.641488075256347656 13.601857185363769531 13.705452919006347656 13.928427696228027344 14.167645454406738281 14.432646751403808594 14.639147758483886719 14.543256759643554688 14.248516082763671875 14.085442543029785156 14.075037956237792969 14.153703689575195313 14.24982452392578125 14.22496795654296875 14.238119125366210938 14.37630462646484375
14.767912864685058594 14.891778945922851563 14.912420272827148438 14.816082954406738281 14.769503593444824219 14.849050521850585938 14.968796730041503906 15.129423141479492188 15.194203376770019531 15.195232391357421875 15.317590713500976563 15.464742660522460938 15.259664535522460938 14.625314712524414063 14.050292015075683594 13.817350387573242188 13.843808174133300781 13.931237220764160156 13.954156875610351563 13.9499359130859375 13.948678016662597656 13.9145050048828125 13.874322891235351563 13.761372566223144531 13.62944793701171875 13.555542945861816406 13.571703910827636719 13.698089599609375 13.958705902099609375 14.323156356811523438 14.535810470581054688 14.417476654052734375 14.20667266845703125 14.1475830078125 14.117780685424804688 14.027462959289550781 14.008264541625976563 14.007939338684082031 14.012040138244628906 14.1776123046875
14.562105178833007813 14.874141693115234375 15.156375885009765625 15.193963050842285156 15.1581878662109375 15.247392654418945313 15.4064788818359375 15.435842514038085938 15.315220832824707031 15.232676506042480469 15.318856239318847656 15.475658416748046875 15.262091636657714844 14.662598609924316406 14.070322036743164063 13.835610389709472656 13.956216812133789063 14.096660614013671875 14.034163475036621094 13.895581245422363281 13.82396697998046875 13.823309898376464844 13.814336776733398438 13.726274490356445313 13.621762275695800781 13.584676742553710938 13.637560844421386719 13.823434829711914063 14.120978355407714844 14.395811080932617188 14.430466651916503906 14.232103347778320313 14.056659698486328125 13.974112510681152344 13.879865646362304688 13.708766937255859375 13.56139373779296875 13.577656745910644531 13.626262664794921875 13.733696937561035156
14.578876495361328125 14.702404022216796875 14.890370368957519531 14.983123779296875 14.963294029235839844 15.048251152038574219 15.252827644348144531 15.326233863830566406 15.20540618896484375 15.159271240234375 15.285670280456542969 15.369620323181152344 15.013213157653808594 14.459787368774414063 13.958009719848632813 13.807728767395019531 13.964425086975097656 14.083507537841796875 13.962752342224121094 13.788766860961914063 13.740496635437011719 13.777108192443847656 13.777613639831542969 13.721723556518554688 13.743018150329589844 13.879990577697753906 14.066440582275390625 14.238498687744140625 14.338750839233398438 14.276787757873535156 14.082108497619628906 13.885130882263183594 13.750237464904785156 13.691317558288574219 13.685194015502929688 13.67816925048828125 13.609459877014160156 13.554924964904785156 13.579502105712890625 13.552691459655761719
14.801905632019042969 14.867740631103515625 14.92858123779296875 14.963838577270507813 14.935878753662109375 14.918778419494628906 15.093131065368652344 15.177910804748535156 15.128853797912597656 15.102866172790527344 15.194004058837890625 15.071436882019042969 14.647119522094726563 14.193354606628417969 13.821984291076660156 13.805680274963378906 13.999041557312011719 14.06227874755859375 13.886388778686523438 13.7469940185546875 13.756997108459472656 13.816164016723632813 13.825101852416992188 13.816800117492675781 13.897485733032226563 14.062546730041503906 14.178622245788574219 14.166123390197753906 14.046418190002441406 13.901432991027832031 13.749659538269042969 13.576702117919921875 13.487668991088867188 13.515779495239257813 13.557604789733886719 13.591650962829589844 13.600457191467285156 13.563811302185058594 13.548857688903808594 13.503779411315917969
15.019293785095214844 15.085340499877929688 15.109251022338867188 15.127223968505859375 15.038689613342285156 15.016736984252929688 15.055588722229003906 15.064852714538574219 15.031045913696289063 14.948870658874511719 14.846606254577636719 14.609501838684082031 14.240141868591308594 13.898432731628417969 13.698464393615722656 13.796713829040527344 14.039422035217285156 14.105233192443847656 13.910322189331054688 13.75939178466796875 13.767345428466796875 13.828398704528808594 13.826497077941894531 13.791943550109863281 13.836047172546386719 13.914632797241210938 13.927947044372558594 13.857634544372558594 13.734145164489746094 13.56512451171875 13.433350563049316406 13.413486480712890625 13.466404914855957031 13.496071815490722656 13.531656265258789063 13.585550308227539063 13.495685577392578125 13.347131729125976563 13.341127395629882813 13.350752830505371094
15.250180244445800781 15.337306022644042969 15.317579269409179688 15.263981819152832031 15.06345367431640625 15.028657913208007813 15.045218467712402344 15.024291038513183594 14.93910980224609375 14.751636505126953125 14.491235733032226563 14.225606918334960938 13.955992698669433594 13.736817359924316406 13.70436859130859375 13.830687522888183594 14.062480926513671875 14.113289833068847656 13.923542976379394531 13.778843879699707031 13.777428627014160156 13.83007049560546875 13.840576171875 13.786740303039550781 13.768437385559082031 13.776011466979980469 13.695501327514648438 13.531915664672851563 13.37883758544921875 13.310242652893066406 13.3224334716796875 13.321080207824707031 13.375229835510253906 13.475149154663085938 13.502628326416015625 13.422063827514648438 13.274409294128417969 13.202097892761230469 13.216886520385742188 13.216030120849609375
15.352543830871582031 15.409778594970703125 15.403166770935058594 15.22957611083984375 15.056212425231933594 15.029923439025878906 15.032618522644042969 14.944169044494628906 14.758130073547363281 14.469510078430175781 14.206216812133789063 14.044446945190429688 13.840008735656738281 13.669454574584960938 13.675991058349609375 13.784940719604492188 14.062524795532226563 14.136870384216308594 13.950642585754394531 13.810045242309570313 13.794818878173828125 13.851391792297363281 13.843815803527832031 13.791258811950683594 13.72777557373046875 13.631970405578613281 13.435442924499511719 13.236612319946289063 13.152446746826171875 13.175595283508300781 13.124400138854980469 13.062166213989257813 13.101546287536621094 13.162552833557128906 13.229303359985351563 13.326241493225097656 13.415785789489746094 13.499616622924804688 13.578240394592285156 13.625155448913574219
15.233366966247558594 15.318111419677734375 15.198462486267089844 15.069095611572265625 15.022144317626953125 15.050631523132324219 15.014678001403808594 14.88121795654296875 14.633913040161132813 14.317240715026855469 14.074093818664550781 13.981852531433105469 13.776226043701171875 13.619225502014160156 13.613858222961425781 13.720743179321289063 14.067221641540527344 14.144098281860351563 13.965822219848632813 13.836381912231445313 13.792661666870117188 13.7724456787109375 13.767503738403320313 13.730336189270019531 13.602319717407226563 13.383605003356933594 13.099214553833007813 12.923793792724609375 12.938777923583984375 12.907835960388183594 12.824949264526367188 12.812231063842773438 12.815180778503417969 12.831797599792480469 12.881312370300292969 12.995339393615722656 13.160153388977050781 13.355013847351074219 13.594769477844238281 13.807285308837890625
15.158899307250976563 15.240727424621582031 15.196658134460449219 15.105563163757324219 14.994894981384277344 14.999530792236328125 14.957635879516601563 14.786905288696289063 14.475468635559082031 14.149312019348144531 13.970892906188964844 13.808109283447265625 13.661787033081054688 13.516659736633300781 13.533398628234863281 13.696659088134765625 14.144845962524414063 14.209169387817382813 13.938179969787597656 13.832459449768066406 13.838171958923339844 13.704382896423339844 13.614563941955566406 13.54962921142578125 13.374840736389160156 13.095331192016601563 12.86751556396484375 12.829410552978515625 12.836015701293945313 12.805756568908691406 12.801251411437988281 12.82763671875 12.861360549926757813 12.901837348937988281 12.917638778686523438 12.892163276672363281 12.86403656005859375 12.885707855224609375 12.992828369140625 13.159121513366699219
14.959369659423828125 15.125618934631347656 15.15384674072265625 15.013321876525878906 14.9366455078125 14.976399421691894531 14.890156745910644531 14.659478187561035156 14.289391517639160156 14.012798309326171875 13.833531379699707031 13.605238914489746094 13.614954948425292969 13.455830574035644531 13.482640266418457031 13.683437347412109375 14.079350471496582031 14.228001594543457031 13.950923919677734375 13.712018013000488281 13.757375717163085938 13.758675575256347656 13.598811149597167969 13.408040046691894531 13.18836212158203125 12.948543548583984375 12.800845146179199219 12.763528823852539063 12.755525588989257813 12.754322052001953125 12.778167724609375 12.811057090759277344 12.851175308227539063 12.92095184326171875 13.020351409912109375 13.062755584716796875 13.047624588012695313 13.013502120971679688 12.966450691223144531 12.937281608581542969
