MapLinkProApp/griddata/temperature/ASCII/cmems_mod_glo_phy-thetao_anfc_0,083deg_P1D-m_1702458667101_1684,3.asc
ncols        121
nrows        120
xllcorner    -30.041666666667
yllcorner    40.041666655981
cellsize     0.083333333333
NODATA_value  9.9692099683868690468e+36
[rows 54 to 71 of 120, columns 40 to 79 of 121]
3.81288909912109375 3.8153889179229736328 3.8173029422760009766 3.809764862060546875 3.7951951026916503906 3.7780618667602539063 3.7420954704284667969 3.7073245048522949219 3.6674301624298095703 3.6327817440032958984 3.6037337779998779297 3.6097257137298583984 3.6800758838653564453 3.7597038745880126953 3.8236672878265380859 3.8378679752349853516 3.7898406982421875 3.7746558189392089844 3.8423902988433837891 3.9003543853759765625 3.9268033504486083984 3.9677021503448486328 4.0159907341003417969 4.0412931442260742188 4.0161871910095214844 4.0157227516174316406 4.0112581253051757813 3.9778411388397216797 3.9433431625366210938 3.9233305454254150391 3.9472832679748535156 3.9518620967864990234 3.9421336650848388672 3.9058477878570556641 3.8868916034698486328 3.8901348114013671875 3.8875913619995117188 3.8843271732330322266 3.8759052753448486328 3.8501088619232177734
3.9046399593353271484 3.9045517444610595703 3.8696188926696777344 3.8311414718627929688 3.7798647880554199219 3.7397224903106689453 3.7262434959411621094 3.7222626209259033203 3.7090418338775634766 3.6674141883850097656 3.6447303295135498047 3.6757256984710693359 3.7173876762390136719 3.7710430622100830078 3.8576834201812744141 3.9012129306793212891 3.8384759426116943359 3.772060394287109375 3.7910823822021484375 3.8262021541595458984 3.8617517948150634766 3.91426849365234375 3.9382226467132568359 4.001922607421875 3.9749429225921630859 4.0154347419738769531 4.0330677032470703125 4.003993988037109375 4.0066561698913574219 3.9913270473480224609 3.9910264015197753906 3.9960227012634277344 4.0008611679077148438 3.9380357265472412109 3.9042172431945800781 3.8917679786682128906 3.8877928256988525391 3.8563227653503417969 3.8532824516296386719 3.8368465900421142578
3.9768171310424804688 3.9701981544494628906 3.9011142253875732422 3.8118824958801269531 3.7600851058959960938 3.7350389957427978516 3.7271082401275634766 3.7102856636047363281 3.6968178749084472656 3.6786909103393554688 3.6744816303253173828 3.6782066822052001953 3.6857733726501464844 3.7220416069030761719 3.7658839225769042969 3.7995979785919189453 3.7755548954010009766 3.7505574226379394531 3.7518098354339599609 3.7630121707916259766 3.8250913619995117188 3.8768901824951171875 3.8993737697601318359 3.9318988323211669922 3.9078714847564697266 3.94373321533203125 4.0095167160034179688 4.0352964401245117188 4.0305919647216796875 4.030887603759765625 4.0333228111267089844 4.0052456855773925781 4.0085835456848144531 3.9819850921630859375 3.9305860996246337891 3.9158966541290283203 3.8950827121734619141 3.8661761283874511719 3.8648226261138916016 3.8774449825286865234
3.9062693119049072266 3.8638765811920166016 3.8298587799072265625 3.7925705909729003906 3.7609109878540039063 3.7298047542572021484 3.7116200923919677734 3.7011830806732177734 3.6986336708068847656 3.6837632656097412109 3.6622774600982666016 3.6522219181060791016 3.6555798053741455078 3.6915364265441894531 3.7376003265380859375 3.7462489604949951172 3.7311611175537109375 3.7251806259155273438 3.7554879188537597656 3.8023655414581298828 3.8310656547546386719 3.8430795669555664063 3.8094427585601806641 3.7558629512786865234 3.7852318286895751953 3.8041052818298339844 3.8578023910522460938 3.9272000789642333984 3.9412961006164550781 4.0591249465942382813 4.0804004669189453125 4.0876536369323730469 4.0575695037841796875 3.9885013103485107422 3.9527330398559570313 3.9072375297546386719 3.8947691917419433594 3.8774991035461425781 3.8317275047302246094 3.8761227130889892578
3.8487374782562255859 3.8177213668823242188 3.7804691791534423828 3.7330846786499023438 3.6597747802734375 3.6142735481262207031 3.6062803268432617188 3.6229619979858398438 3.6508846282958984375 3.6867735385894775391 3.7185611724853515625 3.7316160202026367188 3.7383341789245605469 3.765491485595703125 3.7957224845886230469 3.8021450042724609375 3.8033618927001953125 3.8112442493438720703 3.8608155250549316406 3.8979086875915527344 3.9025754928588867188 3.8716123104095458984 3.7967169284820556641 3.7193131446838378906 3.7291910648345947266 3.7611651420593261719 3.8601334095001220703 3.8761191368103027344 3.8237097263336181641 3.9407322406768798828 4.0673718452453613281 4.1465020179748535156 4.1400976181030273438 4.0616612434387207031 4.0003390312194824219 3.9605615139007568359 3.9209470748901367188 3.8447468280792236328 3.8165867328643798828 3.8792555332183837891
3.7763307094573974609 3.7270956039428710938 3.6575548648834228516 3.5694367885589599609 3.5015728473663330078 3.4894444942474365234 3.5165929794311523438 3.5559897422790527344 3.6151232719421386719 3.6914491653442382813 3.7419540882110595703 3.7523834705352783203 3.7616605758666992188 3.7704222202301025391 3.7676250934600830078 3.8024904727935791016 3.8548583984375 3.8752796649932861328 3.9303185939788818359 3.9864673614501953125 4.0218634605407714844 3.9725477695465087891 3.8508479595184326172 3.7558801174163818359 3.7469964027404785156 3.7638902664184570313 3.8411102294921875 3.8434460163116455078 3.84288787841796875 3.8886139392852783203 4.0026826858520507813 4.1559352874755859375 4.1976294517517089844 4.1413660049438476563 4.0733332633972167969 3.9995489120483398438 3.9624686241149902344 3.9016501903533935547 3.8690476417541503906 3.8862550258636474609
3.7006483078002929688 3.6220548152923583984 3.5368163585662841797 3.4649074077606201172 3.4447209835052490234 3.4600980281829833984 3.489887237548828125 3.544940948486328125 3.6052415370941162109 3.6707479953765869141 3.7329623699188232422 3.7474951744079589844 3.7591059207916259766 3.8013963699340820313 3.8157403469085693359 3.7726194858551025391 3.7063412666320800781 3.725498199462890625 3.8520824909210205078 3.9898107051849365234 4.0935988426208496094 4.0721330642700195313 3.9261844158172607422 3.7670135498046875 3.7682423591613769531 3.8626387119293212891 3.8967716693878173828 3.8970508575439453125 3.928722381591796875 3.9416763782501220703 3.9904391765594482422 4.0974326133728027344 4.2296605110168457031 4.201168060302734375 4.13274383544921875 4.0564265251159667969 4.0077085494995117188 3.9272952079772949219 3.8981091976165771484 3.9341478347778320313
3.6367080211639404297 3.5666422843933105469 3.5189771652221679688 3.4908518791198730469 3.4994444847106933594 3.5348007678985595703 3.5794899463653564453 3.6216852664947509766 3.6679959297180175781 3.7224795818328857422 3.7587926387786865234 3.7525377273559570313 3.768955230712890625 3.8011662960052490234 3.7247281074523925781 3.5871348381042480469 3.5550568103790283203 3.6422014236450195313 3.7897150516510009766 3.9582159519195556641 4.0704288482666015625 4.0662455558776855469 3.9053695201873779297 3.7456104755401611328 3.8257048130035400391 3.9539282321929931641 3.9811944961547851563 3.9462339878082275391 3.9590055942535400391 3.9470653533935546875 3.9748694896697998047 4.0086660385131835938 4.1648588180541992188 4.2125906944274902344 4.182308197021484375 4.0921092033386230469 4.065410614013671875 4.0538396835327148438 4.0081329345703125 4.02075958251953125
3.6928765773773193359 3.6731348037719726563 3.6511037349700927734 3.6478731632232666016 3.6532104015350341797 3.6711375713348388672 3.6940140724182128906 3.7122490406036376953 3.7368340492248535156 3.7565138339996337891 3.7733418941497802734 3.7668313980102539063 3.7294659614562988281 3.6768169403076171875 3.6222732067108154297 3.624988555908203125 3.6748812198638916016 3.6831955909729003906 3.720928192138671875 3.8520987033843994141 3.9551825523376464844 3.9418749809265136719 3.8219625949859619141 3.7577991485595703125 3.8002266883850097656 3.8988513946533203125 3.9858071804046630859 3.9417645931243896484 3.9413640499114990234 3.9448730945587158203 3.9640223979949951172 3.9504640102386474609 4.0212450027465820313 4.0787892341613769531 4.1279225349426269531 4.0691823959350585938 4.0107197761535644531 3.9935944080352783203 3.9888372421264648438 3.9656710624694824219
3.7794613838195800781 3.7474908828735351563 3.7297084331512451172 3.7189016342163085938 3.7272868156433105469 3.7463459968566894531 3.7694196701049804688 3.7971062660217285156 3.8141498565673828125 3.8325607776641845703 3.8208818435668945313 3.8129498958587646484 3.7926895618438720703 3.7259161472320556641 3.6733798980712890625 3.6732697486877441406 3.6917195320129394531 3.6760976314544677734 3.670166015625 3.7559282779693603516 3.8513317108154296875 3.8253064155578613281 3.7365272045135498047 3.7148382663726806641 3.7226157188415527344 3.8219494819641113281 3.9536423683166503906 3.9039902687072753906 3.9306282997131347656 3.9450166225433349609 3.93061065673828125 3.9092397689819335938 3.9069278240203857422 3.9667909145355224609 3.951435089111328125 3.9528734683990478516 3.9684460163116455078 3.9944429397583007813 3.9816174507141113281 3.9590146541595458984
3.7991061210632324219 3.7775363922119140625 3.7987277507781982422 3.8078181743621826172 3.8024537563323974609 3.7924878597259521484 3.78598785400390625 3.7885336875915527344 3.8072736263275146484 3.85398101806640625 3.8430731296539306641 3.8377442359924316406 3.823207855224609375 3.7734084129333496094 3.7377576828002929688 3.7107965946197509766 3.6663572788238525391 3.6024296283721923828 3.6192049980163574219 3.7040350437164306641 3.7789964675903320313 3.7898230552673339844 3.7615888118743896484 3.7399723529815673828 3.7370800971984863281 3.7973575592041015625 3.8967113494873046875 3.8668789863586425781 3.9212925434112548828 3.9581689834594726563 3.8126194477081298828 3.8249454498291015625 3.7299330234527587891 3.6908476352691650391 3.7323656082153320313 3.8167159557342529297 3.8867399692535400391 3.9527189731597900391 3.9856004714965820313 3.9602711200714111328
3.8528947830200195313 3.8591573238372802734 3.8483452796936035156 3.8186228275299072266 3.790271759033203125 3.7871150970458984375 3.7852654457092285156 3.7882268428802490234 3.8306574821472167969 3.8902647495269775391 3.8955099582672119141 3.8825485706329345703 3.849452972412109375 3.7951581478118896484 3.7797150611877441406 3.7864527702331542969 3.7483503818511962891 9.9692099683868690468e+36 3.6560771465301513672 3.6944131851196289063 3.7417368888854980469 3.7645602226257324219 3.754543304443359375 3.7386667728424072266 3.7765238285064697266 3.8271915912628173828 3.8766989707946777344 3.8643770217895507813 3.8128783702850341797 3.7649457454681396484 3.7136905193328857422 3.6733992099761962891 3.6227631568908691406 3.6075899600982666016 3.62378692626953125 3.7594881057739257813 3.8713665008544921875 3.974834442138671875 4.0249810218811035156 3.94985198974609375
3.850162506103515625 3.8608503341674804688 3.8658812046051025391 3.8062627315521240234 3.7768433094024658203 3.7655546665191650391 3.7473676204681396484 3.7856421470642089844 3.8928554058074951172 3.9524469375610351563 3.9427814483642578125 3.9128208160400390625 3.8699319362640380859 3.8260436058044433594 3.8111360073089599609 3.7917599678039550781 3.72735595703125 3.6774384975433349609 3.6893706321716308594 3.7217354774475097656 3.75714111328125 3.7837390899658203125 3.7594702243804931641 3.7422404289245605469 3.8190903663635253906 3.8349823951721191406 3.7739555835723876953 3.7801320552825927734 3.7640259265899658203 3.7062613964080810547 3.6468870639801025391 3.673069000244140625 3.6274569034576416016 3.5916326045989990234 3.6200461387634277344 3.6699054241180419922 3.7381737232208251953 3.8631551265716552734 3.9496171474456787109 4.0021085739135742188
3.8644587993621826172 3.8733689785003662109 3.8618235588073730469 3.8425226211547851563 3.7810633182525634766 3.7356474399566650391 3.7643837928771972656 3.8713054656982421875 3.9714303016662597656 3.9862926006317138672 3.9390890598297119141 3.8801515102386474609 3.8495967388153076172 3.8417227268218994141 3.8110284805297851563 3.7322268486022949219 3.6717026233673095703 3.6759686470031738281 3.6830232143402099609 3.6866488456726074219 3.7253103256225585938 3.750354766845703125 3.6899864673614501953 3.7207803726196289063 3.8150250911712646484 3.7601885795593261719 3.6742224693298339844 3.7003858089447021484 3.7249171733856201172 3.7581806182861328125 3.7180700302124023438 3.7281851768493652344 3.65850830078125 3.5872523784637451172 3.5863611698150634766 3.5522999763488769531 3.5589783191680908203 3.6660630702972412109 3.8379561901092529297 3.9313066005706787109
3.8074903488159179688 3.824649810791015625 3.8193697929382324219 3.8482024669647216797 3.794956207275390625 3.7511675357818603516 3.798336029052734375 3.8655645847320556641 3.913852691650390625 3.9272418022155761719 3.9088695049285888672 3.9074640274047851563 3.8935384750366210938 3.8541216850280761719 3.8150420188903808594 3.7321679592132568359 3.657257080078125 3.6876511573791503906 3.7530219554901123047 3.7702703475952148438 3.7473189830780029297 3.7163016796112060547 3.6911876201629638672 3.7490229606628417969 3.8135728836059570313 3.7463202476501464844 3.7518429756164550781 3.7440435886383056641 3.7289586067199707031 3.8142907619476318359 3.7940747737884521484 3.8153474330902099609 3.8402237892150878906 3.7819654941558837891 3.6434543132781982422 3.5844547748565673828 3.5808231830596923828 3.6066405773162841797 3.7158212661743164063 3.8885650634765625
3.7807106971740722656 3.8244342803955078125 3.8403697013854980469 3.8346281051635742188 3.7854323387145996094 3.7745966911315917969 3.8082628250122070313 3.8138267993927001953 3.8287553787231445313 3.8569331169128417969 3.89754486083984375 3.9568829536437988281 3.9644474983215332031 3.9134802818298339844 3.8527951240539550781 3.7612128257751464844 3.6550781726837158203 3.6351244449615478516 3.7075545787811279297 3.7849659919738769531 3.8136248588562011719 3.7809960842132568359 3.7543168067932128906 3.7967090606689453125 3.8994271755218505859 3.9031512737274169922 3.91236114501953125 3.9045722484588623047 3.8785793781280517578 3.8373486995697021484 3.8117787837982177734 3.8194072246551513672 3.9037954807281494141 3.8566884994506835938 3.6523084640502929688 3.5955092906951904297 3.6434168815612792969 3.6736011505126953125 3.6935889720916748047 3.8067820072174072266
3.8793072700500488281 3.8422379493713378906 3.8673369884490966797 3.8808710575103759766 3.8394227027893066406 3.7757043838500976563 3.8055717945098876953 3.8348832130432128906 3.8476908206939697266 3.8695569038391113281 3.9304947853088378906 4.0105624198913574219 4.0400972366333007813 4.0235157012939453125 3.9400279521942138672 3.8046896457672119141 3.7182147502899169922 3.71672821044921875 3.7647733688354492188 3.8162751197814941406 3.827938079833984375 3.7986664772033691406 3.7768073081970214844 3.8072354793548583984 3.9241271018981933594 3.9652838706970214844 3.9750247001647949219 3.9721810817718505859 3.9687836170196533203 3.9545874595642089844 3.8480916023254394531 3.8756949901580810547 3.8786647319793701172 3.7719686031341552734 3.5692648887634277344 3.5753295421600341797 3.6372137069702148438 3.6659753322601318359 3.6882786750793457031 3.7329027652740478516
4.0460824966430664063 3.9523966312408447266 3.8940410614013671875 3.8683407306671142578 3.8351774215698242188 3.8058304786682128906 3.8098964691162109375 3.8236565589904785156 3.8833539485931396484 3.9075219631195068359 3.9129199981689453125 3.9760873317718505859 4.0576291084289550781 4.0587329864501953125 3.9728548526763916016 3.8450598716735839844 3.7916939258575439453 3.82059478759765625 3.8059003353118896484 3.7747542858123779297 3.7635393142700195313 3.754871368408203125 3.7875447273254394531 3.8455445766448974609 3.9577696323394775391 4.0083208084106445313 3.9568927288055419922 3.912380218505859375 3.9087364673614501953 3.8513228893280029297 3.8426029682159423828 3.8394443988800048828 3.8306646347045898438 3.7408978939056396484 3.5452797412872314453 3.5757029056549072266 3.5761256217956542969 3.6291549205780029297 3.665111541748046875 3.6551418304443359375
