MapLinkProApp/griddata/temperature/ASCII/cmems_mod_glo_phy-thetao_anfc_0,083deg_P1D-m_1702458667101_2533,3.asc
ncols        121
nrows        120
xllcorner    -30.041666666667
yllcorner    40.041666655981
cellsize     0.083333333333
NODATA_value  9.9692099683868690468e+36
[rows 18 to 35 of 120, columns 78 to 116 of 121]
2.9123854637145996094 2.9235060214996337891 2.9311232566833496094 2.9450795650482177734 2.9545609951019287109 2.9633345603942871094 2.9706962108612060547 2.9904625415802001953 3.0082395076751708984 3.0120539665222167969 3.0207014083862304688 3.0144062042236328125 3.0092213153839111328 3.0262305736541748047 3.0450155735015869141 3.0571157932281494141 3.0595722198486328125 3.0526185035705566406 3.0422060489654541016 3.0327179431915283203 3.0289478302001953125 3.0239582061767578125 3.0182311534881591797 3.0132188796997070313 3.0037243366241455078 2.9931917190551757813 2.9848811626434326172 2.9907066822052001953 3.0135703086853027344 3.0320122241973876953 3.0449001789093017578 3.0580859184265136719 3.0747094154357910156 3.0881397724151611328 3.0863165855407714844 3.0647299289703369141 3.0277302265167236328 2.9961299896240234375 2.9726796150207519531
2.9054579734802246094 2.9104137420654296875 2.9313538074493408203 2.9607691764831542969 2.9854207038879394531 2.9993495941162109375 3.0037119388580322266 3.0138561725616455078 3.0285215377807617188 3.0427517890930175781 3.0613057613372802734 3.0657582283020019531 3.0618281364440917969 3.0758545398712158203 3.0841684341430664063 3.0836308002471923828 3.0865867137908935547 3.0874154567718505859 3.0805149078369140625 3.0687265396118164063 3.0558900833129882813 3.0445315837860107422 3.03974151611328125 3.0359776020050048828 3.0241832733154296875 3.0124261379241943359 3.01044464111328125 3.0229508876800537109 3.0409963130950927734 3.0509629249572753906 3.0591051578521728516 3.0689580440521240234 3.0774149894714355469 3.0730302333831787109 3.0451767444610595703 3.0021293163299560547 2.9601449966430664063 2.933956146240234375 2.9220743179321289063
2.9050114154815673828 2.9252154827117919922 2.9625024795532226563 2.99665069580078125 3.01331329345703125 3.02252960205078125 3.0213780403137207031 3.0238077640533447266 3.0430064201354980469 3.0657513141632080078 3.0830545425415039063 3.0840260982513427734 3.0895383358001708984 3.1111178398132324219 3.1133208274841308594 3.1052694320678710938 3.1120953559875488281 3.1190168857574462891 3.1177821159362792969 3.1011500358581542969 3.0829379558563232422 3.0728087425231933594 3.0669810771942138672 3.0586886405944824219 3.0507881641387939453 3.0441572666168212891 3.0461950302124023438 3.0560686588287353516 3.0655438899993896484 3.06829071044921875 3.0690464973449707031 3.0732409954071044922 3.0634071826934814453 3.0322384834289550781 2.9813497066497802734 2.9290540218353271484 2.8940761089324951172 2.8803331851959228516 2.8808672428131103516
2.9284155368804931641 2.9583120346069335938 2.9919686317443847656 3.0064938068389892578 3.0179395675659179688 3.0317354202270507813 3.0342695713043212891 3.0355405807495117188 3.0516340732574462891 3.0710456371307373047 3.0810093879699707031 3.0875856876373291016 3.1134297847747802734 3.1333422660827636719 3.1327986717224121094 3.1318371295928955078 3.1418168544769287109 3.1438708305358886719 3.1298062801361083984 3.1085867881774902344 3.0962975025177001953 3.0904335975646972656 3.0846657752990722656 3.0744333267211914063 3.0628619194030761719 3.0603263378143310547 3.0657198429107666016 3.0721497535705566406 3.0723531246185302734 3.0676491260528564453 3.0675950050354003906 3.0670139789581298828 3.0438244342803955078 2.9929053783416748047 2.9304406642913818359 2.8763830661773681641 2.8470711708068847656 2.8414433002471923828 2.853061676025390625
2.9685060977935791016 2.9951448440551757813 3.0152661800384521484 3.0173282623291015625 3.0268316268920898438 3.0490868091583251953 3.0484821796417236328 3.0420947074890136719 3.0536158084869384766 3.0744454860687255859 3.0953955650329589844 3.1199436187744140625 3.1486732959747314453 3.1584644317626953125 3.1543521881103515625 3.1589589118957519531 3.1471836566925048828 3.1264564990997314453 3.1068933010101318359 3.095447540283203125 3.0910978317260742188 3.0899789333343505859 3.0785455703735351563 3.0660080909729003906 3.0735764503479003906 3.0825948715209960938 3.0842654705047607422 3.0789058208465576172 3.0699479579925537109 3.0663549900054931641 3.0674643516540527344 3.0564484596252441406 3.0222563743591308594 2.9685564041137695313 2.9059019088745117188 2.8538691997528076172 2.8259973526000976563 2.8250775337219238281 2.8385939598083496094
2.9977772235870361328 3.0170056819915771484 3.0295076370239257813 3.0308413505554199219 3.0469059944152832031 3.0681827068328857422 3.0629563331604003906 3.0509636402130126953 3.0728428363800048828 3.1020262241363525391 3.1321337223052978516 3.1534624099731445313 3.1611201763153076172 3.1525964736938476563 3.1486217975616455078 3.1399395465850830078 3.1176519393920898438 3.0937824249267578125 3.0769019126892089844 3.0713083744049072266 3.0745229721069335938 3.0692322254180908203 3.0564877986907958984 3.0645925998687744141 3.0822355747222900391 3.0931594371795654297 3.0853922367095947266 3.0722014904022216797 3.0624535083770751953 3.0596251487731933594 3.0563776493072509766 3.0392389297485351563 3.0024218559265136719 2.950359344482421875 2.8938541412353515625 2.8476352691650390625 2.8246202468872070313 2.8175914287567138672 2.8303368091583251953
3.0219495296478271484 3.0355062484741210938 3.0443415641784667969 3.0552048683166503906 3.0723419189453125 3.0819272994995117188 3.0763602256774902344 3.0721073150634765625 3.1031384468078613281 3.1288979053497314453 3.1335697174072265625 3.1301968097686767578 3.1172435283660888672 3.1119451522827148438 3.1121268272399902344 3.0974595546722412109 3.0760567188262939453 3.0576884746551513672 3.0483393669128417969 3.0486624240875244141 3.05474853515625 3.0587980747222900391 3.0675714015960693359 3.0784997940063476563 3.0772507190704345703 3.0702118873596191406 3.0606300830841064453 3.0513236522674560547 3.0505480766296386719 3.0521404743194580078 3.0457906723022460938 3.0261681079864501953 2.9911432266235351563 2.9458193778991699219 2.8987514972686767578 2.8584728240966796875 2.837932586669921875 2.8316788673400878906 2.8377695083618164063
3.0152142047882080078 3.0239725112915039063 3.0365672111511230469 3.0570175647735595703 3.0749154090881347656 3.0832614898681640625 3.0802402496337890625 3.0729217529296875 3.093593597412109375 3.1128659248352050781 3.1053509712219238281 3.0897185802459716797 3.0780453681945800781 3.0691914558410644531 3.0790920257568359375 3.0753033161163330078 3.0717287063598632813 3.0665414333343505859 3.0604376792907714844 3.0602076053619384766 3.0647597312927246094 3.0679965019226074219 3.0674576759338378906 3.0657892227172851563 3.0524566173553466797 3.0350699424743652344 3.0237088203430175781 3.0146236419677734375 3.0167005062103271484 3.02460479736328125 3.0241024494171142578 3.0063462257385253906 2.9768619537353515625 2.9454483985900878906 2.9138460159301757813 2.8867030143737792969 2.8700573444366455078 2.8584363460540771484 2.8616125583648681641
3.0028660297393798828 3.0071668624877929688 3.0263292789459228516 3.0533223152160644531 3.0741832256317138672 3.0815846920013427734 3.0749905109405517578 3.0601754188537597656 3.0663876533508300781 3.0744624137878417969 3.0624630451202392578 3.0486748218536376953 3.0498342514038085938 3.0562486648559570313 3.0703299045562744141 3.0721178054809570313 3.0663549900054931641 3.0538892745971679688 3.0325098037719726563 3.01769256591796875 3.018894195556640625 3.0248270034790039063 3.0375766754150390625 3.0427882671356201172 3.0308904647827148438 3.0125164985656738281 2.9978013038635253906 2.9851374626159667969 2.9783239364624023438 2.9773774147033691406 2.9800162315368652344 2.9781749248504638672 2.9654114246368408203 2.9467976093292236328 2.9257028102874755859 2.9098467826843261719 2.9002439975738525391 2.8855528831481933594 2.8895585536956787109
2.9910700321197509766 3.0035212039947509766 3.0258145332336425781 3.054119110107421875 3.0760960578918457031 3.0761401653289794922 3.0587995052337646484 3.0415248870849609375 3.04257965087890625 3.0375783443450927734 3.021942138671875 3.0184330940246582031 3.0431880950927734375 3.0638630390167236328 3.0571844577789306641 3.0377564430236816406 3.0093073844909667969 2.9766514301300048828 2.9461779594421386719 2.9315366744995117188 2.9311122894287109375 2.9326822757720947266 2.9493248462677001953 2.971103668212890625 2.9892375469207763672 2.9958493709564208984 2.9973459243774414063 2.9952476024627685547 2.9885084629058837891 2.9809885025024414063 2.975528717041015625 2.9731214046478271484 2.9660484790802001953 2.9539251327514648438 2.9422359466552734375 2.9338796138763427734 2.9242084026336669922 2.9137012958526611328 2.9179723262786865234
2.9771137237548828125 2.9964787960052490234 3.0221586227416992188 3.0467696189880371094 3.0684375762939453125 3.0692243576049804688 3.0417301654815673828 3.0225706100463867188 3.0256245136260986328 3.02754974365234375 3.0169923305511474609 3.0140137672424316406 3.0473394393920898438 3.0588011741638183594 3.0330748558044433594 2.9977319240570068359 2.9792349338531494141 2.9540359973907470703 2.9321734905242919922 2.9141538143157958984 2.9177732467651367188 2.9170548915863037109 2.9109022617340087891 2.9163928031921386719 2.9273750782012939453 2.9390749931335449219 2.9574306011199951172 2.9740450382232666016 2.9785521030426025391 2.9737536907196044922 2.9749205112457275391 2.9834949970245361328 2.9766290187835693359 2.9658033847808837891 2.9631249904632568359 2.9545862674713134766 2.94362640380859375 2.9449555873870849609 2.9463613033294677734
2.9654910564422607422 2.9862494468688964844 3.0070507526397705078 3.0246560573577880859 3.042942047119140625 3.0434474945068359375 3.0180141925811767578 2.9974238872528076172 2.997188568115234375 3.0078525543212890625 3.0110225677490234375 3.0082764625549316406 3.0217642784118652344 3.039337158203125 3.0400488376617431641 3.0179667472839355469 2.9970064163208007813 2.9740619659423828125 2.9597060680389404297 2.9436464309692382813 2.9419786930084228516 2.9487774372100830078 2.9409365653991699219 2.9337778091430664063 2.930755615234375 2.9225413799285888672 2.9275181293487548828 2.9287981986999511719 2.9347147941589355469 2.9440524578094482422 2.9581515789031982422 2.97403717041015625 2.9774019718170166016 2.9747309684753417969 2.9759354591369628906 2.9666047096252441406 2.9528477191925048828 2.9483804702758789063 2.9431719779968261719
2.9559311866760253906 2.9731206893920898438 2.9869844913482666016 2.9989752769470214844 3.0133152008056640625 3.0198454856872558594 3.0035855770111083984 2.9858860969543457031 2.9824349880218505859 2.9863774776458740234 3.0016396045684814453 3.0048086643218994141 3.0058155059814453125 3.0117254257202148438 3.0129904747009277344 3.0049295425415039063 2.9997124671936035156 2.9782249927520751953 2.9670269489288330078 2.9594213962554931641 2.9607322216033935547 2.9715638160705566406 2.9745984077453613281 2.9586958885192871094 2.9520702362060546875 2.9344623088836669922 2.9260380268096923828 2.93706512451171875 2.9483158588409423828 2.9660258293151855469 2.9703702926635742188 2.96729278564453125 2.9764606952667236328 2.9845674037933349609 2.9812178611755371094 2.9667837619781494141 2.94970703125 2.9367706775665283203 2.9284174442291259766
2.9534270763397216797 2.9610044956207275391 2.9662718772888183594 2.9684960842132568359 2.9777507781982421875 2.9908382892608642578 2.9936997890472412109 2.9847574234008789063 2.9777653217315673828 2.9826016426086425781 2.9938912391662597656 3.0026354789733886719 3.0038430690765380859 3.0052237510681152344 3.0017657279968261719 2.9955885410308837891 2.9916303157806396484 2.984310150146484375 2.9809105396270751953 2.9706196784973144531 2.9674522876739501953 2.9756233692169189453 2.9829766750335693359 2.9624543190002441406 2.9382636547088623047 2.9252009391784667969 2.9163637161254882813 2.9299495220184326172 2.9448256492614746094 2.9597187042236328125 2.9749481678009033203 2.97438812255859375 2.9803516864776611328 2.9899663925170898438 2.9887559413909912109 2.9764664173126220703 2.9596550464630126953 2.9434914588928222656 2.9305205345153808594
2.9368677139282226563 2.9406108856201171875 2.9451534748077392578 2.9425332546234130859 2.9435482025146484375 2.9516303539276123047 2.9599170684814453125 2.9640781879425048828 2.9650692939758300781 2.9681951999664306641 2.9817841053009033203 3.0001926422119140625 3.0116810798645019531 3.0073707103729248047 3.0083134174346923828 3.0107967853546142578 3.0159399509429931641 3.0067231655120849609 2.9978604316711425781 2.986164093017578125 2.9861500263214111328 2.9845192432403564453 2.9643583297729492188 2.9269328117370605469 2.8972706794738769531 2.9005308151245117188 2.9086060523986816406 2.9216768741607666016 2.9365177154541015625 2.9449074268341064453 2.9594979286193847656 2.9821438789367675781 3.0047276020050048828 3.0220584869384765625 3.0266768932342529297 3.0140995979309082031 2.9937844276428222656 2.9713122844696044922 2.9513635635375976563
2.9219863414764404297 2.9097056388854980469 2.9090268611907958984 2.9129149913787841797 2.9209773540496826172 2.9337639808654785156 2.9449472427368164063 2.9540121555328369141 2.9614953994750976563 2.9679706096649169922 2.9849245548248291016 3.0088477134704589844 3.0245368480682373047 3.0208806991577148438 3.0191614627838134766 3.0164332389831542969 3.0166218280792236328 3.0102677345275878906 3.0072045326232910156 3.0054197311401367188 2.9888045787811279297 2.9587991237640380859 2.9247002601623535156 2.8932793140411376953 2.8768503665924072266 2.8850376605987548828 2.8967924118041992188 2.9039044380187988281 2.9129998683929443359 2.9168221950531005859 2.9410979747772216797 2.9695875644683837891 3.0021173954010009766 3.0336122512817382813 3.0536026954650878906 3.0527684688568115234 3.0364146232604980469 3.0100729465484619141 2.9862604141235351563
2.9139122962951660156 2.8937757015228271484 2.8820486068725585938 2.8742911815643310547 2.8733656406402587891 2.8846104145050048828 2.9027652740478515625 2.9219651222229003906 2.9372878074645996094 2.9470813274383544922 2.966121673583984375 2.9964656829833984375 3.0114307403564453125 3.0123574733734130859 3.0098559856414794922 3.0118551254272460938 3.0198795795440673828 3.0264377593994140625 3.0194268226623535156 2.9992339611053466797 2.9721977710723876953 2.9431998729705810547 2.9183185100555419922 2.8913645744323730469 2.8842871189117431641 2.8862493038177490234 2.8728611469268798828 2.8706526756286621094 2.8794152736663818359 2.8856174945831298828 2.9101686477661132813 2.9362103939056396484 2.9743094444274902344 3.0130288600921630859 3.0405938625335693359 3.0530619621276855469 3.0523874759674072266 3.0383360385894775391 3.0213096141815185547
2.9102537631988525391 2.8861594200134277344 2.8711957931518554688 2.8624510765075683594 2.8589646816253662109 2.8703703880310058594 2.8912234306335449219 2.9132201671600341797 2.9320039749145507813 2.9408476352691650391 2.9568955898284912109 2.9787106513977050781 2.9912073612213134766 2.9959535598754882813 2.9962029457092285156 3.0015125274658203125 3.0073587894439697266 3.0064847469329833984 2.9905762672424316406 2.9715032577514648438 2.9435846805572509766 2.9296543598175048828 2.922084808349609375 2.9100115299224853516 2.8983561992645263672 2.8809745311737060547 2.8595654964447021484 2.8570773601531982422 2.856731414794921875 2.8604767322540283203 2.8754820823669433594 2.8973546028137207031 2.9260959625244140625 2.9523084163665771484 2.9770822525024414063 3.0036871433258056641 3.0227875709533691406 3.0309274196624755859 3.0314462184906005859
