MapLinkProApp/griddata/temperature/ASCII/cmems_mod_glo_phy-thetao_anfc_0,083deg_P1D-m_1702458667101_109,7.asc
ncols        121
nrows        120
xllcorner    -30.041666666667
yllcorner    40.041666655981
cellsize     0.083333333333
NODATA_value  9.9692099683868690468e+36
[rows 54 to 71 of 120, columns 80 to 119 of 121]
15.791787147521972656 15.769397735595703125 15.721152305603027344 15.638312339782714844 15.524733543395996094 15.39306640625 15.277203559875488281 15.215822219848632813 15.234729766845703125 15.269070625305175781 15.302290916442871094 15.422463417053222656 15.449582099914550781 15.273541450500488281 15.21292877197265625 15.381567955017089844 15.501615524291992188 15.449372291564941406 15.344224929809570313 15.208756446838378906 15.045131683349609375 14.907856941223144531 14.829491615295410156 14.872333526611328125 14.981897354125976563 15.070325851440429688 15.060100555419921875 14.9385223388671875 14.783193588256835938 14.522661209106445313 14.230835914611816406 14.001505851745605469 13.913592338562011719 13.883517265319824219 13.805515289306640625 13.844827651977539063 14.090318679809570313 14.518986701965332031 14.930910110473632813 15.151597976684570313
15.589879035949707031 15.487345695495605469 15.358277320861816406 15.216888427734375 15.104373931884765625 15.032383918762207031 15.019775390625 15.036786079406738281 15.053544998168945313 15.047707557678222656 15.0904998779296875 15.106623649597167969 15.002408027648925781 14.942524909973144531 15.177135467529296875 15.452129364013671875 15.495683670043945313 15.399915695190429688 15.298915863037109375 15.194752693176269531 15.089024543762207031 14.992522239685058594 14.91805267333984375 14.9024505615234375 14.929760932922363281 14.950568199157714844 14.927694320678710938 14.863409042358398438 14.739233970642089844 14.5226593017578125 14.271032333374023438 14.059870719909667969 13.92693328857421875 13.863278388977050781 13.9107818603515625 14.125132560729980469 14.539875984191894531 14.971141815185546875 15.163278579711914063 15.165865898132324219
15.1537933349609375 15.102532386779785156 15.037331581115722656 15.0567169189453125 15.11223602294921875 15.168378829956054688 15.187890052795410156 15.17730712890625 15.167192459106445313 15.130568504333496094 15.097943305969238281 15.040402412414550781 14.984582901000976563 15.06632232666015625 15.351386070251464844 15.547314643859863281 15.517466545104980469 15.4326019287109375 15.337831497192382813 15.2120819091796875 15.099788665771484375 15.011874198913574219 14.930683135986328125 14.855997085571289063 14.785299301147460938 14.713039398193359375 14.633533477783203125 14.533686637878417969 14.408431053161621094 14.269127845764160156 14.156709671020507813 14.112576484680175781 14.157381057739257813 14.326136589050292969 14.604413986206054688 14.869959831237792969 15.016719818115234375 14.988862991333007813 14.958933830261230469 14.922450065612792969
15.167080879211425781 15.222913742065429688 15.306119918823242188 15.426212310791015625 15.515514373779296875 15.5318145751953125 15.51084136962890625 15.506969451904296875 15.478235244750976563 15.419613838195800781 15.364160537719726563 15.284932136535644531 15.2371673583984375 15.292057991027832031 15.490342140197753906 15.613477706909179688 15.607466697692871094 15.594389915466308594 15.539873123168945313 15.424309730529785156 15.294241905212402344 15.174771308898925781 15.061937332153320313 14.960112571716308594 14.867928504943847656 14.766287803649902344 14.668424606323242188 14.581407546997070313 14.520177841186523438 14.494384765625 14.536488533020019531 14.654994964599609375 14.805003166198730469 14.943215370178222656 15.035593032836914063 15.026091575622558594 14.9452362060546875 14.904498100280761719 14.832620620727539063 14.680275917053222656
15.46149444580078125 15.598586082458496094 15.681964874267578125 15.664734840393066406 15.628502845764160156 15.595908164978027344 15.624589920043945313 15.667597770690917969 15.665334701538085938 15.623006820678710938 15.580560684204101563 15.502619743347167969 15.394797325134277344 15.39296722412109375 15.560556411743164063 15.706142425537109375 15.743421554565429688 15.763835906982421875 15.734265327453613281 15.613613128662109375 15.480202674865722656 15.374624252319335938 15.280181884765625 15.199840545654296875 15.124872207641601563 15.049673080444335938 14.989534378051757813 14.941534996032714844 14.916866302490234375 14.916757583618164063 14.936758041381835938 14.981307029724121094 15.010370254516601563 15.003808021545410156 14.967248916625976563 14.944836616516113281 14.926226615905761719 14.793282508850097656 14.554461479187011719 14.261760711669921875
15.695964813232421875 15.74932098388671875 15.692824363708496094 15.636997222900390625 15.627907752990722656 15.646478652954101563 15.718980789184570313 15.804392814636230469 15.77446746826171875 15.602428436279296875 15.485441207885742188 15.379782676696777344 15.269003868103027344 15.366383552551269531 15.591128349304199219 15.775370597839355469 15.855811119079589844 15.869952201843261719 15.765414237976074219 15.585759162902832031 15.44698333740234375 15.361248016357421875 15.274773597717285156 15.170146942138671875 15.070119857788085938 14.9898529052734375 14.927541732788085938 14.872263908386230469 14.815724372863769531 14.77480316162109375 14.756037712097167969 14.758878707885742188 14.782300949096679688 14.787051200866699219 14.767206192016601563 14.759184837341308594 14.715035438537597656 14.574698448181152344 14.3863067626953125 14.256803512573242188
15.749466896057128906 15.721828460693359375 15.676859855651855469 15.64997100830078125 15.627084732055664063 15.624111175537109375 15.696352958679199219 15.748411178588867188 15.673662185668945313 15.412122726440429688 15.1524810791015625 15.03717803955078125 15.184687614440917969 15.416934967041015625 15.660683631896972656 15.8478851318359375 15.903629302978515625 15.79203033447265625 15.600179672241210938 15.456582069396972656 15.371809959411621094 15.279895782470703125 15.149929046630859375 15.020749092102050781 14.927847862243652344 14.866413116455078125 14.825207710266113281 14.782781600952148438 14.710781097412109375 14.607890129089355469 14.498052597045898438 14.426983833312988281 14.441539764404296875 14.574183464050292969 14.822084426879882813 14.967803001403808594 14.945414543151855469 14.876698493957519531 14.804471969604492188 14.7614288330078125
15.768155097961425781 15.720971107482910156 15.681514739990234375 15.62005615234375 15.447126388549804688 15.377787590026855469 15.611295700073242188 15.652491569519042969 15.53079986572265625 15.332914352416992188 15.172216415405273438 15.213912010192871094 15.448784828186035156 15.66493988037109375 15.819218635559082031 15.83751678466796875 15.729551315307617188 15.576434135437011719 15.456884384155273438 15.357267379760742188 15.235371589660644531 15.105190277099609375 15.01190948486328125 14.955229759216308594 14.92724609375 14.924971580505371094 14.926690101623535156 14.895598411560058594 14.840200424194335938 14.77849578857421875 14.689680099487304688 14.601413726806640625 14.532992362976074219 14.544553756713867188 14.750158309936523438 15.026125907897949219 15.124787330627441406 15.176047325134277344 15.195899009704589844 15.137175559997558594
15.763461112976074219 15.727338790893554688 15.686962127685546875 15.585231781005859375 15.245995521545410156 15.229440689086914063 15.625732421875 15.677120208740234375 15.54415130615234375 15.456128120422363281 15.429632186889648438 15.545404434204101563 15.722733497619628906 15.821570396423339844 15.828169822692871094 15.780652046203613281 15.669544219970703125 15.553842544555664063 15.440926551818847656 15.324251174926757813 15.201772689819335938 15.096805572509765625 15.033484458923339844 15.01384735107421875 15.013805389404296875 15.017060279846191406 15.03664398193359375 15.035376548767089844 14.989742279052734375 14.947760581970214844 14.918634414672851563 14.885036468505859375 14.849046707153320313 14.787552833557128906 14.684781074523925781 14.636875152587890625 14.70644378662109375 14.833098411560058594 14.855097770690917969 14.861926078796386719
15.749118804931640625 15.689317703247070313 15.563380241394042969 15.498392105102539063 15.308520317077636719 15.162510871887207031 15.603546142578125 15.760773658752441406 15.682291984558105469 15.70624542236328125 15.749913215637207031 15.806498527526855469 15.828818321228027344 15.770178794860839844 15.691010475158691406 15.620448112487792969 15.544122695922851563 15.444627761840820313 15.341167449951171875 15.232662200927734375 15.134099960327148438 15.068976402282714844 15.038799285888671875 15.033238410949707031 15.031452178955078125 15.034669876098632813 15.048962593078613281 15.049157142639160156 14.998582839965820313 14.944029808044433594 14.933753013610839844 14.911437034606933594 14.855714797973632813 14.791509628295898438 14.677062034606933594 14.520138740539550781 14.470683097839355469 14.477501869201660156 14.463047981262207031 14.434446334838867188
15.749983787536621094 15.614841461181640625 15.543282508850097656 15.6732177734375 15.490691184997558594 14.998846054077148438 15.273492813110351563 15.766081809997558594 15.804183006286621094 15.793508529663085938 15.775956153869628906 15.752138137817382813 15.658145904541015625 15.512537002563476563 15.42014312744140625 15.388745307922363281 15.341349601745605469 15.236891746520996094 15.072828292846679688 15.006922721862792969 14.975923538208007813 14.912613868713378906 14.869683265686035156 14.835534095764160156 14.810132980346679688 14.81478118896484375 14.831151008605957031 14.868681907653808594 14.866417884826660156 14.824698448181152344 14.826012611389160156 14.791390419006347656 14.698243141174316406 14.679780006408691406 14.698946952819824219 14.695683479309082031 14.733962059020996094 14.763685226440429688 14.659089088439941406 14.453299522399902344
15.762725830078125 15.602610588073730469 15.526858329772949219 15.670016288757324219 15.540691375732421875 14.987277030944824219 14.953078269958496094 15.681188583374023438 15.84941864013671875 15.763927459716796875 15.683666229248046875 15.650209426879882813 15.536244392395019531 15.412294387817382813 15.340693473815917969 15.226864814758300781 15.066783905029296875 14.871230125427246094 14.704446792602539063 14.711191177368164063 14.725956916809082031 14.649805068969726563 14.568415641784667969 14.506361007690429688 14.488903999328613281 14.504865646362304688 14.525987625122070313 14.580394744873046875 14.629045486450195313 14.65663909912109375 14.649219512939453125 14.665454864501953125 14.742799758911132813 14.774706840515136719 14.737253189086914063 14.668560981750488281 14.636887550354003906 14.716736793518066406 14.883605003356933594 14.93358612060546875
15.740509986877441406 15.584932327270507813 15.552710533142089844 15.672037124633789063 15.560072898864746094 15.126239776611328125 14.740167617797851563 15.308259010314941406 15.79669189453125 15.720949172973632813 15.566056251525878906 15.54706573486328125 15.468641281127929688 15.302331924438476563 15.143132209777832031 14.912833213806152344 14.709794044494628906 14.631691932678222656 14.699723243713378906 14.825121879577636719 14.826972007751464844 14.713373184204101563 14.575555801391601563 14.421850204467773438 14.300242424011230469 14.286096572875976563 14.332392692565917969 14.377207756042480469 14.42769622802734375 14.552998542785644531 14.702394485473632813 14.772710800170898438 14.690290451049804688 14.509185791015625 14.376552581787109375 14.320238113403320313 14.284023284912109375 14.295549392700195313 14.60394287109375 14.976325035095214844
15.689461708068847656 15.583363533020019531 15.72890472412109375 15.665768623352050781 15.3288116455078125 14.882013320922851563 14.428045272827148438 14.690808296203613281 15.536550521850585938 15.751427650451660156 15.548855781555175781 15.393308639526367188 15.396097183227539063 15.297091484069824219 15.121309280395507813 14.867302894592285156 14.711741447448730469 14.699098587036132813 14.788722991943359375 14.867432594299316406 14.929599761962890625 14.993804931640625 15.002130508422851563 14.770922660827636719 14.383787155151367188 14.155974388122558594 14.15076446533203125 14.310445785522460938 14.579432487487792969 14.805237770080566406 14.759141921997070313 14.571575164794921875 14.457830429077148438 14.430866241455078125 14.405053138732910156 14.276247024536132813 14.164389610290527344 14.232242584228515625 14.537688255310058594 15.017496109008789063
15.643065452575683594 15.700222969055175781 15.755106925964355469 15.5898590087890625 15.246814727783203125 14.819315910339355469 14.353792190551757813 14.36389923095703125 15.019107818603515625 15.597115516662597656 15.63915252685546875 15.422513008117675781 15.307764053344726563 15.276000022888183594 15.157305717468261719 14.925724029541015625 14.776999473571777344 14.754108428955078125 14.808440208435058594 14.875630378723144531 14.946474075317382813 15.089672088623046875 15.2119903564453125 15.094959259033203125 14.702364921569824219 14.341753959655761719 14.316082954406738281 14.598576545715332031 14.851884841918945313 14.808997154235839844 14.693456649780273438 14.706250190734863281 14.645232200622558594 14.556815147399902344 14.479367256164550781 14.296799659729003906 14.162847518920898438 14.247508049011230469 14.620916366577148438 15.019170761108398438
15.791301727294921875 15.796356201171875 15.801509857177734375 15.670118331909179688 15.412808418273925781 15.05042266845703125 14.5779571533203125 14.372064590454101563 14.599466323852539063 15.075344085693359375 15.373707771301269531 15.409958839416503906 15.324589729309082031 15.277135848999023438 15.208009719848632813 14.989986419677734375 14.814867973327636719 14.752214431762695313 14.783961296081542969 14.8836517333984375 14.923745155334472656 14.986838340759277344 15.087626457214355469 15.092641830444335938 14.873738288879394531 14.598712921142578125 14.605350494384765625 14.864435195922851563 14.950254440307617188 14.873439788818359375 14.90117645263671875 14.90439605712890625 14.795073509216308594 14.72586822509765625 14.760763168334960938 14.6775970458984375 14.388957977294921875 14.299942970275878906 14.573244094848632813 14.788895606994628906
15.69225311279296875 15.815684318542480469 15.893857955932617188 15.865835189819335938 15.770351409912109375 15.586281776428222656 15.298184394836425781 15.001592636108398438 14.90081787109375 14.95345306396484375 15.072249412536621094 15.157217025756835938 15.218956947326660156 15.23736572265625 15.195923805236816406 15.067393302917480469 14.907487869262695313 14.814901351928710938 14.830675125122070313 14.905842781066894531 14.969185829162597656 14.968617439270019531 14.955870628356933594 14.999004364013671875 14.960773468017578125 14.808695793151855469 14.795384407043457031 15.050799369812011719 15.202075004577636719 15.251894950866699219 15.319806098937988281 15.265381813049316406 15.068964958190917969 14.846128463745117188 14.715435028076171875 14.689919471740722656 14.582192420959472656 14.323365211486816406 14.230034828186035156 14.3900146484375
15.572551727294921875 15.756406784057617188 15.842398643493652344 15.856046676635742188 15.815596580505371094 15.751454353332519531 15.674715995788574219 15.544850349426269531 15.370458602905273438 15.226672172546386719 15.157213211059570313 15.118047714233398438 15.151618003845214844 15.227072715759277344 15.239091873168945313 15.130002021789550781 14.963138580322265625 14.882999420166015625 14.798933982849121094 14.809842109680175781 14.885693550109863281 14.935288429260253906 14.927425384521484375 14.912944793701171875 14.88626861572265625 14.858786582946777344 14.81967926025390625 15.050878524780273438 15.30992889404296875 15.427978515625 15.500161170959472656 15.5351104736328125 15.354235649108886719 15.058637619018554688 14.844269752502441406 14.636153221130371094 14.352265357971191406 14.042666435241699219 13.957890510559082031 14.162783622741699219
