MapLinkProApp/griddata/temperature/ASCII/cmems_mod_glo_phy-thetao_anfc_0,083deg_P1D-m_1702458667101_1245,3.asc
ncols        121
nrows        120
xllcorner    -30.041666666667
yllcorner    40.041666655981
cellsize     0.083333333333
NODATA_value  9.9692099683868690468e+36
[rows 18 to 35 of 120, columns 40 to 79 of 121]
3.5949778556823730469 3.5746514797210693359 3.5572490692138671875 3.5449495315551757813 3.5461883544921875 3.5950322151184082031 3.6758654117584228516 3.7615816593170166016 3.8302578926086425781 3.8814215660095214844 3.9223468303680419922 3.9637763500213623047 4.0592913627624511719 4.1036810874938964844 4.1627163887023925781 4.2069311141967773438 4.181194305419921875 4.139911651611328125 4.1797618865966796875 4.2266869544982910156 4.2495107650756835938 4.2609782218933105469 4.2623257637023925781 4.2350478172302246094 4.2454204559326171875 4.2745618820190429688 4.2721109390258789063 4.2447614669799804688 4.2071881294250488281 4.1475896835327148438 4.0838265419006347656 4.0519938468933105469 4.0395603179931640625 4.0285201072692871094 3.9858598709106445313 3.8794350624084472656 3.7535626888275146484 3.7065660953521728516 3.7588350772857666016 3.7774832248687744141
3.623809814453125 3.5974009037017822266 3.6091051101684570313 3.616008758544921875 3.6166193485260009766 3.6493549346923828125 3.7234010696411132813 3.8212687969207763672 3.8520209789276123047 3.9039552211761474609 3.9547650814056396484 3.9837646484375 4.0258426666259765625 4.0448012351989746094 4.11875152587890625 4.2071213722229003906 4.2174811363220214844 4.2058811187744140625 4.1993517875671386719 4.2455782890319824219 4.2645006179809570313 4.2464327812194824219 4.2229027748107910156 4.2733922004699707031 4.3143367767333984375 4.3074159622192382813 4.253925323486328125 4.2034134864807128906 4.1416139602661132813 4.0729184150695800781 4.03558349609375 4.0315485000610351563 4.0465612411499023438 4.0584545135498046875 4.0150580406188964844 3.8917431831359863281 3.7700707912445068359 3.74434661865234375 3.7845399379730224609 3.8106310367584228516
3.7846858501434326172 3.7026660442352294922 3.6338965892791748047 3.6049368381500244141 3.6323957443237304688 3.6882314682006835938 3.7508974075317382813 3.8187227249145507813 3.8415427207946777344 3.8878552913665771484 3.9197993278503417969 3.9332239627838134766 3.9681198596954345703 3.9817976951599121094 4.0460767745971679688 4.1210412979125976563 4.145236968994140625 4.1913685798645019531 4.1948971748352050781 4.1868758201599121094 4.1933283805847167969 4.2209043502807617188 4.2766489982604980469 4.288738250732421875 4.256744384765625 4.2464861869812011719 4.2190918922424316406 4.1583886146545410156 4.0900378227233886719 4.0277738571166992188 4.022418975830078125 4.0449476242065429688 4.056941986083984375 4.0410480499267578125 3.9775967597961425781 3.8651018142700195313 3.7756750583648681641 3.7694537639617919922 3.8134763240814208984 3.8581213951110839844
3.9442017078399658203 3.9188878536224365234 3.8473665714263916016 3.719745635986328125 3.656856536865234375 3.7041711807250976563 3.7677752971649169922 3.8057398796081542969 3.8309979438781738281 3.8801643848419189453 3.8951122760772705078 3.8878424167633056641 3.9274477958679199219 3.9577541351318359375 4.0303931236267089844 4.0857052803039550781 4.0874037742614746094 4.1243224143981933594 4.137939453125 4.1319289207458496094 4.1749548912048339844 4.2639613151550292969 4.3462061882019042969 4.3534922599792480469 4.2613825798034667969 4.2236652374267578125 4.2093982696533203125 4.1523756980895996094 4.101184844970703125 4.0762038230895996094 4.078857421875 4.0729703903198242188 4.0451283454895019531 3.9929182529449462891 3.9203500747680664063 3.8364503383636474609 3.7888598442077636719 3.8244071006774902344 3.8909394741058349609 3.9104866981506347656
3.9674773216247558594 3.9434788227081298828 3.9260046482086181641 3.8381805419921875 3.7339203357696533203 3.7201442718505859375 3.7578711509704589844 3.7842395305633544922 3.8226749897003173828 3.880611419677734375 3.9021580219268798828 3.8975074291229248047 3.9337229728698730469 3.9716653823852539063 4.048076629638671875 4.1179838180541992188 4.153964996337890625 4.1780328750610351563 4.2047467231750488281 4.2114973068237304688 4.2438220977783203125 4.2899827957153320313 4.3205928802490234375 4.3439006805419921875 4.313381195068359375 4.2592597007751464844 4.2469358444213867188 4.2190995216369628906 4.1593165397644042969 4.109188079833984375 4.0807332992553710938 4.0559368133544921875 4.0264253616333007813 3.9884064197540283203 3.9228675365447998047 3.8908941745758056641 3.899478912353515625 3.9279639720916748047 3.9586582183837890625 3.9523005485534667969
3.8978247642517089844 3.8503179550170898438 3.8723299503326416016 3.8773541450500488281 3.7965023517608642578 3.722690582275390625 3.7174286842346191406 3.7364974021911621094 3.7724173069000244141 3.8309390544891357422 3.8818335533142089844 3.885150909423828125 3.9089457988739013672 3.9481146335601806641 4.0204339027404785156 4.0886621475219726563 4.1591334342956542969 4.177852630615234375 4.1762237548828125 4.1839623451232910156 4.22153472900390625 4.244232177734375 4.2474994659423828125 4.258937835693359375 4.2564525604248046875 4.2401371002197265625 4.2252659797668457031 4.222637176513671875 4.2023367881774902344 4.1715497970581054688 4.1354804039001464844 4.0986309051513671875 4.0586991310119628906 4.0328350067138671875 4.0151071548461914063 3.9944298267364501953 3.9753541946411132813 3.9703567028045654297 3.9759223461151123047 4.0362849235534667969
3.8418443202972412109 3.7913024425506591797 3.8128864765167236328 3.8598062992095947266 3.8112349510192871094 3.712947845458984375 3.6825048923492431641 3.6837055683135986328 3.7024884223937988281 3.7538588047027587891 3.8354299068450927734 3.8700072765350341797 3.8856563568115234375 3.8880469799041748047 3.9231932163238525391 3.9632194042205810547 4.0429501533508300781 4.1053519248962402344 4.1462330818176269531 4.1607422828674316406 4.175258636474609375 4.1952805519104003906 4.190074920654296875 4.2024393081665039063 4.2180070877075195313 4.2109599113464355469 4.1955084800720214844 4.1622071266174316406 4.1332597732543945313 4.1188082695007324219 4.0907487869262695313 4.0726222991943359375 4.0565991401672363281 4.0253229141235351563 3.9903841018676757813 3.97287750244140625 3.9675571918487548828 3.9710757732391357422 4.0347628593444824219 4.170475006103515625
3.8337357044219970703 3.7849583625793457031 3.8031742572784423828 3.8458211421966552734 3.8024923801422119141 3.6994800567626953125 3.6431357860565185547 3.6268260478973388672 3.6437015533447265625 3.6706850528717041016 3.7383790016174316406 3.8173983097076416016 3.8528935909271240234 3.8873815536499023438 3.9005157947540283203 3.9112627506256103516 3.9315459728240966797 3.9694490432739257813 4.0034799575805664063 4.0450491905212402344 4.076908111572265625 4.1267027854919433594 4.1671061515808105469 4.1639456748962402344 4.1896948814392089844 4.2015652656555175781 4.1758241653442382813 4.13126373291015625 4.0866780281066894531 4.0676121711730957031 4.0277142524719238281 4.0341167449951171875 4.0194754600524902344 3.9739329814910888672 3.9248805046081542969 3.8924074172973632813 3.9136810302734375 4.0420136451721191406 4.2286424636840820313 4.3388767242431640625
3.7665500640869140625 3.7668514251708984375 3.7981927394866943359 3.8371977806091308594 3.7887294292449951172 3.6671326160430908203 3.6159844398498535156 3.6306242942810058594 3.6322009563446044922 3.6371476650238037109 3.6525025367736816406 3.7362432479858398438 3.7781815528869628906 3.8348135948181152344 3.8808619976043701172 3.9318664073944091797 3.9537196159362792969 3.9806303977966308594 3.9972341060638427734 3.997562408447265625 3.9972352981567382813 4.0169587135314941406 4.0182900428771972656 4.0800099372863769531 4.1422438621520996094 4.1852412223815917969 4.1721372604370117188 4.128452301025390625 4.0435690879821777344 3.9824817180633544922 3.9381616115570068359 3.9417238235473632813 3.9253518581390380859 3.8721907138824462891 3.8711376190185546875 3.9055192470550537109 4.0049748420715332031 4.1856536865234375 4.2944278717041015625 4.3164472579956054688
3.7863037586212158203 3.7928376197814941406 3.8224194049835205078 3.8314521312713623047 3.7533206939697265625 3.6514682769775390625 3.6245436668395996094 3.6324925422668457031 3.6575472354888916016 3.7146308422088623047 3.7030158042907714844 3.7162389755249023438 3.7561185359954833984 3.8212139606475830078 3.8316214084625244141 3.8691828250885009766 3.9091570377349853516 3.9556190967559814453 3.9907026290893554688 4.0291943550109863281 4.0328960418701171875 4.0261087417602539063 4.0163059234619140625 4.0105977058410644531 4.0262622833251953125 4.0776472091674804688 4.1175413131713867188 4.0626978874206542969 3.9889588356018066406 3.9213230609893798828 3.8682963848114013672 3.8836526870727539063 3.8856568336486816406 3.8847951889038085938 3.9334383010864257813 3.9906704425811767578 4.103679656982421875 4.2566246986389160156 4.3717160224914550781 4.3886666297912597656
3.8394033908843994141 3.8538150787353515625 3.8566660881042480469 3.8086071014404296875 3.6951930522918701172 3.6016283035278320313 3.6029815673828125 3.6550223827362060547 3.7062776088714599609 3.7157888412475585938 3.7108793258666992188 3.7435414791107177734 3.7864413261413574219 3.821277618408203125 3.8287003040313720703 3.8407750129699707031 3.8935389518737792969 3.9220170974731445313 3.9779059886932373047 4.0095639228820800781 3.9977211952209472656 4.0314741134643554688 4.0803570747375488281 4.0859370231628417969 4.0376381874084472656 4.0118193626403808594 4.0185284614562988281 3.9828174114227294922 3.9433007240295410156 3.8829329013824462891 3.8285284042358398438 3.8437941074371337891 3.86220550537109375 3.8694133758544921875 3.9413864612579345703 4.0544762611389160156 4.1830778121948242188 4.31159210205078125 4.389125823974609375 4.3954167366027832031
3.8642342090606689453 3.8661136627197265625 3.8437025547027587891 3.7499341964721679688 3.6223390102386474609 3.5646421909332275391 3.594959259033203125 3.6374487876892089844 3.6471297740936279297 3.6310231685638427734 3.6036422252655029297 3.6153211593627929688 3.6801991462707519531 3.8170800209045410156 3.9068901538848876953 3.8705644607543945313 3.8774368762969970703 3.9127728939056396484 3.9160659313201904297 3.9220411777496337891 4.0171389579772949219 3.9951927661895751953 4.0054717063903808594 4.0879278182983398438 4.0928101539611816406 4.1064443588256835938 4.026458740234375 3.9759995937347412109 3.922092437744140625 3.8812305927276611328 3.8165557384490966797 3.7982392311096191406 3.8348741531372070313 3.8682994842529296875 3.9073805809020996094 4.0406794548034667969 4.2254328727722167969 4.3631620407104492188 4.4196429252624511719 4.4209904670715332031
3.8637630939483642578 3.8582587242126464844 3.7926285266876220703 3.6604444980621337891 3.5490183830261230469 3.5291564464569091797 3.5664401054382324219 3.5764279365539550781 3.5461668968200683594 3.5313141345977783203 3.5438361167907714844 3.5452237129211425781 3.5809216499328613281 3.7174959182739257813 3.861766815185546875 3.8921353816986083984 3.8870851993560791016 3.9567296504974365234 4.0316700935363769531 4.0628795623779296875 4.0468349456787109375 3.9959495067596435547 3.977886199951171875 4.0094561576843261719 4.0408310890197753906 4.0993456840515136719 4.061737060546875 4.0244107246398925781 3.9612436294555664063 3.9178147315979003906 3.8729686737060546875 3.8237459659576416016 3.8499653339385986328 3.8901803493499755859 3.9228539466857910156 3.9774973392486572266 4.1245698928833007813 4.3299584388732910156 4.46697235107421875 4.4960527420043945313
3.8344469070434570313 3.8162596225738525391 3.7268819808959960938 3.5867407321929931641 3.4808678627014160156 3.45636749267578125 3.4838945865631103516 3.50189208984375 3.4963083267211914063 3.4999969005584716797 3.5209944248199462891 3.5280957221984863281 3.5861902236938476563 3.7510673999786376953 3.8767554759979248047 3.897945404052734375 3.945240020751953125 3.9944372177124023438 4.0691614151000976563 4.1631221771240234375 4.1697940826416015625 4.177982330322265625 4.0845499038696289063 3.9848947525024414063 4.0192284584045410156 4.1173915863037109375 4.0924367904663085938 4.0633492469787597656 4.0342893600463867188 3.9680762290954589844 3.9389505386352539063 3.8881433010101318359 3.8700551986694335938 3.8763315677642822266 3.9168691635131835938 3.9574141502380371094 4.09835052490234375 4.3003821372985839844 4.4596385955810546875 4.516872406005859375
3.8253324031829833984 3.8173706531524658203 3.7151920795440673828 3.5661258697509765625 3.4612662792205810547 3.4302480220794677734 3.4450671672821044922 3.4550979137420654297 3.4609701633453369141 3.4827709197998046875 3.4949316978454589844 3.5350816249847412109 3.6480436325073242188 3.8288426399230957031 3.9175286293029785156 3.9330925941467285156 3.9580810070037841797 4.0683622360229492188 4.1510839462280273438 4.2863025665283203125 4.2852711677551269531 4.2773408889770507813 4.2151885032653808594 4.1108808517456054688 4.08782196044921875 4.0993928909301757813 4.1152677536010742188 4.0215635299682617188 4.0985698699951171875 4.0858364105224609375 4.0239534378051757813 3.9582140445709228516 3.9699070453643798828 3.9812779426574707031 3.9810202121734619141 3.9816708564758300781 4.0750832557678222656 4.2630505561828613281 4.4372954368591308594 4.5120906829833984375
3.8260955810546875 3.7992348670959472656 3.7322609424591064453 3.6229429244995117188 3.5367562770843505859 3.5202074050903320313 3.5322473049163818359 3.5343379974365234375 3.5249936580657958984 3.5352389812469482422 3.5552263259887695313 3.6279737949371337891 3.8018023967742919922 3.9265394210815429688 3.9537935256958007813 3.9650602340698242188 4.0504827499389648438 4.1842069625854492188 4.3046612739562988281 4.4465231895446777344 4.5075225830078125 4.4571537971496582031 4.3762826919555664063 4.2519130706787109375 4.1684403419494628906 4.1526999473571777344 4.1483893394470214844 4.0330457687377929688 4.0240492820739746094 4.0846543312072753906 4.0673928260803222656 4.0396728515625 4.08243560791015625 4.0478034019470214844 4.0319828987121582031 4.0527644157409667969 4.0911288261413574219 4.2371659278869628906 4.4300379753112792969 4.5343370437622070313
3.7799189090728759766 3.7852618694305419922 3.7524664402008056641 3.6797635555267333984 3.6223783493041992188 3.6222634315490722656 3.6507449150085449219 3.6590492725372314453 3.6564946174621582031 3.6661634445190429688 3.6776630878448486328 3.7750115394592285156 3.9389102458953857422 3.9831888675689697266 3.9713900089263916016 4.0459604263305664063 4.1700167655944824219 4.2986898422241210938 4.4384961128234863281 4.5860838890075683594 4.6838889122009277344 4.6280393600463867188 4.5077481269836425781 4.3636932373046875 4.2225422859191894531 4.1969513893127441406 4.2086877822875976563 4.1430425643920898438 4.1195516586303710938 4.0936713218688964844 4.0341033935546875 4.0494112968444824219 4.1669268608093261719 4.1348295211791992188 4.0235247611999511719 4.0363354682922363281 4.0930809974670410156 4.2374939918518066406 4.4240026473999023438 4.5438418388366699219
3.7878348827362060547 3.7847759723663330078 3.7868382930755615234 3.7421689033508300781 3.7019162178039550781 3.7154781818389892578 3.74120330810546875 3.7490251064300537109 3.7580270767211914063 3.7559301853179931641 3.7746329307556152344 3.8807737827301025391 3.96915435791015625 3.9792768955230712891 4.0279049873352050781 4.1404027938842773438 4.2496156692504882813 4.3736324310302734375 4.5510759353637695313 4.7203154563903808594 4.8011574745178222656 4.7316617965698242188 4.5822329521179199219 4.4322457313537597656 4.2704615592956542969 4.1847176551818847656 4.1891427040100097656 4.1414823532104492188 4.0880680084228515625 4.07491302490234375 4.0529036521911621094 3.9398112297058105469 4.0309529304504394531 4.1064095497131347656 4.0286712646484375 4.0296034812927246094 4.0921044349670410156 4.2348947525024414063 4.3432145118713378906 4.3731975555419921875
