MapLinkProApp/griddata/temperature/ASCII/cmems_mod_glo_phy-thetao_anfc_0,083deg_P1D-m_1702458667101_643,6.asc
ncols        121
nrows        120
xllcorner    -30.041666666667
yllcorner    40.041666655981
cellsize     0.083333333333
NODATA_value  9.9692099683868690468e+36
[rows 72 to 89 of 120, columns 0 to 39 of 121]
8.2875995635986328125 8.33623504638671875 8.403049468994140625 8.5239744186401367188 8.6829366683959960938 8.86052703857421875 9.05608367919921875 9.2028512954711914063 9.3388929367065429688 9.4362659454345703125 9.5437803268432617188 9.6573276519775390625 9.7079839706420898438 9.8354864120483398438 9.9273996353149414063 10.201023101806640625 10.468379974365234375 10.596317291259765625 10.625380516052246094 10.578850746154785156 10.464146614074707031 10.329115867614746094 10.191220283508300781 10.084004402160644531 10.094538688659667969 9.945240020751953125 9.665294647216796875 9.4949789047241210938 9.4770717620849609375 9.5177011489868164063 9.5805940628051757813 9.6361083984375 9.7172040939331054688 9.8346958160400390625 9.9365739822387695313 10.027088165283203125 10.098259925842285156 10.167352676391601563 10.226800918579101563 10.280687332153320313
8.2711391448974609375 8.2941312789916992188 8.3257122039794921875 8.3755540847778320313 8.4899578094482421875 8.6419649124145507813 8.7938413619995117188 8.9312238693237304688 9.1073637008666992188 9.271404266357421875 9.4068584442138671875 9.5497188568115234375 9.64014434814453125 9.726665496826171875 9.8147945404052734375 10.05718231201171875 10.393961906433105469 10.579783439636230469 10.606973648071289063 10.574738502502441406 10.459745407104492188 10.297443389892578125 10.146819114685058594 10.059172630310058594 9.9442510604858398438 9.6517877578735351563 9.4811687469482421875 9.4443845748901367188 9.4434604644775390625 9.498264312744140625 9.606052398681640625 9.769084930419921875 9.9958162307739257813 10.246051788330078125 10.441713333129882813 10.55760955810546875 10.605997085571289063 10.648566246032714844 10.6666717529296875 10.706337928771972656
8.4264507293701171875 8.3800325393676757813 8.35909271240234375 8.3549699783325195313 8.4056568145751953125 8.5279951095581054688 8.6685514450073242188 8.7842149734497070313 8.8808698654174804688 9.0188436508178710938 9.131809234619140625 9.30954742431640625 9.4905271530151367188 9.620014190673828125 9.7473974227905273438 10.022785186767578125 10.311030387878417969 10.446048736572265625 10.434772491455078125 10.39429473876953125 10.270648002624511719 10.176441192626953125 10.004019737243652344 9.8042049407958984375 9.5219488143920898438 9.3603525161743164063 9.3518457412719726563 9.3630704879760742188 9.43106842041015625 9.5938816070556640625 9.8144769668579101563 10.066431999206542969 10.385698318481445313 10.676565170288085938 10.826218605041503906 10.875987052917480469 10.898388862609863281 10.921274185180664063 10.933790206909179688 10.962197303771972656
8.5863847732543945313 8.5049915313720703125 8.4348897933959960938 8.3918466567993164063 8.388645172119140625 8.4786825180053710938 8.6624841690063476563 8.8140478134155273438 8.924839019775390625 9.0410699844360351563 9.125072479248046875 9.2091207504272460938 9.3385171890258789063 9.4845590591430664063 9.7153253555297851563 10.077966690063476563 10.338814735412597656 10.363869667053222656 10.309683799743652344 10.243962287902832031 10.119808197021484375 9.87158966064453125 9.6004638671875 9.3742742538452148438 9.222766876220703125 9.2103786468505859375 9.206912994384765625 9.3034601211547851563 9.48303985595703125 9.730556488037109375 9.9873228073120117188 10.284216880798339844 10.661571502685546875 10.840775489807128906 10.887146949768066406 10.922709465026855469 10.933777809143066406 10.960122108459472656 11.002390861511230469 11.0613555908203125
8.917713165283203125 8.741542816162109375 8.567134857177734375 8.4618377685546875 8.430019378662109375 8.4844846725463867188 8.6672582626342773438 8.85549163818359375 8.9841461181640625 9.1074056625366210938 9.1886272430419921875 9.2493743896484375 9.3144426345825195313 9.4343700408935546875 9.6527462005615234375 10.03183746337890625 10.278635978698730469 10.2787933349609375 10.184742927551269531 9.9966058731079101563 9.75046539306640625 9.4482755661010742188 9.2541027069091796875 9.12010955810546875 9.093898773193359375 9.11043548583984375 9.1422700881958007813 9.2984075546264648438 9.5094633102416992188 9.8032331466674804688 10.107199668884277344 10.471994400024414063 10.780058860778808594 10.877727508544921875 10.960954666137695313 11.000688552856445313 11.029529571533203125 11.109867095947265625 11.155012130737304688 11.196177482604980469
9.4572896957397460938 9.2396526336669921875 9.0063142776489257813 8.84833526611328125 8.7721652984619140625 8.7059946060180664063 8.799022674560546875 8.9582500457763671875 9.1131000518798828125 9.2630033493041992188 9.3818254470825195313 9.4033985137939453125 9.376636505126953125 9.4159650802612304688 9.5739145278930664063 9.9408559799194335938 10.1502838134765625 10.086561203002929688 9.8850116729736328125 9.6549816131591796875 9.3963422775268554688 9.1025075912475585938 8.896266937255859375 8.7866878509521484375 8.8458642959594726563 9.0029230117797851563 9.127986907958984375 9.2999067306518554688 9.5804195404052734375 9.9304656982421875 10.228130340576171875 10.569172859191894531 10.829274177551269531 10.980874061584472656 11.076333045959472656 11.125605583190917969 11.207802772521972656 11.236126899719238281 11.276517868041992188 11.320537567138671875
10.27307891845703125 10.079586029052734375 9.8226938247680664063 9.5704050064086914063 9.3818655014038085938 9.2137670516967773438 9.1345424652099609375 9.2069215774536132813 9.3411846160888671875 9.5049715042114257813 9.6417551040649414063 9.6700458526611328125 9.57354736328125 9.4512147903442382813 9.5104160308837890625 9.8734760284423828125 10.047655105590820313 9.93929290771484375 9.6833143234252929688 9.422992706298828125 9.1616220474243164063 8.86295318603515625 8.6179208755493164063 8.5666418075561523438 8.68712615966796875 8.9061527252197265625 9.1006078720092773438 9.3061227798461914063 9.6374273300170898438 9.9673213958740234375 10.25646209716796875 10.638768196105957031 10.929572105407714844 11.06253814697265625 11.116002082824707031 11.149119377136230469 11.191321372985839844 11.257745742797851563 11.348154067993164063 11.344943046569824219
10.828557014465332031 10.693375587463378906 10.499660491943359375 10.278844833374023438 10.052447319030761719 9.777233123779296875 9.6121206283569335938 9.5820970535278320313 9.683929443359375 9.7754669189453125 9.895015716552734375 9.9542798995971679688 9.82930755615234375 9.610889434814453125 9.5346317291259765625 9.8174600601196289063 10.008724212646484375 9.8700304031372070313 9.5898370742797851563 9.3191633224487304688 9.0559558868408203125 8.8345174789428710938 8.6229953765869140625 8.6021509170532226563 8.7141094207763671875 8.8944292068481445313 9.088726043701171875 9.3672208786010742188 9.6922197341918945313 9.9820432662963867188 10.286975860595703125 10.694930076599121094 10.96187591552734375 11.047522544860839844 11.055497169494628906 11.093061447143554688 11.171505928039550781 11.249716758728027344 11.289496421813964844 11.328934669494628906
11.412524223327636719 11.309812545776367188 11.168704986572265625 11.013705253601074219 10.840259552001953125 10.625162124633789063 10.414327621459960938 10.251034736633300781 10.221865653991699219 10.208542823791503906 10.19344329833984375 10.238065719604492188 10.171948432922363281 9.9220571517944335938 9.6550073623657226563 9.7797946929931640625 9.962619781494140625 9.82282257080078125 9.5526895523071289063 9.3066968917846679688 9.1308145523071289063 8.9118051528930664063 8.7201032638549804688 8.6583833694458007813 8.7724599838256835938 8.9471788406372070313 9.1761837005615234375 9.4702901840209960938 9.760730743408203125 10.059226036071777344 10.369932174682617188 10.736553192138671875 10.949389457702636719 10.973429679870605469 10.989066123962402344 11.040259361267089844 11.099896430969238281 11.1480712890625 11.204272270202636719 11.281518936157226563
11.825906753540039063 11.803591728210449219 11.727291107177734375 11.606728553771972656 11.457413673400878906 11.287636756896972656 11.102203369140625 10.890143394470214844 10.735273361206054688 10.619429588317871094 10.533280372619628906 10.528843879699707031 10.491764068603515625 10.253299713134765625 9.8663644790649414063 9.7697811126708984375 9.9320325851440429688 9.83475494384765625 9.586246490478515625 9.3506927490234375 9.23363494873046875 9.0168056488037109375 8.8038616180419921875 8.7188930511474609375 8.8017177581787109375 8.982463836669921875 9.2321672439575195313 9.4978094100952148438 9.80159759521484375 10.111537933349609375 10.393109321594238281 10.726561546325683594 10.884369850158691406 10.88831329345703125 10.905649185180664063 10.9201812744140625 10.974115371704101563 11.017800331115722656 11.104756355285644531 11.221012115478515625
12.020165443420410156 11.979685783386230469 11.973801612854003906 11.914803504943847656 11.819233894348144531 11.6699371337890625 11.486464500427246094 11.262240409851074219 11.088986396789550781 10.966879844665527344 10.8131866455078125 10.778881072998046875 10.773228645324707031 10.591821670532226563 10.142354965209960938 9.826183319091796875 9.89560699462890625 9.8401126861572265625 9.6433887481689453125 9.43492889404296875 9.3057804107666015625 9.1062164306640625 8.9159193038940429688 8.843456268310546875 8.92232513427734375 9.076549530029296875 9.299816131591796875 9.55499267578125 9.8511018753051757813 10.15134429931640625 10.418438911437988281 10.742804527282714844 10.883371353149414063 10.839511871337890625 10.820160865783691406 10.806148529052734375 10.836452484130859375 10.889559745788574219 10.984343528747558594 11.080660820007324219
12.346593856811523438 12.2032928466796875 12.157396316528320313 12.117951393127441406 12.057181358337402344 11.973011016845703125 11.852499008178710938 11.649003982543945313 11.489039421081542969 11.346106529235839844 11.158320426940917969 11.051932334899902344 11.014714241027832031 10.867596626281738281 10.443123817443847656 9.9595689773559570313 9.8504800796508789063 9.793384552001953125 9.6649265289306640625 9.4826345443725585938 9.323207855224609375 9.20272064208984375 9.1008844375610351563 9.0689630508422851563 9.1586160659790039063 9.2738599777221679688 9.4906253814697265625 9.7062397003173828125 9.9218578338623046875 10.178041458129882813 10.385350227355957031 10.661157608032226563 10.814126014709472656 10.731920242309570313 10.656171798706054688 10.616464614868164063 10.608923912048339844 10.651288986206054688 10.761763572692871094 10.939836502075195313
12.631735801696777344 12.418602943420410156 12.288746833801269531 12.246071815490722656 12.200037002563476563 12.138418197631835938 12.063079833984375 11.915346145629882813 11.717129707336425781 11.583075523376464844 11.386799812316894531 11.199625015258789063 11.156062126159667969 11.045155525207519531 10.628266334533691406 10.090239524841308594 9.8374643325805664063 9.76535797119140625 9.6637487411499023438 9.453105926513671875 9.345005035400390625 9.3182477951049804688 9.2852582931518554688 9.2848358154296875 9.3889150619506835938 9.5236215591430664063 9.7312097549438476563 9.9269495010375976563 10.05548095703125 10.232178688049316406 10.405440330505371094 10.626805305480957031 10.774216651916503906 10.671807289123535156 10.512495040893554688 10.444005012512207031 10.412271499633789063 10.433836936950683594 10.5061492919921875 10.648563385009765625
12.689366340637207031 12.56058502197265625 12.451107025146484375 12.357629776000976563 12.241507530212402344 12.15283203125 12.076483726501464844 11.885910987854003906 11.775599479675292969 11.609936714172363281 11.422751426696777344 11.333942413330078125 11.23914337158203125 11.128198623657226563 10.719134330749511719 10.167410850524902344 9.8369903564453125 9.7347049713134765625 9.6054334640502929688 9.4046497344970703125 9.3616876602172851563 9.4062938690185546875 9.4026288986206054688 9.4540729522705078125 9.5606603622436523438 9.76840972900390625 9.9841899871826171875 10.180462837219238281 10.272518157958984375 10.352662086486816406 10.457854270935058594 10.639311790466308594 10.750262260437011719 10.609553337097167969 10.457636833190917969 10.402359962463378906 10.333871841430664063 10.316576957702636719 10.37335968017578125 10.446198463439941406
12.685753822326660156 12.579753875732421875 12.494426727294921875 12.344536781311035156 12.264182090759277344 12.149857521057128906 12.058518409729003906 11.892185211181640625 11.831048965454101563 11.666245460510253906 11.510735511779785156 11.415911674499511719 11.311423301696777344 11.170931816101074219 10.731528282165527344 10.18624114990234375 9.82852935791015625 9.6670551300048828125 9.4748077392578125 9.403076171875 9.43282318115234375 9.5070924758911132813 9.532012939453125 9.674297332763671875 9.8792009353637695313 10.117475509643554688 10.278105735778808594 10.414648056030273438 10.493574142456054688 10.531117439270019531 10.553955078125 10.63507080078125 10.744042396545410156 10.6055908203125 10.461323738098144531 10.38793182373046875 10.271607398986816406 10.205732345581054688 10.231038093566894531 10.2648773193359375
12.692746162414550781 12.608408927917480469 12.534366607666015625 12.372912406921386719 12.262646675109863281 12.148012161254882813 12.068940162658691406 11.904311180114746094 11.801286697387695313 11.610521316528320313 11.484519004821777344 11.432168960571289063 11.361734390258789063 11.129309654235839844 10.630967140197753906 10.090397834777832031 9.7563934326171875 9.6484880447387695313 9.5267229080200195313 9.55095672607421875 9.5730276107788085938 9.608203887939453125 9.7326669692993164063 10.026673316955566406 10.210434913635253906 10.317324638366699219 10.406337738037109375 10.536268234252929688 10.6249847412109375 10.682732582092285156 10.641606330871582031 10.634240150451660156 10.721026420593261719 10.626642227172851563 10.511569976806640625 10.426501274108886719 10.307839393615722656 10.209055900573730469 10.171999931335449219 10.204962730407714844
12.492673873901367188 12.447523117065429688 12.397044181823730469 12.277853965759277344 12.155851364135742188 12.044155120849609375 11.914934158325195313 11.792277336120605469 11.66820526123046875 11.569119453430175781 11.53414154052734375 11.514597892761230469 11.345164299011230469 10.95392608642578125 10.421591758728027344 9.9353237152099609375 9.7766008377075195313 9.7359409332275390625 9.6665258407592773438 9.6682758331298828125 9.654445648193359375 9.7893133163452148438 10.0888214111328125 10.262104034423828125 10.270067214965820313 10.365495681762695313 10.512288093566894531 10.602141380310058594 10.706854820251464844 10.750275611877441406 10.692210197448730469 10.643121719360351563 10.716656684875488281 10.676482200622558594 10.549098014831542969 10.476728439331054688 10.366051673889160156 10.281995773315429688 10.275353431701660156 10.30503082275390625
12.161457061767578125 12.137271881103515625 12.074172019958496094 11.997378349304199219 11.947450637817382813 11.908163070678710938 11.872630119323730469 11.80498504638671875 11.747938156127929688 11.678204536437988281 11.59740447998046875 11.386260032653808594 11.032177925109863281 10.584357261657714844 10.150068283081054688 9.9279537200927734375 9.9006967544555664063 9.797451019287109375 9.7252216339111328125 9.7419147491455078125 9.8548479080200195313 10.161734580993652344 10.235254287719726563 10.250472068786621094 10.389418601989746094 10.542927742004394531 10.670565605163574219 10.71968841552734375 10.752899169921875 10.744254112243652344 10.676486015319824219 10.615288734436035156 10.68976593017578125 10.685125350952148438 10.566492080688476563 10.51253509521484375 10.444692611694335938 10.360689163208007813 10.364806175231933594 10.456235885620117188
