MapLinkProApp/griddata/temperature/ASCII/cmems_mod_glo_phy-thetao_anfc_0,083deg_P1D-m_1702458667101_47,4.asc
ncols        121
nrows        120
xllcorner    -30.041666666667
yllcorner    40.041666655981
cellsize     0.083333333333
NODATA_value  9.9692099683868690468e+36
[rows 36 to 53 of 120, columns 0 to 39 of 121]
13.833964347839355469 13.789182662963867188 13.753643989562988281 13.731945991516113281 13.717731475830078125 13.702386856079101563 13.687957763671875 13.677430152893066406 13.672087669372558594 13.673367500305175781 13.678415298461914063 13.684166908264160156 13.686408042907714844 13.682814598083496094 13.675877571105957031 13.66741180419921875 13.6389617919921875 13.572468757629394531 13.537977218627929688 13.57949066162109375 13.661836624145507813 13.760897636413574219 13.882967948913574219 14.063731193542480469 14.290455818176269531 14.436025619506835938 14.417256355285644531 14.379981040954589844 14.452473640441894531 14.526881217956542969 14.525656700134277344 14.49913787841796875 14.473478317260742188 14.431021690368652344 14.367940902709960938 14.310164451599121094 14.239801406860351563 14.153789520263671875 14.036098480224609375 13.882626533508300781
13.924912452697753906 13.897276878356933594 13.873272895812988281 13.852582931518554688 13.83300018310546875 13.810538291931152344 13.789012908935546875 13.777394294738769531 13.778029441833496094 13.786707878112792969 13.795683860778808594 13.80080413818359375 13.795381546020507813 13.781251907348632813 13.757552146911621094 13.724402427673339844 13.70664215087890625 13.6765899658203125 13.595628738403320313 13.541886329650878906 13.569855690002441406 13.661554336547851563 13.770247459411621094 13.874387741088867188 14.027439117431640625 14.247902870178222656 14.396158218383789063 14.384672164916992188 14.347516059875488281 14.3907928466796875 14.464798927307128906 14.489888191223144531 14.47306060791015625 14.429150581359863281 14.349623680114746094 14.237323760986328125 14.115205764770507813 13.978567123413085938 13.846480369567871094 13.704855918884277344
13.9479217529296875 13.949149131774902344 13.951157569885253906 13.956070899963378906 13.961678504943847656 13.964211463928222656 13.968628883361816406 13.976117134094238281 13.979833602905273438 13.979907989501953125 13.977114677429199219 13.969391822814941406 13.960251808166503906 13.945680618286132813 13.921808242797851563 13.891722679138183594 13.839345932006835938 13.786442756652832031 13.721697807312011719 13.631537437438964844 13.57680511474609375 13.585873603820800781 13.640680313110351563 13.725940704345703125 13.815107345581054688 13.910167694091796875 14.054353713989257813 14.2349395751953125 14.353159904479980469 14.372765541076660156 14.353453636169433594 14.354851722717285156 14.375536918640136719 14.412386894226074219 14.430013656616210938 14.400589942932128906 14.331146240234375 14.240835189819335938 14.138416290283203125 14.063001632690429688
13.950278282165527344 13.975494384765625 13.997426033020019531 14.016692161560058594 14.031341552734375 14.041321754455566406 14.047150611877441406 14.050721168518066406 14.05230712890625 14.052063941955566406 14.053256034851074219 14.050967216491699219 14.045435905456542969 14.038175582885742188 14.021383285522460938 14.007463455200195313 13.979856491088867188 13.931624412536621094 13.863741874694824219 13.7562255859375 13.644609451293945313 13.5909576416015625 13.613982200622558594 13.661469459533691406 13.707737922668457031 13.765223503112792969 13.827639579772949219 13.890999794006347656 14.038844108581542969 14.2474365234375 14.386457443237304688 14.413575172424316406 14.35529327392578125 14.284741401672363281 14.286045074462890625 14.35967254638671875 14.392405509948730469 14.37641143798828125 14.322070121765136719 14.284640312194824219
13.965035438537597656 13.977743148803710938 13.982204437255859375 13.983225822448730469 13.985506057739257813 13.990105628967285156 13.999737739562988281 14.017087936401367188 14.039941787719726563 14.065027236938476563 14.088543891906738281 14.103973388671875 14.106678962707519531 14.100414276123046875 14.080632209777832031 14.058438301086425781 14.035840988159179688 14.007746696472167969 13.974394798278808594 13.887656211853027344 13.750341415405273438 13.640069007873535156 13.610764503479003906 13.643509864807128906 13.69512176513671875 13.730853080749511719 13.762227058410644531 13.814657211303710938 13.876544952392578125 13.957204818725585938 14.085227012634277344 14.236773490905761719 14.376283645629882813 14.437899589538574219 14.359951019287109375 14.2501983642578125 14.251612663269042969 14.302471160888671875 14.311268806457519531 14.2897796630859375
13.873933792114257813 13.879655838012695313 13.888887405395507813 13.912923812866210938 13.957282066345214844 14.021695137023925781 14.107639312744140625 14.208490371704101563 14.30977630615234375 14.401475906372070313 14.463733673095703125 14.494482040405273438 14.481784820556640625 14.435254096984863281 14.352940559387207031 14.252660751342773438 14.139467239379882813 14.049071311950683594 14.017240524291992188 14.012445449829101563 13.921145439147949219 13.752657890319824219 13.654234886169433594 13.6764678955078125 13.721452713012695313 13.742630958557128906 13.733942031860351563 13.741552352905273438 13.8052825927734375 13.896993637084960938 14.010379791259765625 14.092067718505859375 14.155679702758789063 14.302962303161621094 14.498978614807128906 14.535736083984375 14.298959732055664063 14.141551971435546875 14.1456298828125 14.177174568176269531
13.872113227844238281 13.916088104248046875 13.985380172729492188 14.093457221984863281 14.240558624267578125 14.410173416137695313 14.592447280883789063 14.770956039428710938 14.925876617431640625 15.040680885314941406 15.090961456298828125 15.091859817504882813 15.053066253662109375 14.965078353881835938 14.849411964416503906 14.695187568664550781 14.500413894653320313 14.272108078002929688 14.079377174377441406 14.024998664855957031 14.010334014892578125 13.911614418029785156 13.792473793029785156 13.756550788879394531 13.78824615478515625 13.803723335266113281 13.76222991943359375 13.704558372497558594 13.709184646606445313 13.80609893798828125 13.961838722229003906 14.097788810729980469 14.19781494140625 14.302041053771972656 14.444063186645507813 14.619332313537597656 14.597869873046875 14.2933197021484375 14.064253807067871094 13.995060920715332031
14.133582115173339844 14.300192832946777344 14.499621391296386719 14.714070320129394531 14.9250335693359375 15.120431900024414063 15.281834602355957031 15.386190414428710938 15.436001777648925781 15.438000679016113281 15.408778190612792969 15.366011619567871094 15.303918838500976563 15.240644454956054688 15.180713653564453125 15.081739425659179688 14.951604843139648438 14.761767387390136719 14.482542991638183594 14.223743438720703125 14.061005592346191406 13.977918624877929688 13.909129142761230469 13.861966133117675781 13.862482070922851563 13.86212158203125 13.809390068054199219 13.715937614440917969 13.628756523132324219 13.646868705749511719 13.843386650085449219 14.096505165100097656 14.239161491394042969 14.367998123168945313 14.569964408874511719 14.682626724243164063 14.759182929992675781 14.637557029724121094 14.322245597839355469 14.040472030639648438
14.844379425048828125 15.044481277465820313 15.198754310607910156 15.327671051025390625 15.440111160278320313 15.512577056884765625 15.544891357421875 15.563790321350097656 15.57183074951171875 15.54308319091796875 15.497071266174316406 15.448355674743652344 15.399231910705566406 15.343336105346679688 15.285744667053222656 15.203061103820800781 15.127959251403808594 15.0262451171875 14.893273353576660156 14.625887870788574219 14.329171180725097656 14.082075119018554688 13.948599815368652344 13.886593818664550781 13.869966506958007813 13.849599838256835938 13.789854049682617188 13.70725250244140625 13.62024688720703125 13.576376914978027344 13.718390464782714844 14.035287857055664063 14.265554428100585938 14.407536506652832031 14.584309577941894531 14.740848541259765625 14.801403045654296875 14.782061576843261719 14.583237648010253906 14.271478652954101563
15.264212608337402344 15.347519874572753906 15.416639328002929688 15.48923492431640625 15.575886726379394531 15.661423683166503906 15.735387802124023438 15.780730247497558594 15.789575576782226563 15.772932052612304688 15.744364738464355469 15.710294723510742188 15.672528266906738281 15.630377769470214844 15.57147216796875 15.483952522277832031 15.351483345031738281 15.193960189819335938 15.059464454650878906 14.898406028747558594 14.65847015380859375 14.36338043212890625 14.110355377197265625 13.946143150329589844 13.866662979125976563 13.823465347290039063 13.774618148803710938 13.71530914306640625 13.668118476867675781 13.616769790649414063 13.696648597717285156 13.976154327392578125 14.254599571228027344 14.414926528930664063 14.571759223937988281 14.723961830139160156 14.812508583068847656 14.781861305236816406 14.622229576110839844 14.363507270812988281
15.534886360168457031 15.651597023010253906 15.754131317138671875 15.826806068420410156 15.874391555786132813 15.896651268005371094 15.897677421569824219 15.886054039001464844 15.870405197143554688 15.854618072509765625 15.837258338928222656 15.812322616577148438 15.78350830078125 15.755333900451660156 15.72208404541015625 15.693082809448242188 15.630083084106445313 15.496463775634765625 15.305816650390625 15.121491432189941406 14.956182479858398438 14.754878997802734375 14.49622344970703125 14.255542755126953125 14.068065643310546875 13.939927101135253906 13.870659828186035156 13.823026657104492188 13.825138092041015625 13.821407318115234375 13.820299148559570313 13.992125511169433594 14.275182723999023438 14.466509819030761719 14.580801010131835938 14.723705291748046875 14.838644981384277344 14.819965362548828125 14.647475242614746094 14.382661819458007813
15.911641120910644531 15.929209709167480469 15.93132781982421875 15.926219940185546875 15.914310455322265625 15.894967079162597656 15.870288848876953125 15.841654777526855469 15.813405990600585938 15.783878326416015625 15.751276016235351563 15.715977668762207031 15.682952880859375 15.658145904541015625 15.645070075988769531 15.65576934814453125 15.662482261657714844 15.625040054321289063 15.507404327392578125 15.325522422790527344 15.143811225891113281 14.986487388610839844 14.797418594360351563 14.5837554931640625 14.382019996643066406 14.203649520874023438 14.091568946838378906 14.017188072204589844 14.010860443115234375 14.02447509765625 14.027151107788085938 14.124300956726074219 14.366888999938964844 14.537754058837890625 14.623642921447753906 14.776373863220214844 14.879247665405273438 14.866052627563476563 14.681249618530273438 14.387538909912109375
15.937105178833007813 15.935996055603027344 15.930387496948242188 15.911008834838867188 15.866122245788574219 15.795113563537597656 15.712138175964355469 15.631688117980957031 15.566971778869628906 15.520322799682617188 15.486867904663085938 15.464549064636230469 15.454496383666992188 15.450556755065917969 15.459698677062988281 15.502471923828125 15.569069862365722656 15.602919578552246094 15.563532829284667969 15.446497917175292969 15.282901763916015625 15.1316680908203125 14.977771759033203125 14.813536643981933594 14.662263870239257813 14.502068519592285156 14.376672744750976563 14.283624649047851563 14.244942665100097656 14.245072364807128906 14.244958877563476563 14.295472145080566406 14.495317459106445313 14.618535995483398438 14.692479133605957031 14.838335037231445313 14.928610801696777344 14.895120620727539063 14.712151527404785156 14.419362068176269531
15.955571174621582031 15.9447479248046875 15.890458106994628906 15.773275375366210938 15.600087165832519531 15.414178848266601563 15.267224311828613281 15.179795265197753906 15.149149894714355469 15.150635719299316406 15.174574851989746094 15.218665122985839844 15.266706466674804688 15.291669845581054688 15.306029319763183594 15.355253219604492188 15.446631431579589844 15.5311126708984375 15.552280426025390625 15.483433723449707031 15.366129875183105469 15.244275093078613281 15.106729507446289063 14.969533920288085938 14.858162879943847656 14.734704971313476563 14.626804351806640625 14.544760704040527344 14.485445976257324219 14.479096412658691406 14.458019256591796875 14.481703758239746094 14.641104698181152344 14.710923194885253906 14.763257980346679688 14.897367477416992188 14.971640586853027344 14.904811859130859375 14.705765724182128906 14.442414283752441406
15.980786323547363281 15.918807029724121094 15.764498710632324219 15.524222373962402344 15.257417678833007813 15.064847946166992188 14.995928764343261719 14.998024940490722656 15.023416519165039063 15.0702972412109375 15.128649711608886719 15.193128585815429688 15.245062828063964844 15.260187149047851563 15.258852005004882813 15.288439750671386719 15.37540435791015625 15.477460861206054688 15.52010345458984375 15.469929695129394531 15.384787559509277344 15.285413742065429688 15.169714927673339844 15.064149856567382813 14.970548629760742188 14.856177330017089844 14.774839401245117188 14.701564788818359375 14.641515731811523438 14.6387939453125 14.583662986755371094 14.607488632202148438 14.748475074768066406 14.788613319396972656 14.816293716430664063 14.926622390747070313 14.992365837097167969 14.920464515686035156 14.702538490295410156 14.464834213256835938
15.99945831298828125 15.888803482055664063 15.657822608947753906 15.359620094299316406 15.111924171447753906 15.012385368347167969 15.026537895202636719 15.077441215515136719 15.137453079223632813 15.182374954223632813 15.214845657348632813 15.236982345581054688 15.244933128356933594 15.239274978637695313 15.239619255065917969 15.274744033813476563 15.354115486145019531 15.444741249084472656 15.483626365661621094 15.447295188903808594 15.37970733642578125 15.308968544006347656 15.239545822143554688 15.1749725341796875 15.079215049743652344 14.984644889831542969 14.913056373596191406 14.826674461364746094 14.777056694030761719 14.752162933349609375 14.697134971618652344 14.75629425048828125 14.860653877258300781 14.850281715393066406 14.861025810241699219 14.961840629577636719 15.023694038391113281 14.956429481506347656 14.754799842834472656 14.531912803649902344
16.06866455078125 15.955159187316894531 15.675803184509277344 15.333897590637207031 15.077855110168457031 15.012442588806152344 15.076884269714355469 15.149022102355957031 15.197075843811035156 15.216946601867675781 15.225727081298828125 15.227412223815917969 15.226999282836914063 15.23688507080078125 15.267224311828613281 15.319285392761230469 15.384589195251464844 15.440706253051757813 15.459818840026855469 15.42661285400390625 15.373668670654296875 15.329427719116210938 15.291843414306640625 15.246747970581054688 15.181925773620605469 15.108057022094726563 15.013304710388183594 14.935186386108398438 14.88860321044921875 14.828507423400878906 14.802806854248046875 14.914884567260742188 14.955008506774902344 14.891557693481445313 14.920537948608398438 15.023593902587890625 15.069448471069335938 14.989709854125976563 14.794888496398925781 14.595033645629882813
16.123950958251953125 16.039213180541992188 15.740238189697265625 15.361701011657714844 15.080050468444824219 15.02362823486328125 15.108244895935058594 15.171133041381835938 15.186680793762207031 15.182721138000488281 15.181632041931152344 15.192072868347167969 15.215517044067382813 15.245710372924804688 15.287619590759277344 15.333266258239746094 15.384796142578125 15.428218841552734375 15.438099861145019531 15.409024238586425781 15.374561309814453125 15.347294807434082031 15.326873779296875 15.299292564392089844 15.247659683227539063 15.168865203857421875 15.087946891784667969 15.012497901916503906 14.958260536193847656 14.892146110534667969 14.954546928405761719 15.047280311584472656 14.992724418640136719 14.9216766357421875 14.982858657836914063 15.074450492858886719 15.112549781799316406 15.034882545471191406 14.835640907287597656 14.649973869323730469
