MapLinkProApp/griddata/temperature/ASCII/cmems_mod_glo_phy-thetao_anfc_0,083deg_P1D-m_1702458667101_18,5.asc
ncols        121
nrows        120
xllcorner    -30.041666666667
yllcorner    40.041666655981
cellsize     0.083333333333
NODATA_value  9.9692099683868690468e+36
[rows 72 to 89 of 120, columns 0 to 39 of 121]
17.356637954711914063 17.351772308349609375 17.339292526245117188 17.32944488525390625 17.323217391967773438 17.322237014770507813 17.325946807861328125 17.332471847534179688 17.336313247680664063 17.324748992919921875 17.2775421142578125 17.118724822998046875 16.795446395874023438 16.342607498168945313 16.007726669311523438 15.852774620056152344 15.842436790466308594 15.882029533386230469 15.912525177001953125 15.803339004516601563 15.585841178894042969 15.393707275390625 15.301859855651855469 15.354603767395019531 15.524791717529296875 16.003839492797851563 16.661211013793945313 17.050157546997070313 17.142499923706054688 17.151763916015625 17.170740127563476563 17.172794342041015625 17.132219314575195313 17.073091506958007813 17.030918121337890625 17.008523941040039063 16.997526168823242188 16.991756439208984375 16.986637115478515625 16.981439590454101563
17.333187103271484375 17.3349456787109375 17.326921463012695313 17.312078475952148438 17.29668426513671875 17.283479690551757813 17.274202346801757813 17.268106460571289063 17.273366928100585938 17.289144515991210938 17.304162979125976563 17.287527084350585938 17.139316558837890625 16.814729690551757813 16.443727493286132813 16.1757354736328125 16.056097030639648438 16.00862884521484375 15.987084388732910156 15.894140243530273438 15.662497520446777344 15.456078529357910156 15.395771980285644531 15.72994232177734375 16.196338653564453125 16.758855819702148438 17.037828445434570313 17.053617477416992188 17.064352035522460938 17.11580657958984375 17.172607421875 17.160875320434570313 17.0679168701171875 16.971820831298828125 16.91349029541015625 16.870016098022460938 16.8367767333984375 16.812578201293945313 16.79668426513671875 16.794464111328125
17.278764724731445313 17.2937164306640625 17.301801681518554688 17.297983169555664063 17.28885650634765625 17.276576995849609375 17.269062042236328125 17.255977630615234375 17.242633819580078125 17.225177764892578125 17.222276687622070313 17.245885848999023438 17.249437332153320313 17.115365982055664063 16.816354751586914063 16.468820571899414063 16.237401962280273438 16.067737579345703125 15.931501388549804688 15.761483192443847656 15.561692237854003906 15.574655532836914063 16.0832672119140625 16.641803741455078125 16.903804779052734375 16.981658935546875 16.993129730224609375 17.018369674682617188 17.044773101806640625 17.073266983032226563 17.112405776977539063 17.0395965576171875 16.859006881713867188 16.719091415405273438 16.649629592895507813 16.598138809204101563 16.557806015014648438 16.525632858276367188 16.508481979370117188 16.509130477905273438
17.228633880615234375 17.236217498779296875 17.251308441162109375 17.25836181640625 17.260738372802734375 17.252840042114257813 17.24828338623046875 17.2449951171875 17.243839263916015625 17.22278594970703125 17.192323684692382813 17.181604385375976563 17.223848342895507813 17.243242263793945313 17.049713134765625 16.634485244750976563 16.278352737426757813 15.946538925170898438 15.710942268371582031 15.583390235900878906 15.786946296691894531 16.362787246704101563 16.867305755615234375 16.931009292602539063 16.9372406005859375 16.934627532958984375 16.944835662841796875 16.939241409301757813 16.930200576782226563 16.972990036010742188 17.027980804443359375 16.914506912231445313 16.670587539672851563 16.5166778564453125 16.45322418212890625 16.415941238403320313 16.3950347900390625 16.378725051879882813 16.370418548583984375 16.365888595581054688
17.249555587768554688 17.2381744384765625 17.240201950073242188 17.241283416748046875 17.2467803955078125 17.248231887817382813 17.245153427124023438 17.242643356323242188 17.24022674560546875 17.227519989013671875 17.204257965087890625 17.168193817138671875 17.186285018920898438 17.24594879150390625 17.139875411987304688 16.7274627685546875 16.23072052001953125 15.796283721923828125 15.643573760986328125 15.898180961608886719 16.493221282958984375 16.816061019897460938 16.907682418823242188 16.911108016967773438 16.907512664794921875 16.90181732177734375 16.895114898681640625 16.885763168334960938 16.884382247924804688 16.9296112060546875 16.974252700805664063 16.807352066040039063 16.532526016235351563 16.411687850952148438 16.387157440185546875 16.370685577392578125 16.363262176513671875 16.355762481689453125 16.352819442749023438 16.351202011108398438
17.434785842895507813 17.368228912353515625 17.315546035766601563 17.28125 17.260637283325195313 17.255191802978515625 17.25030517578125 17.248701095581054688 17.246965408325195313 17.23993682861328125 17.2176055908203125 17.18065643310546875 17.161947250366210938 17.231082916259765625 17.196186065673828125 16.8172760009765625 16.19976806640625 15.772791862487792969 15.904407501220703125 16.49309539794921875 16.799821853637695313 16.898807525634765625 16.91431427001953125 16.90842437744140625 16.901441574096679688 16.887609481811523438 16.878721237182617188 16.867708206176757813 16.853803634643554688 16.894853591918945313 16.9301605224609375 16.72516632080078125 16.427463531494140625 16.359540939331054688 16.364591598510742188 16.352308273315429688 16.354839324951171875 16.361120223999023438 16.367706298828125 16.3782958984375
17.6808013916015625 17.609683990478515625 17.527246475219726563 17.446271896362304688 17.375782012939453125 17.324419021606445313 17.286756515502929688 17.274400711059570313 17.263135910034179688 17.26043701171875 17.231847763061523438 17.20955657958984375 17.161348342895507813 17.21666717529296875 17.230236053466796875 16.911783218383789063 16.264286041259765625 15.859374046325683594 16.165277481079101563 16.676340103149414063 16.85965728759765625 16.906534194946289063 16.917974472045898438 16.91429901123046875 16.881694793701171875 16.857358932495117188 16.84615325927734375 16.8327789306640625 16.820363998413085938 16.867071151733398438 16.900991439819335938 16.674495697021484375 16.380243301391601563 16.3498382568359375 16.367475509643554688 16.36391448974609375 16.397546768188476563 16.427675247192382813 16.451433181762695313 16.48278045654296875
17.754972457885742188 17.728635787963867188 17.678022384643554688 17.611776351928710938 17.53408050537109375 17.46985626220703125 17.409458160400390625 17.370313644409179688 17.3316650390625 17.3089141845703125 17.261241912841796875 17.247385025024414063 17.18816375732421875 17.213228225708007813 17.2539825439453125 17.017740249633789063 16.380279541015625 15.953237533569335938 16.23293304443359375 16.686830520629882813 16.855712890625 16.903470993041992188 16.91931915283203125 16.901987075805664063 16.845378875732421875 16.816358566284179688 16.802625656127929688 16.788824081420898438 16.791467666625976563 16.846502304077148438 16.885463714599609375 16.645479202270507813 16.363828659057617188 16.358793258666992188 16.399274826049804688 16.416400909423828125 16.466033935546875 16.503042221069335938 16.53481292724609375 16.568973541259765625
17.691432952880859375 17.725446701049804688 17.733402252197265625 17.713026046752929688 17.670101165771484375 17.622976303100585938 17.555299758911132813 17.494813919067382813 17.430379867553710938 17.377939224243164063 17.312738418579101563 17.289363861083984375 17.24680328369140625 17.218753814697265625 17.26949310302734375 17.140481948852539063 16.574617385864257813 16.091878890991210938 16.235193252563476563 16.62778472900390625 16.828182220458984375 16.897716522216796875 16.920289993286132813 16.87026214599609375 16.7993011474609375 16.763761520385742188 16.746263504028320313 16.739149093627929688 16.755420684814453125 16.81451416015625 16.872652053833007813 16.662752151489257813 16.366323471069335938 16.378063201904296875 16.429676055908203125 16.435062408447265625 16.478910446166992188 16.534914016723632813 16.589931488037109375 16.6331939697265625
17.55525970458984375 17.625629425048828125 17.685075759887695313 17.711309432983398438 17.699291229248046875 17.6625823974609375 17.599550247192382813 17.540441513061523438 17.477678298950195313 17.417644500732421875 17.3504791259765625 17.319356918334960938 17.30912017822265625 17.24929046630859375 17.287500381469726563 17.246702194213867188 16.774858474731445313 16.249509811401367188 16.257511138916015625 16.585391998291015625 16.806873321533203125 16.895917892456054688 16.896831512451171875 16.810003280639648438 16.743932723999023438 16.712123870849609375 16.693891525268554688 16.694643020629882813 16.718088150024414063 16.775556564331054688 16.86231231689453125 16.720363616943359375 16.385282516479492188 16.376623153686523438 16.422389984130859375 16.405084609985351563 16.435359954833984375 16.507762908935546875 16.585851669311523438 16.644208908081054688
17.503034591674804688 17.540531158447265625 17.608064651489257813 17.660451889038085938 17.670980453491210938 17.646511077880859375 17.599767684936523438 17.561388015747070313 17.503337860107421875 17.44073486328125 17.378046035766601563 17.347841262817382813 17.349031448364257813 17.27825164794921875 17.298673629760742188 17.296875 16.917957305908203125 16.377042770385742188 16.3140411376953125 16.598398208618164063 16.812437057495117188 16.887271881103515625 16.834505081176757813 16.743928909301757813 16.685459136962890625 16.657415390014648438 16.65026092529296875 16.667448043823242188 16.693487167358398438 16.737628936767578125 16.844272613525390625 16.789770126342773438 16.428190231323242188 16.358884811401367188 16.39403533935546875 16.34784698486328125 16.344944000244140625 16.421346664428710938 16.531721115112304688 16.625123977661132813
17.49611663818359375 17.492603302001953125 17.543186187744140625 17.6018218994140625 17.637847900390625 17.645086288452148438 17.626415252685546875 17.60024261474609375 17.5435638427734375 17.490732192993164063 17.439605712890625 17.407777786254882813 17.400478363037109375 17.306797027587890625 17.306116104125976563 17.323001861572265625 17.0409088134765625 16.50569915771484375 16.392595291137695313 16.625902175903320313 16.80039215087890625 16.813940048217773438 16.72968292236328125 16.657300949096679688 16.604562759399414063 16.593042373657226563 16.621303558349609375 16.670135498046875 16.705739974975585938 16.712804794311523438 16.798295974731445313 16.872089385986328125 16.524946212768554688 16.350032806396484375 16.351270675659179688 16.29273223876953125 16.25196075439453125 16.304149627685546875 16.422201156616210938 16.55507659912109375
17.4805755615234375 17.477619171142578125 17.510976791381835938 17.560764312744140625 17.608203887939453125 17.635801315307617188 17.641412734985351563 17.632089614868164063 17.593769073486328125 17.557979583740234375 17.511951446533203125 17.473011016845703125 17.440074920654296875 17.326114654541015625 17.308961868286132813 17.327371597290039063 17.104648590087890625 16.595062255859375 16.453832626342773438 16.628919601440429688 16.733198165893554688 16.691301345825195313 16.613887786865234375 16.561017990112304688 16.5419158935546875 16.579530715942382813 16.666805267333984375 16.74652862548828125 16.787595748901367188 16.7502593994140625 16.763866424560546875 16.890298843383789063 16.630229949951171875 16.370512008666992188 16.303026199340820313 16.253789901733398438 16.234582901000976563 16.275838851928710938 16.376308441162109375 16.500791549682617188
17.463611602783203125 17.470485687255859375 17.50147247314453125 17.550016403198242188 17.596527099609375 17.629302978515625 17.644689559936523438 17.64440155029296875 17.622880935668945313 17.595746994018554688 17.552350997924804688 17.516672134399414063 17.466981887817382813 17.343975067138671875 17.317178726196289063 17.326007843017578125 17.110599517822265625 16.624719619750976563 16.482896804809570313 16.604021072387695313 16.635156631469726563 16.5837860107421875 16.524145126342773438 16.512292861938476563 16.55710601806640625 16.68350982666015625 16.828111648559570313 16.922801971435546875 16.9385833740234375 16.85561370849609375 16.772344589233398438 16.886102676391601563 16.697713851928710938 16.3945770263671875 16.274768829345703125 16.263317108154296875 16.286136627197265625 16.36870574951171875 16.515926361083984375 16.630273818969726563
17.470808029174804688 17.491489410400390625 17.5302581787109375 17.577457427978515625 17.612781524658203125 17.634302139282226563 17.642414093017578125 17.64214324951171875 17.632444381713867188 17.616537094116210938 17.5835113525390625 17.559574127197265625 17.506410598754882813 17.3779296875 17.329198837280273438 17.320333480834960938 17.096055984497070313 16.637102127075195313 16.510133743286132813 16.55730438232421875 16.5194854736328125 16.484081268310546875 16.5052642822265625 16.618207931518554688 16.826856613159179688 17.045572280883789063 17.19635009765625 17.252061843872070313 17.201421737670898438 17.040555953979492188 16.845821380615234375 16.886539459228515625 16.772809982299804688 16.43437957763671875 16.286998748779296875 16.314817428588867188 16.371171951293945313 16.52431488037109375 16.759244918823242188 16.940093994140625
17.541627883911132813 17.555261611938476563 17.580249786376953125 17.603082656860351563 17.610910415649414063 17.615505218505859375 17.618822097778320313 17.626638412475585938 17.62543487548828125 17.621912002563476563 17.605581283569335938 17.585203170776367188 17.527477264404296875 17.3961181640625 17.334016799926757813 17.292755126953125 17.039632797241210938 16.6087188720703125 16.524187088012695313 16.478816986083984375 16.451253890991210938 16.520490646362304688 16.715536117553710938 17.02628326416015625 17.313783645629882813 17.478693008422851563 17.529466629028320313 17.5194091796875 17.419507980346679688 17.206609725952148438 16.932674407958984375 16.89764404296875 16.866701126098632813 16.513151168823242188 16.349933624267578125 16.364526748657226563 16.40189361572265625 16.533075332641601563 16.761394500732421875 16.988857269287109375
17.576320648193359375 17.580841064453125 17.586864471435546875 17.59151458740234375 17.5940399169921875 17.599714279174804688 17.610134124755859375 17.627332687377929688 17.633245468139648438 17.627737045288085938 17.617197036743164063 17.588186264038085938 17.513631820678710938 17.390508651733398438 17.331752777099609375 17.248748779296875 16.932590484619140625 16.563783645629882813 16.4810943603515625 16.436267852783203125 16.530529022216796875 16.751674652099609375 17.10900115966796875 17.428606033325195313 17.5860137939453125 17.601511001586914063 17.587116241455078125 17.555780410766601563 17.456308364868164063 17.2523040771484375 16.974552154541015625 16.910451889038085938 16.94750213623046875 16.608133316040039063 16.447645187377929688 16.419115066528320313 16.410772323608398438 16.467603683471679688 16.646974563598632813 16.918382644653320313
17.620248794555664063 17.6085357666015625 17.602893829345703125 17.605333328247070313 17.614061355590820313 17.623178482055664063 17.641185760498046875 17.658794403076171875 17.655591964721679688 17.642797470092773438 17.619365692138671875 17.558755874633789063 17.45301055908203125 17.340076446533203125 17.272905349731445313 17.122821807861328125 16.776031494140625 16.4551544189453125 16.440294265747070313 16.565824508666992188 16.82566070556640625 17.167110443115234375 17.459522247314453125 17.597293853759765625 17.59191131591796875 17.523260116577148438 17.472208023071289063 17.432725906372070313 17.343088150024414063 17.178401947021484375 16.95915985107421875 16.931041717529296875 17.010921478271484375 16.756414413452148438 16.6087646484375 16.514801025390625 16.458219528198242188 16.48104095458984375 16.762786865234375 17.184671401977539063
