MapLinkProApp/griddata/temperature/ASCII/cmems_mod_glo_phy-thetao_anfc_0,083deg_P1D-m_1702458667101_763,3.asc
ncols        121
nrows        120
xllcorner    -30.041666666667
yllcorner    40.041666655981
cellsize     0.083333333333
NODATA_value  9.9692099683868690468e+36
[rows 36 to 53 of 120, columns 40 to 79 of 121]
5.9591984748840332031 5.8410944938659667969 5.7308473587036132813 5.6833004951477050781 5.7418994903564453125 5.8550539016723632813 5.9992842674255371094 6.1688094139099121094 6.3218941688537597656 6.4517679214477539063 6.6128525733947753906 6.8914122581481933594 7.0862965583801269531 7.2261838912963867188 7.3367557525634765625 7.4589447975158691406 7.642658233642578125 7.8492331504821777344 8.02386474609375 8.1413469314575195313 8.2823085784912109375 8.4031314849853515625 8.4411783218383789063 8.4368486404418945313 8.3194179534912109375 8.01599884033203125 7.6932730674743652344 7.5325455665588378906 7.469593048095703125 7.385120391845703125 7.2892475128173828125 7.1737904548645019531 7.0670881271362304688 7.0234212875366210938 7.1248764991760253906 7.3645391464233398438 7.7717962265014648438 8.1503782272338867188 8.31186676025390625 8.3273744583129882813
6.0792894363403320313 6.0408658981323242188 5.9539828300476074219 5.8631787300109863281 5.9054837226867675781 6.0367131233215332031 6.1606264114379882813 6.2896776199340820313 6.4175243377685546875 6.5417637825012207031 6.7606530189514160156 7.0015659332275390625 7.1343564987182617188 7.2575311660766601563 7.3747582435607910156 7.4975199699401855469 7.6815428733825683594 7.8944535255432128906 8.0763845443725585938 8.197093963623046875 8.3113546371459960938 8.4071559906005859375 8.436084747314453125 8.4217729568481445313 8.2699613571166992188 7.969329833984375 7.6833157539367675781 7.5507640838623046875 7.5210542678833007813 7.4335875511169433594 7.3545255661010742188 7.2622089385986328125 7.1674513816833496094 7.0952062606811523438 7.1275105476379394531 7.4052267074584960938 7.8509798049926757813 8.1541528701782226563 8.2402820587158203125 8.2033643722534179688
6.1740894317626953125 6.15607452392578125 6.1189622879028320313 6.0843133926391601563 6.1341276168823242188 6.2188315391540527344 6.2940325736999511719 6.397914886474609375 6.5176968574523925781 6.7025995254516601563 6.9443922042846679688 7.0556764602661132813 7.1376481056213378906 7.2577099800109863281 7.3864927291870117188 7.5069518089294433594 7.6818566322326660156 7.8932733535766601563 8.0776500701904296875 8.2055568695068359375 8.279567718505859375 8.34271240234375 8.3722829818725585938 8.3498907089233398438 8.1842489242553710938 7.9210176467895507813 7.6806674003601074219 7.5551242828369140625 7.5285334587097167969 7.4531841278076171875 7.3730707168579101563 7.2778105735778808594 7.2248835563659667969 7.1810259819030761719 7.2447729110717773438 7.5391263961791992188 7.9530529975891113281 8.1736230850219726563 8.2232675552368164063 8.2374744415283203125
6.2159452438354492188 6.2895078659057617188 6.3720273971557617188 6.3490357398986816406 6.3211212158203125 6.3353095054626464844 6.3728113174438476563 6.4674882888793945313 6.6808862686157226563 6.9257106781005859375 7.0269832611083984375 7.0711750984191894531 7.134731292724609375 7.243297576904296875 7.3585443496704101563 7.4746103286743164063 7.6316394805908203125 7.8265123367309570313 8.0022420883178710938 8.14658355712890625 8.230804443359375 8.2447757720947265625 8.2556657791137695313 8.2296953201293945313 8.0597076416015625 7.8453469276428222656 7.6779127120971679688 7.5680828094482421875 7.4887361526489257813 7.42005157470703125 7.3385801315307617188 7.2607107162475585938 7.2472023963928222656 7.2841420173645019531 7.4341278076171875 7.7734160423278808594 8.0957164764404296875 8.1800279617309570313 8.1875085830688476563 8.3043804168701171875
6.1742506027221679688 6.3272194862365722656 6.4297609329223632813 6.3715343475341796875 6.3154993057250976563 6.3165659904479980469 6.3640031814575195313 6.5200562477111816406 6.8133139610290527344 7.042713165283203125 7.0711507797241210938 7.0968060493469238281 7.1336712837219238281 7.2023005485534667969 7.2983803749084472656 7.41976165771484375 7.5581345558166503906 7.7009000778198242188 7.836536407470703125 7.9698314666748046875 8.0886964797973632813 8.1382341384887695313 8.1251697540283203125 8.0876617431640625 7.9309897422790527344 7.7586269378662109375 7.5787043571472167969 7.4517283439636230469 7.3964610099792480469 7.3428435325622558594 7.2695889472961425781 7.2382965087890625 7.3022933006286621094 7.4218688011169433594 7.6547026634216308594 7.9800086021423339844 8.1568145751953125 8.1769695281982421875 8.1828603744506835938 8.2432498931884765625
6.0845003128051757813 6.2257757186889648438 6.3294138908386230469 6.3507223129272460938 6.3776044845581054688 6.4367117881774902344 6.5319657325744628906 6.7046136856079101563 6.9374146461486816406 7.0982584953308105469 7.1465053558349609375 7.1572432518005371094 7.1376452445983886719 7.1346735954284667969 7.2334580421447753906 7.3751201629638671875 7.4598336219787597656 7.4866642951965332031 7.5206079483032226563 7.590362548828125 7.6869249343872070313 7.8134913444519042969 7.869190216064453125 7.8309078216552734375 7.7021465301513671875 7.5432882308959960938 7.4099397659301757813 7.3334383964538574219 7.2846674919128417969 7.2224712371826171875 7.2088809013366699219 7.2766466140747070313 7.4319853782653808594 7.6340422630310058594 7.8984627723693847656 8.1037006378173828125 8.1190671920776367188 8.0551242828369140625 8.0940532684326171875 8.1095952987670898438
6.2187724113464355469 6.2877230644226074219 6.4002466201782226563 6.4527006149291992188 6.4477334022521972656 6.4781470298767089844 6.5670475959777832031 6.7374854087829589844 6.9758787155151367188 7.1444110870361328125 7.1996150016784667969 7.2111878395080566406 7.1735353469848632813 7.1336092948913574219 7.205463409423828125 7.3453049659729003906 7.4257831573486328125 7.4478368759155273438 7.4596314430236816406 7.4214005470275878906 7.3755054473876953125 7.4176220893859863281 7.4896726608276367188 7.5000367164611816406 7.415374755859375 7.3131132125854492188 7.2331480979919433594 7.1703352928161621094 7.1457676887512207031 7.1648321151733398438 7.2003912925720214844 7.3472003936767578125 7.5888533592224121094 7.8317370414733886719 8.0389928817749023438 8.08646392822265625 7.9782428741455078125 7.9638876914978027344 7.92272186279296875 7.8880648612976074219
6.5468506813049316406 6.5418672561645507813 6.5632219314575195313 6.5822343826293945313 6.562591552734375 6.5551624298095703125 6.5961589813232421875 6.7432818412780761719 6.9895963668823242188 7.1749510765075683594 7.2375359535217285156 7.2617220878601074219 7.2462329864501953125 7.1956248283386230469 7.210479736328125 7.3295278549194335938 7.4917621612548828125 7.549785614013671875 7.5638742446899414063 7.5149197578430175781 7.466793060302734375 7.4254298210144042969 7.3669419288635253906 7.3164243698120117188 7.241397857666015625 7.1298899650573730469 7.09148406982421875 7.0564298629760742188 7.0729770660400390625 7.1388149261474609375 7.2619862556457519531 7.4813108444213867188 7.73641204833984375 7.9424524307250976563 8.0611171722412109375 8.003856658935546875 7.9060735702514648438 7.8510394096374511719 7.802448272705078125 7.7395620346069335938
6.7720942497253417969 6.7537674903869628906 6.73712158203125 6.7254238128662109375 6.6879062652587890625 6.6469445228576660156 6.6529059410095214844 6.765087127685546875 6.9783167839050292969 7.1597108840942382813 7.2253503799438476563 7.2503829002380371094 7.2834405899047851563 7.2894582748413085938 7.2660388946533203125 7.2690296173095703125 7.3990631103515625 7.5170826911926269531 7.5839996337890625 7.6512327194213867188 7.6676039695739746094 7.609588623046875 7.5102944374084472656 7.3742704391479492188 7.2585477828979492188 7.1359491348266601563 7.0841960906982421875 7.0387034416198730469 7.0944170951843261719 7.2080378532409667969 7.3626704216003417969 7.6265749931335449219 7.8640270233154296875 8.00482177734375 8.0376148223876953125 7.8985643386840820313 7.8370566368103027344 7.7777171134948730469 7.7382917404174804688 7.5978951454162597656
6.8227849006652832031 6.7687849998474121094 6.730739593505859375 6.7065715789794921875 6.6694011688232421875 6.6268191337585449219 6.6189656257629394531 6.7013964653015136719 6.8789105415344238281 7.0544261932373046875 7.1439561843872070313 7.1999125480651855469 7.2828326225280761719 7.3469786643981933594 7.3868150711059570313 7.389644622802734375 7.4419884681701660156 7.6010136604309082031 7.7148232460021972656 7.7986674308776855469 7.8831944465637207031 7.8649415969848632813 7.7749323844909667969 7.6103291511535644531 7.4211368560791015625 7.3013081550598144531 7.2384266853332519531 7.185398101806640625 7.2066979408264160156 7.3200054168701171875 7.5012774467468261719 7.7286615371704101563 7.9217829704284667969 8.0107030868530273438 7.9571895599365234375 7.8232173919677734375 7.7935967445373535156 7.7752132415771484375 7.7208571434020996094 7.5564799308776855469
6.7786273956298828125 6.7067866325378417969 6.6379761695861816406 6.5847883224487304688 6.5490288734436035156 6.5313978195190429688 6.5349965095520019531 6.5809044837951660156 6.7101521492004394531 6.8704366683959960938 7.0013041496276855469 7.1451082229614257813 7.2879576683044433594 7.3957233428955078125 7.4987545013427734375 7.6097965240478515625 7.6864666938781738281 7.7688431739807128906 7.8866186141967773438 7.9856753349304199219 8.0931253433227539063 8.154430389404296875 8.1619291305541992188 8.0659761428833007813 7.8178310394287109375 7.5996985435485839844 7.4599905014038085938 7.431316375732421875 7.4217681884765625 7.4826679229736328125 7.6363902091979980469 7.8247628211975097656 7.9595165252685546875 8.008819580078125 7.9131784439086914063 7.7607684135437011719 7.6834912300109863281 7.6811375617980957031 7.7244653701782226563 7.698085784912109375
6.7517871856689453125 6.6664729118347167969 6.5370316505432128906 6.4444580078125 6.4298853874206542969 6.4632787704467773438 6.5194115638732910156 6.5755062103271484375 6.6624693870544433594 6.78777313232421875 6.9676060676574707031 7.1900568008422851563 7.3423776626586914063 7.4507336616516113281 7.5309963226318359375 7.6404528617858886719 7.7792692184448242188 7.8824820518493652344 7.9839367866516113281 8.12985992431640625 8.2641572952270507813 8.3162221908569335938 8.38513946533203125 8.4353208541870117188 8.3425188064575195313 8.0934858322143554688 7.8157935142517089844 7.6711802482604980469 7.6024250984191894531 7.6316680908203125 7.7458577156066894531 7.8755383491516113281 7.9567089080810546875 7.9554834365844726563 7.8456125259399414063 7.6754212379455566406 7.5230093002319335938 7.4465093612670898438 7.4296259880065917969 7.5316181182861328125
6.7648835182189941406 6.668773651123046875 6.5762104988098144531 6.5658617019653320313 6.6024641990661621094 6.6288638114929199219 6.6364598274230957031 6.6896409988403320313 6.7990732192993164063 6.9508061408996582031 7.1335425376892089844 7.2875075340270996094 7.4031591415405273438 7.4939808845520019531 7.5679917335510253906 7.6571993827819824219 7.7681965827941894531 7.8882813453674316406 8.0333929061889648438 8.26459503173828125 8.4911527633666992188 8.6040897369384765625 8.6479463577270507813 8.6585845947265625 8.6628894805908203125 8.579746246337890625 8.2624998092651367188 7.9646410942077636719 7.8290338516235351563 7.7514562606811523438 7.75339508056640625 7.8508439064025878906 7.932544708251953125 7.9500126838684082031 7.8643207550048828125 7.7147202491760253906 7.5281667709350585938 7.3140583038330078125 7.2361516952514648438 7.2266230583190917969
6.8398900032043457031 6.7679510116577148438 6.7530393600463867188 6.8144063949584960938 6.8847126960754394531 6.9362607002258300781 7.0128126144409179688 7.1069793701171875 7.1842570304870605469 7.2520360946655273438 7.3268365859985351563 7.3896627426147460938 7.4263372421264648438 7.4601087570190429688 7.490642547607421875 7.5310978889465332031 7.6327419281005859375 7.8027596473693847656 8.0273561477661132813 8.37060546875 8.72499847412109375 8.950714111328125 9.1028614044189453125 9.1836338043212890625 9.1314821243286132813 8.9812765121459960938 8.8316106796264648438 8.5492801666259765625 8.1954898834228515625 7.9491758346557617188 7.8612079620361328125 7.8868432044982910156 7.9137134552001953125 7.9198093414306640625 7.8565182685852050781 7.7418851852416992188 7.5714964866638183594 7.3512816429138183594 7.227619171142578125 7.1644635200500488281
6.9499063491821289063 6.915988922119140625 6.9606690406799316406 7.0658740997314453125 7.1471533775329589844 7.2428998947143554688 7.3523855209350585938 7.400249481201171875 7.3830413818359375 7.3709988594055175781 7.3961167335510253906 7.4177389144897460938 7.419586181640625 7.4171648025512695313 7.3997244834899902344 7.4250950813293457031 7.5512952804565429688 7.7979950904846191406 8.11576080322265625 8.5250949859619140625 8.92510986328125 9.18243408203125 9.34104156494140625 9.4492168426513671875 9.5104160308837890625 9.4141216278076171875 9.2707891464233398438 9.1234416961669921875 8.884624481201171875 8.5483684539794921875 8.2168598175048828125 7.9906358718872070313 7.8830699920654296875 7.8979573249816894531 7.8783407211303710938 7.7841334342956542969 7.6933107376098632813 7.6063017845153808594 7.5007681846618652344 7.3636345863342285156
7.0757861137390136719 7.0705771446228027344 7.1549844741821289063 7.2762255668640136719 7.3829779624938964844 7.4866404533386230469 7.5787911415100097656 7.5933442115783691406 7.5205359458923339844 7.4471487998962402344 7.4211168289184570313 7.4110507965087890625 7.4046216011047363281 7.3986530303955078125 7.3888220787048339844 7.4672455787658691406 7.6956992149353027344 7.9852738380432128906 8.3151865005493164063 8.6992921829223632813 9.04146575927734375 9.2899627685546875 9.473056793212890625 9.59447479248046875 9.7016267776489257813 9.75251007080078125 9.70540618896484375 9.5923566818237304688 9.4504690170288085938 9.2515020370483398438 8.9617433547973632813 8.6267499923706054688 8.2757215499877929688 8.0388250350952148438 7.9199442863464355469 7.8240151405334472656 7.7742991447448730469 7.7493371963500976563 7.6800718307495117188 7.55274200439453125
7.157745361328125 7.1689019203186035156 7.252899169921875 7.37593841552734375 7.4746980667114257813 7.541622161865234375 7.5971455574035644531 7.6161875724792480469 7.5770487785339355469 7.4902758598327636719 7.40459442138671875 7.373340606689453125 7.3737649917602539063 7.3657665252685546875 7.4058318138122558594 7.5762228965759277344 7.8386898040771484375 8.0647516250610351563 8.3253326416015625 8.6757574081420898438 8.9734487533569335938 9.2081699371337890625 9.4158649444580078125 9.593639373779296875 9.761814117431640625 9.8923902511596679688 9.9760770797729492188 10.009713172912597656 10.019143104553222656 9.9777193069458007813 9.8520107269287109375 9.6330003738403320313 9.2877264022827148438 8.8785390853881835938 8.5003862380981445313 8.20836639404296875 8.0602283477783203125 8.0177736282348632813 7.9941544532775878906 7.9771728515625
7.263904571533203125 7.2057065963745117188 7.245876312255859375 7.34154510498046875 7.4394230842590332031 7.5023541450500488281 7.5321345329284667969 7.5428090095520019531 7.5104990005493164063 7.4404683113098144531 7.3605566024780273438 7.3197226524353027344 7.3195729255676269531 7.3092164993286132813 7.3710694313049316406 7.5775170326232910156 7.8149156570434570313 7.9710631370544433594 8.1945648193359375 8.5340719223022460938 8.875469207763671875 9.149471282958984375 9.3666515350341796875 9.5357608795166015625 9.6845617294311523438 9.8190546035766601563 9.9563264846801757813 10.062383651733398438 10.162567138671875 10.254946708679199219 10.319635391235351563 10.254693984985351563 10.059725761413574219 9.7820587158203125 9.43326568603515625 9.0844736099243164063 8.8243989944458007813 8.6827630996704101563 8.6169996261596679688 8.6372270584106445313
