MapLinkProApp/griddata/temperature/ASCII/cmems_mod_glo_phy-thetao_anfc_0,083deg_P1D-m_1702458667101_1452,3.asc
ncols        121
nrows        120
xllcorner    -30.041666666667
yllcorner    40.041666655981
cellsize     0.083333333333
NODATA_value  9.9692099683868690468e+36
[rows 54 to 71 of 120, columns 40 to 79 of 121]
4.230152130126953125 4.2199249267578125 4.1992955207824707031 4.1501841545104980469 4.1138195991516113281 4.0996508598327636719 4.1113872528076171875 4.1267561912536621094 4.1292271614074707031 4.1261763572692871094 4.1261763572692871094 4.1013536453247070313 4.066265106201171875 4.1256561279296875 4.255046844482421875 4.2964253425598144531 4.2934746742248535156 4.3832416534423828125 4.4383401870727539063 4.5022983551025390625 4.5928549766540527344 4.6488161087036132813 4.5669693946838378906 4.4557676315307617188 4.4298839569091796875 4.3698830604553222656 4.3233857154846191406 4.3037695884704589844 4.2884969711303710938 4.3484506607055664063 4.3699579238891601563 4.3286294937133789063 4.24715423583984375 4.20941925048828125 4.2159066200256347656 4.2357501983642578125 4.2932767868041992188 4.3102884292602539063 4.2952365875244140625 4.2786741256713867188
4.3386316299438476563 4.3227438926696777344 4.3086495399475097656 4.25548553466796875 4.1810078620910644531 4.1322050094604492188 4.1188564300537109375 4.111804962158203125 4.1087431907653808594 4.125213623046875 4.1269841194152832031 4.0852684974670410156 4.0699748992919921875 4.1802239418029785156 4.3407883644104003906 4.3926215171813964844 4.371295928955078125 4.3359804153442382813 4.3679900169372558594 4.4599900245666503906 4.559696197509765625 4.6376242637634277344 4.6840143203735351563 4.5865883827209472656 4.5364599227905273438 4.4639654159545898438 4.4184737205505371094 4.4300084114074707031 4.4166927337646484375 4.4448070526123046875 4.4882364273071289063 4.5098471641540527344 4.5071687698364257813 4.4996976852416992188 4.4273171424865722656 4.3685941696166992188 4.3454737663269042969 4.3527607917785644531 4.3493342399597167969 4.3893957138061523438
4.3706450462341308594 4.381999969482421875 4.3612208366394042969 4.2961473464965820313 4.2017955780029296875 4.1277527809143066406 4.0902771949768066406 4.0990047454833984375 4.1142134666442871094 4.1290688514709472656 4.1144514083862304688 4.0547504425048828125 4.0129752159118652344 4.06836700439453125 4.2218832969665527344 4.3484902381896972656 4.3643407821655273438 4.3029732704162597656 4.3222928047180175781 4.3874306678771972656 4.4527831077575683594 4.5282540321350097656 4.5552911758422851563 4.5364460945129394531 4.5376715660095214844 4.575225830078125 4.5331921577453613281 4.5088481903076171875 4.5591220855712890625 4.5756702423095703125 4.5853819847106933594 4.6456713676452636719 4.7218074798583984375 4.6965770721435546875 4.5371303558349609375 4.4026117324829101563 4.3815312385559082031 4.4391551017761230469 4.5252337455749511719 4.5561962127685546875
4.3100032806396484375 4.3067784309387207031 4.2341780662536621094 4.1644997596740722656 4.1175861358642578125 4.1066384315490722656 4.1061263084411621094 4.1077933311462402344 4.106414794921875 4.0943722724914550781 4.0589880943298339844 4.0118694305419921875 3.9843573570251464844 3.9730713367462158203 4.0119814872741699219 4.1342167854309082031 4.2522792816162109375 4.3128848075866699219 4.3167490959167480469 4.3252277374267578125 4.377712249755859375 4.4376845359802246094 4.4294848442077636719 4.4547557830810546875 4.5137791633605957031 4.6566491127014160156 4.6360950469970703125 4.5772304534912109375 4.7295546531677246094 4.8019051551818847656 4.8228702545166015625 4.761096954345703125 4.8628673553466796875 4.8882927894592285156 4.6787285804748535156 4.547908782958984375 4.5609230995178222656 4.6204791069030761719 4.6477704048156738281 4.6116151809692382813
4.2130894660949707031 4.1755461692810058594 4.1259970664978027344 4.1063995361328125 4.087970733642578125 4.0735034942626953125 4.0736136436462402344 4.0638952255249023438 4.0543603897094726563 4.0278391838073730469 3.9902923107147216797 3.9666104316711425781 3.9623558521270751953 3.9474940299987792969 3.9488687515258789063 4.0530767440795898438 4.2069196701049804688 4.3284602165222167969 4.3751158714294433594 4.4164228439331054688 4.4644527435302734375 4.4954285621643066406 4.4546895027160644531 4.4668154716491699219 4.6508474349975585938 4.8161711692810058594 4.7469735145568847656 4.6243391036987304688 4.6172122955322265625 4.7137470245361328125 4.9351487159729003906 4.9876217842102050781 4.98914337158203125 5.0384469032287597656 4.9289231300354003906 4.7670969963073730469 4.7375316619873046875 4.7906584739685058594 4.748287200927734375 4.687145233154296875
4.1428732872009277344 4.1168165206909179688 4.0889697074890136719 4.0697541236877441406 4.0279245376586914063 4.0041661262512207031 4.0226545333862304688 4.0469379425048828125 4.052249908447265625 4.0177001953125 3.9791800975799560547 3.9575726985931396484 3.9443905353546142578 3.9606032371520996094 4.0430464744567871094 4.1639542579650878906 4.25315093994140625 4.3379740715026855469 4.4119696617126464844 4.4926900863647460938 4.5388522148132324219 4.5587735176086425781 4.5172271728515625 4.53563690185546875 4.7120141983032226563 4.8325057029724121094 4.8089838027954101563 4.7559947967529296875 4.6396069526672363281 4.6078004837036132813 4.8412451744079589844 5.06861114501953125 5.1294126510620117188 5.1399359703063964844 5.0088143348693847656 4.8575572967529296875 4.8243374824523925781 4.8572254180908203125 4.8093671798706054688 4.7728261947631835938
4.0632157325744628906 4.0390577316284179688 4.0272364616394042969 4.0187268257141113281 3.9753694534301757813 3.9597547054290771484 3.9747698307037353516 4.0232644081115722656 4.06854248046875 4.0594835281372070313 4.0221257209777832031 3.9953191280364990234 3.9881319999694824219 4.038005828857421875 4.1306290626525878906 4.1831278800964355469 4.2530627250671386719 4.3886427879333496094 4.4813060760498046875 4.5865120887756347656 4.6247019767761230469 4.6313195228576660156 4.6005296707153320313 4.6309595108032226563 4.68413543701171875 4.6892390251159667969 4.7426457405090332031 4.761592864990234375 4.6731991767883300781 4.6380276679992675781 4.7898540496826171875 5.0458879470825195313 5.1804890632629394531 5.2658772468566894531 5.18102264404296875 4.9891619682312011719 4.8651218414306640625 4.8813490867614746094 4.8970561027526855469 4.8885025978088378906
4.1375579833984375 4.1124858856201171875 4.0919289588928222656 4.0897035598754882813 4.0652256011962890625 4.0546245574951171875 4.0362610816955566406 4.0345969200134277344 4.0674924850463867188 4.0736036300659179688 4.0634627342224121094 4.0651183128356933594 4.0765862464904785156 4.1179442405700683594 4.1512560844421386719 4.1655569076538085938 4.2645516395568847656 4.4037632942199707031 4.4930281639099121094 4.6315722465515136719 4.7066011428833007813 4.6763806343078613281 4.6251611709594726563 4.6132493019104003906 4.642269134521484375 4.6376795768737792969 4.7175040245056152344 4.7985963821411132813 4.7756791114807128906 4.7702789306640625 4.8872742652893066406 5.1039538383483886719 5.152835845947265625 5.188068389892578125 5.1803455352783203125 5.0889592170715332031 4.9799704551696777344 4.9018826484680175781 4.8759355545043945313 4.8846063613891601563
4.1329855918884277344 4.0984249114990234375 4.0770778656005859375 4.0628986358642578125 4.0587048530578613281 4.0658864974975585938 4.0745267868041992188 4.0538411140441894531 4.0387830734252929688 4.0270180702209472656 4.0167903900146484375 4.0303454399108886719 4.0602431297302246094 4.0792636871337890625 4.0260758399963378906 3.9803724288940429688 4.0780248641967773438 4.2372422218322753906 4.3842387199401855469 4.4918484687805175781 4.61016082763671875 4.6013274192810058594 4.53449249267578125 4.5195150375366210938 4.6580572128295898438 4.7393846511840820313 4.7226548194885253906 4.8151364326477050781 4.8485903739929199219 4.8271718025207519531 4.8884639739990234375 5.059696197509765625 5.0842113494873046875 5.0257720947265625 4.9872746467590332031 4.9677453041076660156 4.9269113540649414063 4.8984446525573730469 4.8193554878234863281 4.8633027076721191406
4.1066217422485351563 4.1070389747619628906 4.11002349853515625 4.0862340927124023438 4.0642132759094238281 4.0539960861206054688 4.038700103759765625 3.9972362518310546875 3.9955859184265136719 3.9986956119537353516 3.9649913311004638672 3.9684946537017822266 4.0256972312927246094 4.0574321746826171875 4.0448203086853027344 4.0106787681579589844 4.0225152969360351563 4.1981649398803710938 4.4013581275939941406 4.4346685409545898438 4.4730582237243652344 4.4938306808471679688 4.4829773902893066406 4.5423183441162109375 4.6722769737243652344 4.7222118377685546875 4.6940608024597167969 4.8636021614074707031 4.8417258262634277344 4.7971134185791015625 4.8254771232604980469 4.8267803192138671875 4.8525881767272949219 4.8116369247436523438 4.8008284568786621094 4.762859344482421875 4.7778520584106445313 4.8160104751586914063 4.7972998619079589844 4.8243727684020996094
4.1953182220458984375 4.1648850440979003906 4.1102228164672851563 4.0415620803833007813 3.9952874183654785156 3.9524812698364257813 3.9348230361938476563 3.9681046009063720703 4.0527353286743164063 4.0882773399353027344 4.0078144073486328125 3.9363336563110351563 3.9681992530822753906 4.023509979248046875 4.0286808013916015625 3.9918045997619628906 4.0255117416381835938 4.2083978652954101563 4.3890533447265625 4.4517674446105957031 4.4413228034973144531 4.4372758865356445313 4.3952956199645996094 4.500263214111328125 4.59264373779296875 4.6431593894958496094 4.6692419052124023438 4.8040618896484375 4.7182645797729492188 4.5838985443115234375 4.6524338722229003906 4.47158050537109375 4.5140252113342285156 4.5943589210510253906 4.4459853172302246094 4.4240732192993164063 4.597782135009765625 4.7752852439880371094 4.8499131202697753906 4.8694028854370117188
4.1522479057312011719 4.0940265655517578125 4.0511322021484375 4.0023398399353027344 3.9604556560516357422 3.9791104793548583984 4.0099945068359375 4.0562748908996582031 4.1531085968017578125 4.2047414779663085938 4.1430411338806152344 4.0376272201538085938 3.9807465076446533203 3.9980912208557128906 4.0146775245666503906 4.0317397117614746094 4.1757903099060058594 4.3199400901794433594 4.3719439506530761719 4.4848189353942871094 4.48015594482421875 4.4907021522521972656 4.5556325912475585938 4.6485700607299804688 4.6301198005676269531 4.6124563217163085938 4.6593637466430664063 4.7248239517211914063 4.6623272895812988281 4.4615831375122070313 4.4322109222412109375 4.449420928955078125 4.3366398811340332031 4.1904320716857910156 4.1079950332641601563 4.1267290115356445313 4.3663015365600585938 4.6383881568908691406 4.8208851814270019531 4.8948016166687011719
4.1297974586486816406 4.0832486152648925781 4.0728325843811035156 4.0146551132202148438 3.9960889816284179688 4.0037164688110351563 4.07483673095703125 4.1858606338500976563 4.2929172515869140625 4.3372783660888671875 4.2779793739318847656 4.1682186126708984375 4.0614681243896484375 4.0107903480529785156 4.04917144775390625 4.1166982650756835938 4.1872768402099609375 4.2967362403869628906 4.4177002906799316406 4.4794330596923828125 4.4674434661865234375 4.5216197967529296875 4.6938123703002929688 4.7758736610412597656 4.6397638320922851563 4.5938706398010253906 4.7115035057067871094 4.6883559226989746094 4.6316814422607421875 4.4166083335876464844 4.3807506561279296875 4.3246183395385742188 4.3069891929626464844 4.312213897705078125 4.1927599906921386719 4.1760859489440917969 4.2313933372497558594 4.3896799087524414063 4.6663050651550292969 4.8053302764892578125
4.066707611083984375 4.0706534385681152344 4.0396203994750976563 4.0280513763427734375 4.00040435791015625 4.0057263374328613281 4.1331624984741210938 4.3095698356628417969 4.4352970123291015625 4.438079833984375 4.3543572425842285156 4.2541136741638183594 4.1341938972473144531 4.0557661056518554688 4.0740642547607421875 4.0889868736267089844 4.1388306617736816406 4.2687888145446777344 4.3568387031555175781 4.4086999893188476563 4.4128384590148925781 4.5317239761352539063 4.7962217330932617188 4.7933444976806640625 4.6058015823364257813 4.6289868354797363281 4.71871185302734375 4.5638527870178222656 4.6473145484924316406 4.5745086669921875 4.5766930580139160156 4.4093489646911621094 4.3838572502136230469 4.4109749794006347656 4.1452012062072753906 4.0402097702026367188 4.0377039909362792969 4.0232577323913574219 4.2112593650817871094 4.6186323165893554688
4.0495228767395019531 4.0378885269165039063 4.0771479606628417969 4.0706381797790527344 4.0383920669555664063 4.0694336891174316406 4.1954998970031738281 4.3256101608276367188 4.3918747901916503906 4.3960862159729003906 4.4190974235534667969 4.3826932907104492188 4.2806978225708007813 4.1690316200256347656 4.077220916748046875 4.0753931999206542969 4.2143511772155761719 4.3919062614440917969 4.4756731986999511719 4.4978265762329101563 4.5030961036682128906 4.5847148895263671875 4.7541584968566894531 4.7635712623596191406 4.674983978271484375 4.6840023994445800781 4.5276250839233398438 4.4848661422729492188 4.7189393043518066406 4.6981215476989746094 4.8835973739624023438 4.7763671875 4.4790897369384765625 4.4050569534301757813 4.1000437736511230469 3.9666373729705810547 4.0650196075439453125 4.1100559234619140625 4.1201791763305664063 4.3731007575988769531
4.1593060493469238281 4.0854587554931640625 4.0933976173400878906 4.0909643173217773438 4.0614671707153320313 4.0659642219543457031 4.0986413955688476563 4.2091212272644042969 4.3362789154052734375 4.4372143745422363281 4.5381960868835449219 4.5567717552185058594 4.4842534065246582031 4.4017806053161621094 4.2788796424865722656 4.2252879142761230469 4.3192458152770996094 4.4316697120666503906 4.5257139205932617188 4.6165184974670410156 4.684597015380859375 4.7366180419921875 4.8360133171081542969 4.8526425361633300781 4.7412781715393066406 4.7094283103942871094 4.5440473556518554688 4.5184273719787597656 4.6638531684875488281 4.7854833602905273438 4.7984118461608886719 4.7577414512634277344 4.55809783935546875 4.6234660148620605469 4.3866367340087890625 4.0053782463073730469 4.0082564353942871094 4.0394892692565917969 4.1163020133972167969 4.2391285896301269531
4.3682146072387695313 4.2675294876098632813 4.190357208251953125 4.1454977989196777344 4.1280517578125 4.190700531005859375 4.1840801239013671875 4.1966776847839355469 4.3034982681274414063 4.4083147048950195313 4.4987630844116210938 4.5950078964233398438 4.6007251739501953125 4.5271439552307128906 4.4171872138977050781 4.3879189491271972656 4.4130291938781738281 4.39440155029296875 4.4493732452392578125 4.5912337303161621094 4.7292909622192382813 4.8347787857055664063 4.9184360504150390625 4.9151434898376464844 4.801055908203125 4.7968478202819824219 4.70424652099609375 4.6941637992858886719 4.7336263656616210938 4.7282338142395019531 4.8048815727233886719 4.6020727157592773438 4.6889405250549316406 4.8554100990295410156 4.6181235313415527344 4.0325613021850585938 4.0038547515869140625 4.0254645347595214844 4.1275181770324707031 4.2637338638305664063
4.5433869361877441406 4.4534940719604492188 4.3664798736572265625 4.3003869056701660156 4.2794423103332519531 4.3185272216796875 4.307529449462890625 4.3496212959289550781 4.4212298393249511719 4.4386897087097167969 4.4811954498291015625 4.5984888076782226563 4.6910572052001953125 4.6943249702453613281 4.6260986328125 4.5937504768371582031 4.6030721664428710938 4.6305327415466308594 4.7353196144104003906 4.8122725486755371094 4.810169219970703125 4.8372583389282226563 4.8651394844055175781 4.8577938079833984375 4.7789635658264160156 4.743900299072265625 4.7171735763549804688 4.6788263320922851563 4.7096967697143554688 4.8549437522888183594 4.8523426055908203125 4.7681899070739746094 4.6353163719177246094 4.5123887062072753906 4.1518955230712890625 3.8784873485565185547 4.082920074462890625 4.0497598648071289063 4.0565772056579589844 4.1638398170471191406
