MapLinkProApp/griddata/temperature/ASCII/cmems_mod_glo_phy-thetao_anfc_0,083deg_P1D-m_1702458667101_318,1.asc
ncols        121
nrows        120
xllcorner    -30.041666666667
yllcorner    40.041666655981
cellsize     0.083333333333
NODATA_value  9.9692099683868690468e+36
[rows 0 to 17 of 120, columns 40 to 79 of 121]
10.281548500061035156 10.317440032958984375 10.377648353576660156 10.412130355834960938 10.411512374877929688 10.393074989318847656 10.377964019775390625 10.3643035888671875 10.333065986633300781 10.245203018188476563 10.151014328002929688 10.014948844909667969 9.7933626174926757813 9.5001049041748046875 9.191654205322265625 8.8332185745239257813 8.3830051422119140625 7.8496446609497070313 7.3892188072204589844 7.2180585861206054688 7.2517714500427246094 7.2451000213623046875 7.2322278022766113281 7.1642789840698242188 7.0490083694458007813 7.0387959480285644531 7.2164826393127441406 7.4730200767517089844 7.7031273841857910156 7.9501366615295410156 8.2422857284545898438 8.6000928878784179688 8.9621915817260742188 9.26648712158203125 9.5213346481323242188 9.702327728271484375 9.7768707275390625 9.7917804718017578125 9.7253818511962890625 9.66942596435546875
10.258253097534179688 10.338784217834472656 10.359486579895019531 10.34798431396484375 10.336964607238769531 10.328978538513183594 10.298029899597167969 10.254769325256347656 10.164920806884765625 10.079858779907226563 9.9917192459106445313 9.835559844970703125 9.61058807373046875 9.329784393310546875 9.0121507644653320313 8.6186590194702148438 8.1388072967529296875 7.6214289665222167969 7.2107548713684082031 7.054981231689453125 7.0812692642211914063 7.0791959762573242188 7.0612826347351074219 6.9605221748352050781 6.9261074066162109375 7.0953874588012695313 7.3755407333374023438 7.6354260444641113281 7.8962016105651855469 8.218151092529296875 8.57483673095703125 8.9356756210327148438 9.2667217254638671875 9.5982484817504882813 9.8739833831787109375 10.048717498779296875 10.129133224487304688 10.194617271423339844 10.190728187561035156 10.16229248046875
10.219509124755859375 10.31147003173828125 10.337259292602539063 10.323275566101074219 10.287779808044433594 10.240368843078613281 10.164846420288085938 10.080348014831542969 9.9766111373901367188 9.8663110733032226563 9.7380304336547851563 9.5930233001708984375 9.399417877197265625 9.1202297210693359375 8.769397735595703125 8.3574390411376953125 7.8953871726989746094 7.4795465469360351563 7.1971826553344726563 7.0748615264892578125 7.0447630882263183594 7.0061144828796386719 6.9562940597534179688 6.9494776725769042969 7.0791959762573242188 7.32334136962890625 7.6186933517456054688 7.9235897064208984375 8.232635498046875 8.557231903076171875 8.8796749114990234375 9.208465576171875 9.5138339996337890625 9.7836580276489257813 9.998321533203125 10.137025833129882813 10.262257575988769531 10.416075706481933594 10.531786918640136719 10.588407516479492188
10.092905998229980469 10.23351287841796875 10.294556617736816406 10.287281990051269531 10.264331817626953125 10.210400581359863281 10.106353759765625 9.992137908935546875 9.8655862808227539063 9.7368555068969726563 9.6121549606323242188 9.4794292449951171875 9.2748966217041015625 9.0013952255249023438 8.670032501220703125 8.3054761886596679688 7.9376969337463378906 7.6332736015319824219 7.3905682563781738281 7.2073445320129394531 7.1189494132995605469 7.1004648208618164063 7.0901021957397460938 7.1803159713745117188 7.3488492965698242188 7.6113176345825195313 7.9416399002075195313 8.2772760391235351563 8.5737199783325195313 8.84450531005859375 9.137279510498046875 9.417079925537109375 9.678951263427734375 9.9107942581176757813 10.105977058410644531 10.246989250183105469 10.384627342224121094 10.5362701416015625 10.692355155944824219 10.841135025024414063
9.8059606552124023438 9.8774042129516601563 9.9206905364990234375 9.9196367263793945313 9.8976602554321289063 9.8493700027465820313 9.7615041732788085938 9.6523027420043945313 9.5421161651611328125 9.4469127655029296875 9.3399333953857421875 9.2051095962524414063 9.02446746826171875 8.8253202438354492188 8.6267547607421875 8.4234027862548828125 8.2054586410522460938 8.0169782638549804688 7.8620285987854003906 7.7505102157592773438 7.6544728279113769531 7.6352081298828125 7.6615147590637207031 7.7469420433044433594 7.8962235450744628906 8.1076869964599609375 8.3474931716918945313 8.5859441757202148438 8.8221683502197265625 9.0665187835693359375 9.3221616744995117188 9.577297210693359375 9.822383880615234375 10.043255805969238281 10.236573219299316406 10.388467788696289063 10.52861785888671875 10.655858993530273438 10.772204399108886719 10.933705329895019531
9.511516571044921875 9.5005340576171875 9.5089426040649414063 9.5091104507446289063 9.4713182449340820313 9.396541595458984375 9.3214445114135742188 9.2491807937622070313 9.1754617691040039063 9.114185333251953125 9.034076690673828125 8.949436187744140625 8.8406925201416015625 8.73665618896484375 8.6518793106079101563 8.5879001617431640625 8.5373821258544921875 8.423614501953125 8.386074066162109375 8.3791494369506835938 8.370624542236328125 8.3736314773559570313 8.3993768692016601563 8.439548492431640625 8.523189544677734375 8.627552032470703125 8.7605752944946289063 8.913482666015625 9.0910329818725585938 9.30249786376953125 9.5295867919921875 9.7663526535034179688 9.9990940093994140625 10.240122795104980469 10.46454620361328125 10.63256072998046875 10.785754203796386719 10.90319061279296875 11.00104522705078125 11.109409332275390625
9.24123382568359375 9.2009220123291015625 9.1817941665649414063 9.174896240234375 9.1579332351684570313 9.1206445693969726563 9.093841552734375 9.0772638320922851563 9.07321929931640625 9.0720396041870117188 9.0495519638061523438 9.027698516845703125 9.0052824020385742188 8.992923736572265625 8.9959402084350585938 9.0204401016235351563 9.0397825241088867188 9.0313768386840820313 9.0491590499877929688 9.072467803955078125 9.0791845321655273438 9.0977497100830078125 9.1045093536376953125 9.1229143142700195313 9.1476392745971679688 9.1905193328857421875 9.2509508132934570313 9.3464727401733398438 9.4812479019165039063 9.6506414413452148438 9.8486804962158203125 10.053990364074707031 10.269330978393554688 10.485799789428710938 10.67525482177734375 10.828512191772460938 10.963549613952636719 11.072816848754882813 11.167585372924804688 11.250720024108886719
9.1232652664184570313 9.090389251708984375 9.0882368087768554688 9.0951480865478515625 9.1004858016967773438 9.13547515869140625 9.1831102371215820313 9.2100391387939453125 9.2345190048217773438 9.2644701004028320313 9.2979307174682617188 9.3066864013671875 9.3432788848876953125 9.3915557861328125 9.4675512313842773438 9.5585432052612304688 9.650787353515625 9.7302570343017578125 9.7980709075927734375 9.84751129150390625 9.886669158935546875 9.91796875 9.9412565231323242188 9.9635334014892578125 9.98546600341796875 10.007185935974121094 10.039862632751464844 10.090546607971191406 10.172001838684082031 10.282975196838378906 10.411845207214355469 10.551990509033203125 10.695707321166992188 10.847949981689453125 10.983613014221191406 11.0873260498046875 11.189595222473144531 11.263297080993652344 11.324371337890625 11.416942596435546875
9.20607757568359375 9.1695928573608398438 9.1777782440185546875 9.2016897201538085938 9.2061529159545898438 9.2385616302490234375 9.2879123687744140625 9.3132343292236328125 9.3365526199340820313 9.3960323333740234375 9.4540491104125976563 9.5113878250122070313 9.57928466796875 9.6749134063720703125 9.8243722915649414063 9.9904880523681640625 10.134679794311523438 10.251646995544433594 10.3392486572265625 10.397446632385253906 10.444251060485839844 10.479956626892089844 10.508976936340332031 10.539134025573730469 10.567920684814453125 10.593053817749023438 10.620972633361816406 10.658395767211914063 10.710079193115234375 10.778560638427734375 10.860263824462890625 10.946101188659667969 11.038402557373046875 11.143864631652832031 11.230784416198730469 11.298521041870117188 11.378629684448242188 11.42510223388671875 11.456147193908691406 11.532817840576171875
9.4137468338012695313 9.352115631103515625 9.33054351806640625 9.31366729736328125 9.2919549942016601563 9.2929410934448242188 9.344692230224609375 9.4056234359741210938 9.4657955169677734375 9.5852098464965820313 9.6868619918823242188 9.772136688232421875 9.8950901031494140625 10.099660873413085938 10.369512557983398438 10.610042572021484375 10.792842864990234375 10.90596771240234375 10.96552276611328125 11.004717826843261719 11.033029556274414063 11.053236961364746094 11.088533401489257813 11.124830245971679688 11.163512229919433594 11.1933746337890625 11.222411155700683594 11.242559432983398438 11.263757705688476563 11.292613029479980469 11.320113182067871094 11.344051361083984375 11.382027626037597656 11.432597160339355469 11.451251029968261719 11.484586715698242188 11.521892547607421875 11.527876853942871094 11.562981605529785156 11.600553512573242188
9.543430328369140625 9.4530849456787109375 9.3774576187133789063 9.3186159133911132813 9.2698431015014648438 9.2746076583862304688 9.3562412261962890625 9.4278125762939453125 9.5412225723266601563 9.7128705978393554688 9.8446569442749023438 9.9667520523071289063 10.173270225524902344 10.489714622497558594 10.810448646545410156 11.047733306884765625 11.179656028747558594 11.219007492065429688 11.226113319396972656 11.218900680541992188 11.214150428771972656 11.235258102416992188 11.285264968872070313 11.343332290649414063 11.419512748718261719 11.480653762817382813 11.527309417724609375 11.556309700012207031 11.57230377197265625 11.587588310241699219 11.592990875244140625 11.592171669006347656 11.598909378051757813 11.597378730773925781 11.606183052062988281 11.640842437744140625 11.61371612548828125 11.615139961242675781 11.616202354431152344 11.54425048828125
9.4979639053344726563 9.410472869873046875 9.333049774169921875 9.2464799880981445313 9.200878143310546875 9.2592220306396484375 9.367938995361328125 9.5068683624267578125 9.7198581695556640625 9.916004180908203125 10.067933082580566406 10.266833305358886719 10.594088554382324219 10.958940505981445313 11.207132339477539063 11.299486160278320313 11.284657478332519531 11.25130462646484375 11.217996597290039063 11.187169075012207031 11.190746307373046875 11.228330612182617188 11.318593978881835938 11.440046310424804688 11.547604560852050781 11.6328125 11.683733940124511719 11.701810836791992188 11.712243080139160156 11.712299346923828125 11.702700614929199219 11.703332901000976563 11.696358680725097656 11.678445816040039063 11.695787429809570313 11.677081108093261719 11.637712478637695313 11.605838775634765625 11.5066375732421875 11.37435150146484375
9.3390827178955078125 9.276401519775390625 9.2468929290771484375 9.2057819366455078125 9.1976556777954101563 9.3151836395263671875 9.4624624252319335938 9.6734991073608398438 9.9401035308837890625 10.116629600524902344 10.2976226806640625 10.582108497619628906 10.973397254943847656 11.265970230102539063 11.341588973999023438 11.281454086303710938 11.224593162536621094 11.21212005615234375 11.191893577575683594 11.179375648498535156 11.200944900512695313 11.303109169006347656 11.464817047119140625 11.622837066650390625 11.73941802978515625 11.791922569274902344 11.809429168701171875 11.814345359802246094 11.797422409057617188 11.7804107666015625 11.7741851806640625 11.757285118103027344 11.747082710266113281 11.752051353454589844 11.7177886962890625 11.660243034362792969 11.590610504150390625 11.446295738220214844 11.296957015991210938 11.224528312683105469
9.0829801559448242188 9.097743988037109375 9.1342878341674804688 9.2138013839721679688 9.3559446334838867188 9.5243406295776367188 9.6982250213623046875 9.9511585235595703125 10.189681053161621094 10.341013908386230469 10.562851905822753906 10.91213226318359375 11.248821258544921875 11.358397483825683594 11.279361724853515625 11.21337890625 11.244776725769042969 11.276720046997070313 11.253507614135742188 11.231700897216796875 11.286895751953125 11.445402145385742188 11.648953437805175781 11.810954093933105469 11.903430938720703125 11.933430671691894531 11.927211761474609375 11.90253448486328125 11.880423545837402344 11.864893913269042969 11.840434074401855469 11.824216842651367188 11.82125091552734375 11.785260200500488281 11.707592010498046875 11.61492156982421875 11.461703300476074219 11.287797927856445313 11.207345008850097656 11.170503616333007813
8.8703136444091796875 9.006927490234375 9.2288188934326171875 9.4776706695556640625 9.6759672164916992188 9.8271760940551757813 9.9878568649291992188 10.281438827514648438 10.433270454406738281 10.585644721984863281 10.877683639526367188 11.213265419006347656 11.390475273132324219 11.301305770874023438 11.205396652221679688 11.274077415466308594 11.394602775573730469 11.422384262084960938 11.360956192016601563 11.322749137878417969 11.433222770690917969 11.673604965209960938 11.898454666137695313 12.040783882141113281 12.107015609741210938 12.107696533203125 12.078103065490722656 12.0388641357421875 11.998842239379882813 11.957416534423828125 11.915228843688964844 11.873646736145019531 11.81723785400390625 11.736530303955078125 11.624993324279785156 11.460529327392578125 11.284533500671386719 11.185007095336914063 11.123133659362792969 11.061205863952636719
9.0235338211059570313 9.216907501220703125 9.4294481277465820313 9.590724945068359375 9.687854766845703125 9.8367700576782226563 10.122002601623535156 10.416632652282714844 10.559732437133789063 10.758176803588867188 11.093980789184570313 11.370361328125 11.401844024658203125 11.24755096435546875 11.250667572021484375 11.406680107116699219 11.528462409973144531 11.534510612487792969 11.442063331604003906 11.43097686767578125 11.595053672790527344 11.849558830261230469 12.065323829650878906 12.183507919311523438 12.205899238586425781 12.182111740112304688 12.129772186279296875 12.063079833984375 12.003924369812011719 11.947713851928710938 11.896983146667480469 11.843380928039550781 11.770233154296875 11.660762786865234375 11.498757362365722656 11.317934989929199219 11.198880195617675781 11.128531455993652344 11.039089202880859375 10.990038871765136719
9.1113462448120117188 9.2178831100463867188 9.3602285385131835938 9.4675550460815429688 9.572765350341796875 9.8869695663452148438 10.409123420715332031 10.633748054504394531 10.736386299133300781 11.011368751525878906 11.325677871704101563 11.465403556823730469 11.36956787109375 11.244720458984375 11.357402801513671875 11.531503677368164063 11.631802558898925781 11.636742591857910156 11.569281578063964844 11.61577606201171875 11.807002067565917969 12.024029731750488281 12.15009307861328125 12.212785720825195313 12.206814765930175781 12.169634819030761719 12.101059913635253906 12.017709732055664063 11.954014778137207031 11.894509315490722656 11.845484733581542969 11.795101165771484375 11.698795318603515625 11.540155410766601563 11.359714508056640625 11.223593711853027344 11.142503738403320313 11.044579505920410156 10.948888778686523438 10.957726478576660156
9.1443023681640625 9.234508514404296875 9.3564271926879882813 9.442798614501953125 9.7333383560180664063 10.337133407592773438 10.697065353393554688 10.736866950988769531 10.853228569030761719 11.186367988586425781 11.455411911010742188 11.508900642395019531 11.361367225646972656 11.274663925170898438 11.413071632385253906 11.551050186157226563 11.640066146850585938 11.721182823181152344 11.722860336303710938 11.770968437194824219 11.89886474609375 12.041119575500488281 12.122095108032226563 12.167832374572753906 12.145542144775390625 12.115720748901367188 12.064467430114746094 11.995453834533691406 11.940695762634277344 11.896145820617675781 11.837268829345703125 11.74267578125 11.592254638671875 11.402789115905761719 11.251126289367675781 11.171950340270996094 11.094927787780761719 11.000768661499023438 10.983875274658203125 11.03925323486328125
