MapLinkProApp/griddata/temperature/ASCII/cmems_mod_glo_phy-thetao_anfc_0,083deg_P1D-m_1702458667101_222,5.asc
ncols        121
nrows        120
xllcorner    -30.041666666667
yllcorner    40.041666655981
cellsize     0.083333333333
NODATA_value  9.9692099683868690468e+36
[rows 72 to 89 of 120, columns 40 to 79 of 121]
13.808538436889648438 13.796206474304199219 13.790129661560058594 13.805275917053222656 13.826001167297363281 13.870815277099609375 13.921382904052734375 13.969578742980957031 14.018499374389648438 14.055399894714355469 14.08039093017578125 14.091568946838378906 14.0821533203125 14.069975852966308594 14.06244659423828125 14.06395721435546875 14.114527702331542969 14.2109375 14.296094894409179688 14.365811347961425781 14.463776588439941406 14.575542449951171875 14.641274452209472656 14.680876731872558594 14.733805656433105469 14.789791107177734375 14.77761077880859375 14.586182594299316406 14.285262107849121094 14.080830574035644531 14.0946807861328125 14.044678688049316406 14.026272773742675781 14.0263519287109375 13.797673225402832031 13.596666336059570313 13.403177261352539063 13.396381378173828125 13.5186309814453125 13.720386505126953125
13.678264617919921875 13.6429595947265625 13.610182762145996094 13.579607963562011719 13.566431999206542969 13.578005790710449219 13.614996910095214844 13.687134742736816406 13.763293266296386719 13.833600997924804688 13.882016181945800781 13.911454200744628906 13.926684379577636719 13.930418968200683594 13.932300567626953125 13.926680564880371094 13.938045501708984375 14.001535415649414063 14.1085357666015625 14.245001792907714844 14.399178504943847656 14.540936470031738281 14.653166770935058594 14.735292434692382813 14.777783393859863281 14.797801017761230469 14.764598846435546875 14.563117027282714844 14.241906166076660156 14.024735450744628906 14.050294876098632813 13.977435111999511719 13.86701202392578125 13.7917327880859375 13.534636497497558594 13.364118576049804688 13.43917083740234375 13.497202873229980469 13.456078529357910156 13.512386322021484375
13.492087364196777344 13.422525405883789063 13.37694549560546875 13.355688095092773438 13.35372161865234375 13.386186599731445313 13.426973342895507813 13.4847259521484375 13.5437469482421875 13.605542182922363281 13.644782066345214844 13.671242713928222656 13.690643310546875 13.703937530517578125 13.718244552612304688 13.726971626281738281 13.718216896057128906 13.737424850463867188 13.830000877380371094 13.998744964599609375 14.2232666015625 14.43975067138671875 14.593440055847167969 14.67626953125 14.72173309326171875 14.738995552062988281 14.688024520874023438 14.492556571960449219 14.185232162475585938 13.931500434875488281 13.958176612854003906 13.892385482788085938 13.725302696228027344 13.612222671508789063 13.493810653686523438 13.547278404235839844 13.688471794128417969 13.611173629760742188 13.494633674621582031 13.529768943786621094
13.328509330749511719 13.356039047241210938 13.389513969421386719 13.451869010925292969 13.487057685852050781 13.5323944091796875 13.5905609130859375 13.628297805786132813 13.647482872009277344 13.655242919921875 13.633927345275878906 13.601299285888671875 13.581475257873535156 13.583388328552246094 13.619687080383300781 13.673290252685546875 13.694691658020019531 13.693385124206542969 13.723236083984375 13.836481094360351563 14.042665481567382813 14.261241912841796875 14.428014755249023438 14.541589736938476563 14.597784042358398438 14.619388580322265625 14.589372634887695313 14.40422821044921875 14.113934516906738281 13.8867340087890625 13.866552352905273438 13.798641204833984375 13.631569862365722656 13.615169525146484375 13.681619644165039063 13.693108558654785156 13.647076606750488281 13.538251876831054688 13.627114295959472656 13.860347747802734375
13.247471809387207031 13.3150482177734375 13.386281967163085938 13.43035125732421875 13.463834762573242188 13.505107879638671875 13.525723457336425781 13.492809295654296875 13.45343017578125 13.419755935668945313 13.374507904052734375 13.342652320861816406 13.353228569030761719 13.408200263977050781 13.489346504211425781 13.588239669799804688 13.676636695861816406 13.716225624084472656 13.7262115478515625 13.777719497680664063 13.905437469482421875 14.07684326171875 14.238447189331054688 14.350032806396484375 14.424630165100097656 14.477952003479003906 14.419745445251464844 14.198820114135742188 13.940556526184082031 13.787844657897949219 13.755338668823242188 13.720335006713867188 13.645235061645507813 13.742518424987792969 13.790876388549804688 13.611066818237304688 13.447602272033691406 13.368281364440917969 13.504886627197265625 13.805965423583984375
13.277974128723144531 13.292989730834960938 13.265002250671386719 13.214282989501953125 13.161394119262695313 13.107638359069824219 13.051415443420410156 12.999733924865722656 12.98964691162109375 12.999189376831054688 13.023268699645996094 13.094672203063964844 13.217072486877441406 13.334033012390136719 13.435978889465332031 13.548241615295410156 13.643956184387207031 13.671959877014160156 13.642816543579101563 13.642659187316894531 13.728554725646972656 13.862759590148925781 14.008617401123046875 14.150475502014160156 14.233484268188476563 14.211571693420410156 14.071928977966308594 13.886870384216308594 13.76528167724609375 13.724299430847167969 13.759103775024414063 13.778478622436523438 13.739174842834472656 13.814737319946289063 13.745944023132324219 13.476634025573730469 13.250123023986816406 13.109219551086425781 13.195790290832519531 13.369793891906738281
13.249269485473632813 13.194911956787109375 13.121075630187988281 13.056407928466796875 13.010354042053222656 12.9508209228515625 12.888616561889648438 12.869622230529785156 12.870854377746582031 12.874416351318359375 12.938684463500976563 13.079652786254882813 13.223619461059570313 13.319216728210449219 13.404725074768066406 13.497866630554199219 13.561922073364257813 13.562028884887695313 13.550455093383789063 13.6074066162109375 13.732687950134277344 13.858739852905273438 13.954515457153320313 14.009087562561035156 13.965627670288085938 13.846025466918945313 13.74085235595703125 13.719602584838867188 13.74198150634765625 13.790020942687988281 13.829723358154296875 13.805837631225585938 13.796753883361816406 13.861746788024902344 13.701502799987792969 13.398283004760742188 13.146482467651367188 13.013482093811035156 13.060152053833007813 13.127146720886230469
13.280382156372070313 13.252630233764648438 13.175360679626464844 13.089686393737792969 13.005889892578125 12.961663246154785156 12.987902641296386719 13.035077095031738281 13.055712699890136719 13.058800697326660156 13.1014556884765625 13.180368423461914063 13.27008056640625 13.3605194091796875 13.431522369384765625 13.4975433349609375 13.552507400512695313 13.587084770202636719 13.630876541137695313 13.722050666809082031 13.838232040405273438 13.925154685974121094 13.954944610595703125 13.917523384094238281 13.832228660583496094 13.769885063171386719 13.794222831726074219 13.828830718994140625 13.828848838806152344 13.832002639770507813 13.808478355407714844 13.776227951049804688 13.840375900268554688 13.87267303466796875 13.625395774841308594 13.289473533630371094 13.037981986999511719 12.983767509460449219 13.059705734252929688 13.088780403137207031
13.298387527465820313 13.285584449768066406 13.224941253662109375 13.159250259399414063 13.121039390563964844 13.132298469543457031 13.155366897583007813 13.170559883117675781 13.208791732788085938 13.269585609436035156 13.31975555419921875 13.371417999267578125 13.436054229736328125 13.498562812805175781 13.546183586120605469 13.598135948181152344 13.651803970336914063 13.710133552551269531 13.775938987731933594 13.850484848022460938 13.937794685363769531 14.012786865234375 14.042912483215332031 14.003055572509765625 13.928261756896972656 13.900928497314453125 13.915280342102050781 13.921574592590332031 13.899038314819335938 13.862997055053710938 13.832686424255371094 13.843105316162109375 13.890565872192382813 13.803668022155761719 13.484911918640136719 13.119924545288085938 12.9312896728515625 13.023326873779296875 13.098623275756835938 13.116559028625488281
13.339282989501953125 13.367631912231445313 13.373612403869628906 13.369690895080566406 13.355347633361816406 13.362421035766601563 13.361601829528808594 13.372114181518554688 13.4169158935546875 13.468355178833007813 13.514552116394042969 13.576580047607421875 13.622168540954589844 13.651120185852050781 13.687244415283203125 13.719143867492675781 13.754105567932128906 13.803358078002929688 13.860843658447265625 13.918669700622558594 13.989057540893554688 14.042584419250488281 14.054103851318359375 14.039058685302734375 14.016251564025878906 14.011598587036132813 13.990551948547363281 13.934518814086914063 13.857653617858886719 13.793351173400878906 13.770143508911132813 13.807288169860839844 13.859126091003417969 13.755647659301757813 13.427235603332519531 13.013925552368164063 12.831094741821289063 12.905788421630859375 13.014908790588378906 13.215791702270507813
13.325597763061523438 13.407948493957519531 13.468143463134765625 13.520691871643066406 13.549523353576660156 13.57544708251953125 13.595273017883300781 13.635792732238769531 13.692915916442871094 13.73681640625 13.762416839599609375 13.777188301086425781 13.773877143859863281 13.775400161743164063 13.789839744567871094 13.793274879455566406 13.806101799011230469 13.836522102355957031 13.857616424560546875 13.878444671630859375 13.916192054748535156 13.947422027587890625 13.96556854248046875 13.990834236145019531 14.042286872863769531 14.104059219360351563 14.112818717956542969 14.042902946472167969 13.911716461181640625 13.786663055419921875 13.716920852661132813 13.705958366394042969 13.724984169006347656 13.635720252990722656 13.306396484375 12.887563705444335938 12.706543922424316406 12.766645431518554688 12.92224884033203125 13.2506866455078125
13.277772903442382813 13.369585037231445313 13.465442657470703125 13.549729347229003906 13.6214447021484375 13.687062263488769531 13.736179351806640625 13.774767875671386719 13.830042839050292969 13.877941131591796875 13.90628814697265625 13.930127143859863281 13.939456939697265625 13.937962532043457031 13.922923088073730469 13.891396522521972656 13.868426322937011719 13.849139213562011719 13.832223892211914063 13.841451644897460938 13.864813804626464844 13.890085220336914063 13.930212020874023438 13.991868019104003906 14.074238777160644531 14.161085128784179688 14.21651458740234375 14.203955650329589844 14.10691070556640625 13.954957962036132813 13.822811126708984375 13.75960540771484375 13.738298416137695313 13.662055015563964844 13.4529876708984375 13.115921974182128906 12.872468948364257813 12.766507148742675781 12.793911933898925781 13.122314453125
13.361762046813964844 13.326945304870605469 13.416121482849121094 13.52819061279296875 13.631413459777832031 13.735391616821289063 13.827775001525878906 13.907820701599121094 14.00386810302734375 14.10501861572265625 14.160442352294921875 14.1744842529296875 14.162441253662109375 14.146817207336425781 14.111873626708984375 14.058214187622070313 14.002903938293457031 13.9699859619140625 13.943876266479492188 13.926949501037597656 13.939813613891601563 13.960234642028808594 13.992747306823730469 14.050086021423339844 14.111817359924316406 14.170886039733886719 14.217919349670410156 14.233316421508789063 14.197948455810546875 14.109969139099121094 13.994267463684082031 13.885763168334960938 13.816476821899414063 13.746074676513671875 13.623302459716796875 13.3924560546875 13.050189018249511719 12.776975631713867188 12.822573661804199219 13.164246559143066406
13.719021797180175781 13.438698768615722656 13.390490531921386719 13.474184036254882813 13.587965965270996094 13.711680412292480469 13.848638534545898438 13.995661735534667969 14.129337310791015625 14.239534378051757813 14.276500701904296875 14.260128021240234375 14.260012626647949219 14.300386428833007813 14.332772254943847656 14.299117088317871094 14.225178718566894531 14.167700767517089844 14.131125450134277344 14.0890655517578125 14.054599761962890625 14.035700798034667969 14.010571479797363281 13.99285125732421875 14.004557609558105469 14.030435562133789063 14.053219795227050781 14.061287879943847656 14.060534477233886719 14.050090789794921875 14.006101608276367188 13.961999893188476563 13.910767555236816406 13.864144325256347656 13.776248931884765625 13.609944343566894531 13.351517677307128906 13.199871063232421875 13.374574661254882813 13.576147079467773438
14.242494583129882813 13.97057342529296875 13.707857131958007813 13.533377647399902344 13.523344993591308594 13.615774154663085938 13.742442131042480469 13.9137725830078125 14.081316947937011719 14.203217506408691406 14.280538558959960938 14.336426734924316406 14.437294960021972656 14.550900459289550781 14.5963134765625 14.577813148498535156 14.539922714233398438 14.503109931945800781 14.466054916381835938 14.422236442565917969 14.38228607177734375 14.348120689392089844 14.302742958068847656 14.236585617065429688 14.158201217651367188 14.083672523498535156 14.004642486572265625 13.926233291625976563 13.87221527099609375 13.838634490966796875 13.837598800659179688 13.8679656982421875 13.901792526245117188 13.883312225341796875 13.8467864990234375 13.774782180786132813 13.677727699279785156 13.633326530456542969 13.682056427001953125 13.683821678161621094
14.39099884033203125 14.336674690246582031 14.237496376037597656 13.992537498474121094 13.7131195068359375 13.602009773254394531 13.663460731506347656 13.78936004638671875 13.977239608764648438 14.1348419189453125 14.268564224243164063 14.400045394897460938 14.490363121032714844 14.498005867004394531 14.432684898376464844 14.397182464599609375 14.416047096252441406 14.437624931335449219 14.461129188537597656 14.484446525573730469 14.487758636474609375 14.481184005737304688 14.478585243225097656 14.473816871643066406 14.447299957275390625 14.393502235412597656 14.326430320739746094 14.263733863830566406 14.177092552185058594 14.009775161743164063 13.859964370727539063 13.830747604370117188 13.831356048583984375 13.826861381530761719 13.791783332824707031 13.739480972290039063 13.675681114196777344 13.642586708068847656 13.623712539672851563 13.47750091552734375
14.392596244812011719 14.390893936157226563 14.367036819458007813 14.283617019653320313 14.078852653503417969 13.79219818115234375 13.714661598205566406 13.810978889465332031 13.914666175842285156 14.075533866882324219 14.212975502014160156 14.271327018737792969 14.280840873718261719 14.156991004943847656 13.997626304626464844 13.928263664245605469 13.957922935485839844 14.0141448974609375 14.088343620300292969 14.188668251037597656 14.299671173095703125 14.387419700622558594 14.430036544799804688 14.421497344970703125 14.378724098205566406 14.342186927795410156 14.308060646057128906 14.281358718872070313 14.291654586791992188 14.281171798706054688 14.186282157897949219 14.033002853393554688 13.907749176025390625 13.833199501037597656 13.779523849487304688 13.795958518981933594 13.6779632568359375 13.529362678527832031 13.413369178771972656 13.178005218505859375
14.509479522705078125 14.577500343322753906 14.575608253479003906 14.48394775390625 14.314876556396484375 14.128918647766113281 13.938410758972167969 13.886870384216308594 13.968969345092773438 14.063117027282714844 14.142537117004394531 14.180508613586425781 14.1503753662109375 14.029801368713378906 13.861605644226074219 13.736558914184570313 13.712408065795898438 13.741332054138183594 13.797525405883789063 13.878064155578613281 13.978690147399902344 14.100671768188476563 14.241097450256347656 14.373216629028320313 14.472955703735351563 14.510435104370117188 14.475008010864257813 14.377663612365722656 14.254465103149414063 14.167577743530273438 14.151213645935058594 14.163544654846191406 14.057718276977539063 13.849252700805664063 13.676913261413574219 13.571785926818847656 13.437509536743164063 13.288371086120605469 13.070776939392089844 12.922955513000488281
