MapLinkProApp/griddata/temperature/ASCII/cmems_mod_glo_phy-thetao_anfc_0,083deg_P1D-m_1702458667101_3,8.asc
ncols        121
nrows        120
xllcorner    -30.041666666667
yllcorner    40.041666655981
cellsize     0.083333333333
NODATA_value  9.9692099683868690468e+36
[rows 90 to 107 of 120, columns 0 to 39 of 121]
17.70465087890625 17.688589096069335938 17.67789459228515625 17.677265167236328125 17.680278778076171875 17.686855316162109375 17.692682266235351563 17.691680908203125 17.673200607299804688 17.636417388916015625 17.574131011962890625 17.479654312133789063 17.359453201293945313 17.259990692138671875 17.143733978271484375 16.900518417358398438 16.529689788818359375 16.446321487426757813 16.615079879760742188 16.8560028076171875 17.166364669799804688 17.424890518188476563 17.590368270874023438 17.6003570556640625 17.496191024780273438 17.371471405029296875 17.316480636596679688 17.253160476684570313 17.164754867553710938 17.048854827880859375 16.9445648193359375 17.003702163696289063 17.078952789306640625 16.905439376831054688 16.7184295654296875 16.587755203247070313 16.543497085571289063 16.953962326049804688 17.567811965942382813 18.021532058715820313
17.724445343017578125 17.72466278076171875 17.722789764404296875 17.720472335815429688 17.717378616333007813 17.71245574951171875 17.701198577880859375 17.689300537109375 17.661441802978515625 17.597776412963867188 17.499614715576171875 17.386823654174804688 17.274511337280273438 17.152360916137695313 16.959539413452148438 16.658399581909179688 16.409183502197265625 16.635295867919921875 16.834545135498046875 17.112369537353515625 17.346078872680664063 17.531826019287109375 17.61840057373046875 17.57880401611328125 17.443738937377929688 17.303924560546875 17.2261810302734375 17.16593170166015625 17.087677001953125 17.025907516479492188 17.01068115234375 17.08745574951171875 17.095651626586914063 16.938699722290039063 16.717916488647460938 16.62662506103515625 17.157596588134765625 17.986879348754882813 18.346677780151367188 18.404163360595703125
17.633195877075195313 17.645093917846679688 17.656492233276367188 17.664461135864257813 17.66538238525390625 17.661443710327148438 17.651277542114257813 17.632291793823242188 17.58225250244140625 17.492338180541992188 17.371889114379882813 17.255739212036132813 17.137094497680664063 16.984243392944335938 16.781042098999023438 16.6057891845703125 16.679460525512695313 16.87192535400390625 17.056833267211914063 17.256036758422851563 17.416942596435546875 17.546430587768554688 17.6077423095703125 17.584016799926757813 17.487606048583984375 17.355350494384765625 17.261571884155273438 17.20108795166015625 17.15032958984375 17.134908676147460938 17.14960479736328125 17.149587631225585938 17.04315948486328125 16.842531204223632813 16.884756088256835938 17.56188201904296875 18.251646041870117188 18.418560028076171875 18.408733367919921875 18.331165313720703125
17.547151565551757813 17.556728363037109375 17.570316314697265625 17.576023101806640625 17.570898056030273438 17.555810928344726563 17.533224105834960938 17.491365432739257813 17.426050186157226563 17.3385772705078125 17.238763809204101563 17.139745712280273438 17.027330398559570313 16.903165817260742188 16.811433792114257813 16.8306121826171875 16.9515380859375 17.05309295654296875 17.204900741577148438 17.315488815307617188 17.403821945190429688 17.481761932373046875 17.53572845458984375 17.56580352783203125 17.53830718994140625 17.453504562377929688 17.378108978271484375 17.317834854125976563 17.267578125 17.218303680419921875 17.1336669921875 16.991703033447265625 16.924991607666015625 17.362529754638671875 18.047040939331054688 18.374700546264648438 18.433704376220703125 18.41414642333984375 18.35730743408203125 18.29279327392578125
17.490896224975585938 17.492795944213867188 17.489782333374023438 17.480882644653320313 17.465595245361328125 17.44013214111328125 17.408624649047851563 17.367021560668945313 17.311840057373046875 17.24370574951171875 17.168169021606445313 17.09651947021484375 17.023406982421875 16.974966049194335938 16.97534942626953125 17.020128250122070313 17.09548187255859375 17.192602157592773438 17.273378372192382813 17.311054229736328125 17.346044540405273438 17.372529983520507813 17.413835525512695313 17.476839065551757813 17.484004974365234375 17.43135833740234375 17.374767303466796875 17.302057266235351563 17.2021026611328125 17.077684402465820313 16.956487655639648438 17.003902435302734375 17.729787826538085938 18.325531005859375 18.42429351806640625 18.433078765869140625 18.456190109252929688 18.457414627075195313 18.444433212280273438 18.376977920532226563
17.477260589599609375 17.458251953125 17.440187454223632813 17.420751571655273438 17.396846771240234375 17.36862945556640625 17.335844039916992188 17.30168914794921875 17.258275985717773438 17.21041107177734375 17.162931442260742188 17.120580673217773438 17.084730148315429688 17.066957473754882813 17.078847885131835938 17.137514114379882813 17.210100173950195313 17.248838424682617188 17.271572113037109375 17.281328201293945313 17.272281646728515625 17.263399124145507813 17.28734588623046875 17.337375640869140625 17.354894638061523438 17.320644378662109375 17.257373809814453125 17.166845321655273438 17.057329177856445313 16.987651824951171875 17.102682113647460938 17.772274017333984375 18.367521286010742188 18.43296051025390625 18.4296417236328125 18.458360671997070313 18.492456436157226563 18.4899139404296875 18.460985183715820313 18.396474838256835938
17.473491668701171875 17.4712982177734375 17.462453842163085938 17.441213607788085938 17.409437179565429688 17.372539520263671875 17.334123611450195313 17.300058364868164063 17.2658843994140625 17.23382568359375 17.200160980224609375 17.163661956787109375 17.130229949951171875 17.125 17.175069808959960938 17.231134414672851563 17.240245819091796875 17.242870330810546875 17.243865966796875 17.227783203125 17.199846267700195313 17.18172454833984375 17.191576004028320313 17.211229324340820313 17.210004806518554688 17.1799163818359375 17.127878189086914063 17.053569793701171875 17.001239776611328125 17.081979751586914063 17.496250152587890625 18.235332489013671875 18.431329727172851563 18.427164077758789063 18.412624359130859375 18.432607650756835938 18.435594558715820313 18.450695037841796875 18.47283935546875 18.482187271118164063
17.384805679321289063 17.3880462646484375 17.396337509155273438 17.405176162719726563 17.409543991088867188 17.39666748046875 17.36867523193359375 17.331781387329101563 17.292791366577148438 17.248208999633789063 17.200933456420898438 17.153062820434570313 17.133457183837890625 17.167085647583007813 17.227224349975585938 17.237247467041015625 17.221990585327148438 17.214456558227539063 17.204412460327148438 17.183506011962890625 17.1609954833984375 17.155170440673828125 17.163677215576171875 17.168506622314453125 17.149810791015625 17.108486175537109375 17.054647445678710938 16.992071151733398438 16.96605682373046875 17.0892791748046875 17.529018402099609375 18.156663894653320313 18.427143096923828125 18.418964385986328125 18.3677825927734375 18.344745635986328125 18.323162078857421875 18.336345672607421875 18.395687103271484375 18.469709396362304688
17.377523422241210938 17.371622085571289063 17.343275070190429688 17.318195343017578125 17.312322616577148438 17.314022064208984375 17.304250717163085938 17.273998260498046875 17.232202529907226563 17.192501068115234375 17.155145645141601563 17.13965606689453125 17.156757354736328125 17.20269012451171875 17.228923797607421875 17.209808349609375 17.180286407470703125 17.1712188720703125 17.16461944580078125 17.15411376953125 17.151300430297851563 17.16426849365234375 17.183645248413085938 17.187688827514648438 17.1678314208984375 17.127752304077148438 17.080562591552734375 17.021068572998046875 16.97100067138671875 16.992982864379882813 17.21900177001953125 17.70453643798828125 18.1898651123046875 18.37505340576171875 18.366016387939453125 18.328004837036132813 18.269916534423828125 18.219940185546875 18.214792251586914063 18.276960372924804688
17.412334442138671875 17.40740203857421875 17.382108688354492188 17.324016571044921875 17.266553878784179688 17.241502761840820313 17.231479644775390625 17.21276092529296875 17.188976287841796875 17.17806243896484375 17.177488327026367188 17.188325881958007813 17.206523895263671875 17.215496063232421875 17.201171875 17.16613006591796875 17.132656097412109375 17.12177276611328125 17.1275634765625 17.143159866333007813 17.172094345092773438 17.212850570678710938 17.253011703491210938 17.277729034423828125 17.268796920776367188 17.229635238647460938 17.174825668334960938 17.122018814086914063 17.0787811279296875 17.064561843872070313 17.1170806884765625 17.323558807373046875 17.692552566528320313 18.086374282836914063 18.274618148803710938 18.275075912475585938 18.193872451782226563 18.121517181396484375 18.108510971069335938 18.103748321533203125
17.46930694580078125 17.448968887329101563 17.40827178955078125 17.347774505615234375 17.2922515869140625 17.260187149047851563 17.246692657470703125 17.2383575439453125 17.233156204223632813 17.2350311279296875 17.239503860473632813 17.23822021484375 17.225772857666015625 17.205362319946289063 17.173963546752929688 17.140623092651367188 17.117969512939453125 17.112699508666992188 17.119943618774414063 17.14306640625 17.180524826049804688 17.232694625854492188 17.285472869873046875 17.341440200805664063 17.374399185180664063 17.378238677978515625 17.344385147094726563 17.282781600952148438 17.213109970092773438 17.161600112915039063 17.152078628540039063 17.198497772216796875 17.363958358764648438 17.64736175537109375 17.853246688842773438 17.874530792236328125 17.811021804809570313 17.749706268310546875 17.828809738159179688 17.976232528686523438
17.504293441772460938 17.4644317626953125 17.426502227783203125 17.3819122314453125 17.343938827514648438 17.324468612670898438 17.308183670043945313 17.293817520141601563 17.28688812255859375 17.287059783935546875 17.287000656127929688 17.279876708984375 17.261501312255859375 17.237207412719726563 17.209886550903320313 17.1894378662109375 17.18204498291015625 17.187028884887695313 17.195692062377929688 17.20981597900390625 17.231710433959960938 17.265573501586914063 17.29022979736328125 17.328767776489257813 17.374452590942382813 17.421827316284179688 17.442636489868164063 17.428503036499023438 17.386219024658203125 17.332551956176757813 17.2900390625 17.265689849853515625 17.267139434814453125 17.319047927856445313 17.404209136962890625 17.458421707153320313 17.524053573608398438 17.616247177124023438 17.773248672485351563 17.941278457641601563
17.523290634155273438 17.490825653076171875 17.4694671630859375 17.459535598754882813 17.472377777099609375 17.484388351440429688 17.480731964111328125 17.470224380493164063 17.457454681396484375 17.440822601318359375 17.417936325073242188 17.395402908325195313 17.382406234741210938 17.388521194458007813 17.417409896850585938 17.470170974731445313 17.531208038330078125 17.580699920654296875 17.600011825561523438 17.59729766845703125 17.57450103759765625 17.541009902954101563 17.488142013549804688 17.441408157348632813 17.415498733520507813 17.417337417602539063 17.441921234130859375 17.462003707885742188 17.468158721923828125 17.458753585815429688 17.460470199584960938 17.466373443603515625 17.495756149291992188 17.560461044311523438 17.661878585815429688 17.862524032592773438 18.08785247802734375 18.268707275390625 18.421136856079101563 18.514287948608398438
17.583044052124023438 17.585279464721679688 17.629337310791015625 17.72467803955078125 17.839443206787109375 17.897602081298828125 17.89134979248046875 17.851503372192382813 17.811822891235351563 17.769456863403320313 17.727962493896484375 17.731191635131835938 17.801095962524414063 17.92767333984375 18.077119827270507813 18.2064056396484375 18.28815460205078125 18.317075729370117188 18.320255279541015625 18.305477142333984375 18.265415191650390625 18.1956329345703125 18.065338134765625 17.868305206298828125 17.710453033447265625 17.614660263061523438 17.538915634155273438 17.495166778564453125 17.47441864013671875 17.460111618041992188 17.587574005126953125 17.82050323486328125 18.071786880493164063 18.295663833618164063 18.566314697265625 18.727956771850585938 18.795618057250976563 18.831373214721679688 18.843961715698242188 18.844022750854492188
17.696359634399414063 17.763704299926757813 17.900115966796875 18.08034515380859375 18.221612930297851563 18.25826263427734375 18.225599288940429688 18.192495346069335938 18.181234359741210938 18.167955398559570313 18.165689468383789063 18.230533599853515625 18.348201751708984375 18.452922821044921875 18.50608062744140625 18.520931243896484375 18.513248443603515625 18.498010635375976563 18.492765426635742188 18.505224227905273438 18.520023345947265625 18.521663665771484375 18.49129486083984375 18.362440109252929688 18.17331695556640625 18.016963958740234375 17.873653411865234375 17.75098419189453125 17.56832122802734375 17.548803329467773438 17.979900360107421875 18.451715469360351563 18.757116317749023438 18.834827423095703125 18.856111526489257813 18.855157852172851563 18.84470367431640625 18.840951919555664063 18.845111846923828125 18.8522491455078125
17.802631378173828125 17.895872116088867188 18.069189071655273438 18.261463165283203125 18.389448165893554688 18.427690505981445313 18.405149459838867188 18.380804061889648438 18.393795013427734375 18.403249740600585938 18.407957077026367188 18.450326919555664063 18.511997222900390625 18.54030609130859375 18.549503326416015625 18.522205352783203125 18.468202590942382813 18.413982391357421875 18.389459609985351563 18.408397674560546875 18.446317672729492188 18.493604660034179688 18.53167724609375 18.53920745849609375 18.469081878662109375 18.372045516967773438 18.261119842529296875 18.080812454223632813 17.712085723876953125 17.80774688720703125 18.315313339233398438 18.663408279418945313 18.80475616455078125 18.838954925537109375 18.840709686279296875 18.835290908813476563 18.832494735717773438 18.83733367919921875 18.84845733642578125 18.861919403076171875
17.973720550537109375 17.980581283569335938 18.038976669311523438 18.157800674438476563 18.3016510009765625 18.430362701416015625 18.485874176025390625 18.484333038330078125 18.490392684936523438 18.508708953857421875 18.521226882934570313 18.541753768920898438 18.577253341674804688 18.591922760009765625 18.588865280151367188 18.5498046875 18.48061370849609375 18.397775650024414063 18.357395172119140625 18.367509841918945313 18.401021957397460938 18.440793991088867188 18.496227264404296875 18.565805435180664063 18.5894012451171875 18.5389862060546875 18.439970016479492188 18.179645538330078125 17.840330123901367188 18.016313552856445313 18.429029464721679688 18.730367660522460938 18.833765029907226563 18.858320236206054688 18.851217269897460938 18.825536727905273438 18.809621810913085938 18.813131332397460938 18.829439163208007813 18.848636627197265625
18.061677932739257813 18.101453781127929688 18.115877151489257813 18.128627777099609375 18.159679412841796875 18.22357940673828125 18.342668533325195313 18.455718994140625 18.500514984130859375 18.521238327026367188 18.5408935546875 18.565732955932617188 18.593564987182617188 18.598463058471679688 18.58489990234375 18.532073974609375 18.44651031494140625 18.340732574462890625 18.318025588989257813 18.341115951538085938 18.400308609008789063 18.458959579467773438 18.498096466064453125 18.568197250366210938 18.625682830810546875 18.581678390502929688 18.427209854125976563 18.124376296997070313 17.947145462036132813 18.2132415771484375 18.54634857177734375 18.767080307006835938 18.843204498291015625 18.847574234008789063 18.804111480712890625 18.764011383056640625 18.75879669189453125 18.772247314453125 18.801206588745117188 18.826202392578125
