MapLinkProApp/griddata/temperature/ASCII/cmems_mod_glo_phy-thetao_anfc_0,083deg_P1D-m_1702458667101_29,4.asc
ncols        121
nrows        120
xllcorner    -30.041666666667
yllcorner    40.041666655981
cellsize     0.083333333333
NODATA_value  9.9692099683868690468e+36
[rows 72 to 89 of 120, columns 0 to 39 of 121]
17.357667922973632813 17.352781295776367188 17.340219497680664063 17.33036041259765625 17.324169158935546875 17.323215484619140625 17.326971054077148438 17.333524703979492188 17.336862564086914063 17.322967529296875 17.266691207885742188 17.095487594604492188 16.767688751220703125 16.333690643310546875 16.00286102294921875 15.850370407104492188 15.841128349304199219 15.881356239318847656 15.911846160888671875 15.80213165283203125 15.584529876708984375 15.392856597900390625 15.301397323608398438 15.352559089660644531 15.519633293151855469 15.954495429992675781 16.612527847290039063 17.030490875244140625 17.142360687255859375 17.153093338012695313 17.171840667724609375 17.173900604248046875 17.133527755737304688 17.074573516845703125 17.032499313354492188 17.010164260864257813 16.999156951904296875 16.9933929443359375 16.988279342651367188 16.983043670654296875
17.334226608276367188 17.335966110229492188 17.327777862548828125 17.312810897827148438 17.29736328125 17.284143447875976563 17.274873733520507813 17.268800735473632813 17.2741851806640625 17.290218353271484375 17.305286407470703125 17.287466049194335938 17.131885528564453125 16.80438995361328125 16.439304351806640625 16.173101425170898438 16.054517745971679688 16.007907867431640625 15.986989021301269531 15.894183158874511719 15.662436485290527344 15.455842018127441406 15.392084121704101563 15.70619964599609375 16.154668807983398438 16.711864471435546875 17.029867172241210938 17.055202484130859375 17.0654754638671875 17.116773605346679688 17.173688888549804688 17.162273406982421875 17.06946563720703125 16.9734039306640625 16.915128707885742188 16.871751785278320313 16.838575363159179688 16.814455032348632813 16.798664093017578125 16.796541213989257813
17.279752731323242188 17.294733047485351563 17.30272674560546875 17.298786163330078125 17.289541244506835938 17.277212142944335938 17.269683837890625 17.256578445434570313 17.243261337280273438 17.225812911987304688 17.223018646240234375 17.246870040893554688 17.249933242797851563 17.113306045532226563 16.813463211059570313 16.467075347900390625 16.236494064331054688 16.067630767822265625 15.931936264038085938 15.762155532836914063 15.561572074890136719 15.557564735412597656 16.03667449951171875 16.600454330444335938 16.886810302734375 16.98102569580078125 16.994287490844726563 17.019422531127929688 17.045978546142578125 17.074567794799804688 17.11379241943359375 17.040996551513671875 16.860383987426757813 16.720569610595703125 16.6511993408203125 16.599767684936523438 16.559514999389648438 16.527423858642578125 16.510301589965820313 16.511016845703125
17.22934722900390625 17.236932754516601563 17.252019882202148438 17.259061813354492188 17.26139068603515625 17.25342559814453125 17.248838424682617188 17.245548248291015625 17.244447708129882813 17.223344802856445313 17.192815780639648438 17.182321548461914063 17.224752426147460938 17.243757247924804688 17.047517776489257813 16.63292694091796875 16.277658462524414063 15.946628570556640625 15.711411476135253906 15.58216094970703125 15.751160621643066406 16.316028594970703125 16.8427886962890625 16.930677413940429688 16.938184738159179688 16.935590744018554688 16.9458770751953125 16.940443038940429688 16.931325912475585938 16.974000930786132813 17.02904510498046875 16.91556549072265625 16.671636581420898438 16.517818450927734375 16.454418182373046875 16.41725921630859375 16.39644622802734375 16.38008880615234375 16.371715545654296875 16.367151260375976563
17.249624252319335938 17.238527297973632813 17.240652084350585938 17.241762161254882813 17.24733734130859375 17.248727798461914063 17.245616912841796875 17.243108749389648438 17.24079132080078125 17.228071212768554688 17.2047271728515625 17.168699264526367188 17.187074661254882813 17.24658966064453125 17.139072418212890625 16.725767135620117188 16.2298126220703125 15.795854568481445313 15.641717910766601563 15.870714187622070313 16.449956893920898438 16.813488006591796875 16.908052444458007813 16.9119415283203125 16.908414840698242188 16.90271759033203125 16.896066665649414063 16.886638641357421875 16.885202407836914063 16.930450439453125 16.975194931030273438 16.808286666870117188 16.5334014892578125 16.412714004516601563 16.38823699951171875 16.371801376342773438 16.364301681518554688 16.356756210327148438 16.35381317138671875 16.352199554443359375
17.4339447021484375 17.367509841918945313 17.31505584716796875 17.281068801879882813 17.260698318481445313 17.255413055419921875 17.250644683837890625 17.249057769775390625 17.247455596923828125 17.240484237670898438 17.218126296997070313 17.181156158447265625 17.162500381469726563 17.231973648071289063 17.19591522216796875 16.815494537353515625 16.198095321655273438 15.771203041076660156 15.897375106811523438 16.469381332397460938 16.798460006713867188 16.899286270141601563 16.914979934692382813 16.909168243408203125 16.90232086181640625 16.888563156127929688 16.87953948974609375 16.868436813354492188 16.8545074462890625 16.89559173583984375 16.931018829345703125 16.725896835327148438 16.428018569946289063 16.360347747802734375 16.36533355712890625 16.353132247924804688 16.35564422607421875 16.361837387084960938 16.368371963500976563 16.378881454467773438
17.68090057373046875 17.609439849853515625 17.526723861694335938 17.44562530517578125 17.375165939331054688 17.324001312255859375 17.286624908447265625 17.274427413940429688 17.2633514404296875 17.260881423950195313 17.232330322265625 17.21007537841796875 17.1618194580078125 17.217569351196289063 17.230329513549804688 16.909759521484375 16.261873245239257813 15.857122421264648438 16.159864425659179688 16.673765182495117188 16.860219955444335938 16.907125473022460938 16.9185638427734375 16.914945602416992188 16.88248443603515625 16.85828399658203125 16.846942901611328125 16.83354949951171875 16.82103729248046875 16.867801666259765625 16.9019775390625 16.675260543823242188 16.37987518310546875 16.3503265380859375 16.368024826049804688 16.364452362060546875 16.398004531860351563 16.428110122680664063 16.451763153076171875 16.483058929443359375
17.755975723266601563 17.729236602783203125 17.67816925048828125 17.611602783203125 17.533708572387695313 17.469366073608398438 17.40895843505859375 17.369953155517578125 17.33160400390625 17.309234619140625 17.26165771484375 17.248020172119140625 17.188608169555664063 17.214216232299804688 17.254545211791992188 17.015411376953125 16.377206802368164063 15.950815200805664063 16.2299957275390625 16.686059951782226563 16.856401443481445313 16.904077529907226563 16.919910430908203125 16.902627944946289063 16.846103668212890625 16.81711578369140625 16.803401947021484375 16.78958892822265625 16.792150497436523438 16.847188949584960938 16.885990142822265625 16.64533233642578125 16.363132476806640625 16.359081268310546875 16.39965057373046875 16.416952133178710938 16.46660614013671875 16.503599166870117188 16.535326004028320313 16.569528579711914063
17.6927032470703125 17.726535797119140625 17.734216690063476563 17.713558197021484375 17.670291900634765625 17.622999191284179688 17.555265426635742188 17.494838714599609375 17.430507659912109375 17.37827301025390625 17.313070297241210938 17.289867401123046875 17.2473602294921875 17.219644546508789063 17.270605087280273438 17.138690948486328125 16.571319580078125 16.08945465087890625 16.233499526977539063 16.627471923828125 16.82879638671875 16.898374557495117188 16.920989990234375 16.871000289916992188 16.800128936767578125 16.764547348022460938 16.747064590454101563 16.739994049072265625 16.756242752075195313 16.815097808837890625 16.8731842041015625 16.6620941162109375 16.365648269653320313 16.378589630126953125 16.430238723754882813 16.435884475708007813 16.479877471923828125 16.535890579223632813 16.590839385986328125 16.63401031494140625
17.556102752685546875 17.62683868408203125 17.686239242553710938 17.71228790283203125 17.70011138916015625 17.663349151611328125 17.59999847412109375 17.540828704833984375 17.478078842163085938 17.418123245239257813 17.350866317749023438 17.319871902465820313 17.309762954711914063 17.25018310546875 17.288877487182617188 17.245641708374023438 16.771131515502929688 16.247137069702148438 16.256015777587890625 16.584703445434570313 16.807102203369140625 16.896589279174804688 16.8978118896484375 16.810960769653320313 16.74492645263671875 16.713003158569335938 16.6947784423828125 16.695512771606445313 16.718982696533203125 16.776264190673828125 16.863262176513671875 16.71955108642578125 16.384729385375976563 16.377353668212890625 16.423059463500976563 16.406177520751953125 16.436641693115234375 16.509061813354492188 16.586973190307617188 16.645092010498046875
17.503528594970703125 17.541349411010742188 17.609067916870117188 17.661558151245117188 17.67194366455078125 17.647216796875 17.600244522094726563 17.56180572509765625 17.503690719604492188 17.441051483154296875 17.378292083740234375 17.348171234130859375 17.349588394165039063 17.279087066650390625 17.299907684326171875 17.29730987548828125 16.914136886596679688 16.374601364135742188 16.312303543090820313 16.597249984741210938 16.812753677368164063 16.88834381103515625 16.835887908935546875 16.74500274658203125 16.686481475830078125 16.65838623046875 16.651014328002929688 16.668020248413085938 16.694192886352539063 16.738283157348632813 16.845849990844726563 16.788633346557617188 16.427434921264648438 16.359640121459960938 16.394926071166992188 16.34934234619140625 16.346584320068359375 16.422779083251953125 16.532930374145507813 16.62606048583984375
17.496425628662109375 17.493139266967773438 17.544076919555664063 17.602783203125 17.638776779174804688 17.645809173583984375 17.626935958862304688 17.600658416748046875 17.54383087158203125 17.490869522094726563 17.439702987670898438 17.408023834228515625 17.401014328002929688 17.307428359985351563 17.307157516479492188 17.324048995971679688 17.03774261474609375 16.502996444702148438 16.390794754028320313 16.625223159790039063 16.80146026611328125 16.815843582153320313 16.731189727783203125 16.65842437744140625 16.60549163818359375 16.593536376953125 16.621198654174804688 16.669872283935546875 16.705522537231445313 16.712999343872070313 16.799467086791992188 16.870668411254882813 16.523511886596679688 16.350183486938476563 16.35263824462890625 16.295330047607421875 16.253772735595703125 16.305389404296875 16.423521041870117188 16.556062698364257813
17.481172561645507813 17.47820281982421875 17.5117034912109375 17.561555862426757813 17.6090850830078125 17.636552810668945313 17.642061233520507813 17.632658004760742188 17.594148635864257813 17.55821990966796875 17.51220703125 17.4733734130859375 17.440578460693359375 17.326625823974609375 17.3098297119140625 17.328693389892578125 17.102048873901367188 16.592357635498046875 16.452268600463867188 16.629236221313476563 16.735380172729492188 16.693040847778320313 16.615039825439453125 16.561983108520507813 16.542217254638671875 16.57822418212890625 16.664630889892578125 16.744794845581054688 16.786596298217773438 16.749746322631835938 16.76432037353515625 16.89013671875 16.629137039184570313 16.370214462280273438 16.30588531494140625 16.258916854858398438 16.235721588134765625 16.275922775268554688 16.37613677978515625 16.500970840454101563
17.4642181396484375 17.470928192138671875 17.501970291137695313 17.550624847412109375 17.597219467163085938 17.629953384399414063 17.645351409912109375 17.645061492919921875 17.6234130859375 17.5961761474609375 17.552812576293945313 17.517101287841796875 17.467411041259765625 17.344430923461914063 17.3180084228515625 17.3273162841796875 17.107908248901367188 16.62198638916015625 16.481842041015625 16.605253219604492188 16.637073516845703125 16.585041046142578125 16.524898529052734375 16.512372970581054688 16.554874420166015625 16.678127288818359375 16.8235015869140625 16.91994476318359375 16.936807632446289063 16.854337692260742188 16.772451400756835938 16.886510848999023438 16.69709014892578125 16.393993377685546875 16.280979156494140625 16.266742706298828125 16.286197662353515625 16.367609024047851563 16.513713836669921875 16.62792205810546875
17.471044540405273438 17.491779327392578125 17.530691146850585938 17.577991485595703125 17.613424301147460938 17.635026931762695313 17.643146514892578125 17.642852783203125 17.63307952880859375 17.617143630981445313 17.584095001220703125 17.560087203979492188 17.506845474243164063 17.378328323364257813 17.329977035522460938 17.321414947509765625 17.092632293701171875 16.634235382080078125 16.509714126586914063 16.558881759643554688 16.520725250244140625 16.484521865844726563 16.504161834716796875 16.612789154052734375 16.813665390014648438 17.033380508422851563 17.190631866455078125 17.249090194702148438 17.199390411376953125 17.038677215576171875 16.8451080322265625 16.8874969482421875 16.772092819213867188 16.43250274658203125 16.290056228637695313 16.31536865234375 16.371307373046875 16.52361297607421875 16.757862091064453125 16.93843841552734375
17.542171478271484375 17.555814743041992188 17.580850601196289063 17.603788375854492188 17.61164093017578125 17.616266250610351563 17.619562149047851563 17.627300262451171875 17.62609100341796875 17.622600555419921875 17.606241226196289063 17.585880279541015625 17.5281829833984375 17.396648406982421875 17.334722518920898438 17.293203353881835938 17.03571319580078125 16.606472015380859375 16.524602890014648438 16.480098724365234375 16.451152801513671875 16.518499374389648438 16.7048797607421875 17.001081466674804688 17.29637908935546875 17.47412872314453125 17.52886199951171875 17.51920318603515625 17.418893814086914063 17.205011367797851563 16.931634902954101563 16.899339675903320313 16.860866546630859375 16.50836944580078125 16.348093032836914063 16.3645477294921875 16.4023284912109375 16.53348541259765625 16.761707305908203125 16.9889678955078125
17.576883316040039063 17.581485748291015625 17.587511062622070313 17.59220123291015625 17.594705581665039063 17.60040283203125 17.610845565795898438 17.627964019775390625 17.633838653564453125 17.62841033935546875 17.617900848388671875 17.589069366455078125 17.514835357666015625 17.391086578369140625 17.33232879638671875 17.248096466064453125 16.928968429565429688 16.562799453735351563 16.48200225830078125 16.435842514038085938 16.528507232666015625 16.741704940795898438 17.080718994140625 17.413183212280273438 17.585924148559570313 17.602508544921875 17.5883331298828125 17.556966781616210938 17.457096099853515625 17.251638412475585938 16.973827362060546875 16.9132537841796875 16.942535400390625 16.605264663696289063 16.444667816162109375 16.41876983642578125 16.410905838012695313 16.467939376831054688 16.645475387573242188 16.914011001586914063
17.620462417602539063 17.60886383056640625 17.603292465209960938 17.605821609497070313 17.614604949951171875 17.623674392700195313 17.641649246215820313 17.659292221069335938 17.656185150146484375 17.6435699462890625 17.62044525146484375 17.560009002685546875 17.453968048095703125 17.340900421142578125 17.273359298706054688 17.121446609497070313 16.773065567016601563 16.454618453979492188 16.43849945068359375 16.563821792602539063 16.816560745239257813 17.148113250732421875 17.4521636962890625 17.59806060791015625 17.593317031860351563 17.52478790283203125 17.47374725341796875 17.43426513671875 17.344503402709960938 17.178813934326171875 16.961877822875976563 16.937374114990234375 17.010988235473632813 16.755079269409179688 16.606519699096679688 16.514120101928710938 16.4577789306640625 16.475650787353515625 16.733537673950195313 17.14911651611328125
