MapLinkProApp/griddata/temperature/ASCII/cmems_mod_glo_phy-thetao_anfc_0,083deg_P1D-m_1702458667101_109,7.asc
ncols        121
nrows        120
xllcorner    -30.041666666667
yllcorner    40.041666655981
cellsize     0.083333333333
NODATA_value  9.9692099683868690468e+36
[rows 18 to 35 of 120, columns 40 to 79 of 121]
12.478946685791015625 12.486707687377929688 12.517029762268066406 12.476861953735351563 12.283959388732910156 12.415183067321777344 13.002219200134277344 13.707718849182128906 14.272028923034667969 14.534981727600097656 14.560209274291992188 14.43731689453125 14.232409477233886719 14.129740715026855469 14.218776702880859375 14.300120353698730469 14.386873245239257813 14.44713592529296875 14.421766281127929688 14.404465675354003906 14.446738243103027344 14.531101226806640625 14.61382293701171875 14.659353256225585938 14.655722618103027344 14.626092910766601563 14.583436012268066406 14.543291091918945313 14.498682022094726563 14.424344062805175781 14.311540603637695313 14.163636207580566406 13.995554924011230469 13.8362579345703125 13.727873802185058594 13.711839675903320313 13.777358055114746094 13.836340904235839844 13.817557334899902344 13.760274887084960938
12.391745567321777344 12.335446357727050781 12.330418586730957031 12.333361625671386719 12.361474037170410156 12.795769691467285156 13.493384361267089844 14.104562759399414063 14.45880126953125 14.576617240905761719 14.563652992248535156 14.430277824401855469 14.22547149658203125 14.127038955688476563 14.211233139038085938 14.263250350952148438 14.350738525390625 14.478632926940917969 14.543226242065429688 14.570914268493652344 14.604575157165527344 14.653203010559082031 14.678097724914550781 14.671029090881347656 14.627890586853027344 14.555538177490234375 14.487835884094238281 14.423814773559570313 14.358570098876953125 14.275287628173828125 14.163970947265625 14.029783248901367188 13.889607429504394531 13.766777992248535156 13.686178207397460938 13.679480552673339844 13.723397254943847656 13.732909202575683594 13.704003334045410156 13.705968856811523438
12.308818817138671875 12.342078208923339844 12.382244110107421875 12.393370628356933594 12.623853683471679688 13.264428138732910156 13.933583259582519531 14.352735519409179688 14.543311119079589844 14.603384017944335938 14.57897186279296875 14.456980705261230469 14.254528999328613281 14.122900962829589844 14.1771697998046875 14.224036216735839844 14.292416572570800781 14.417450904846191406 14.513022422790527344 14.583615303039550781 14.628658294677734375 14.663461685180664063 14.6713714599609375 14.658168792724609375 14.617610931396484375 14.553891181945800781 14.473362922668457031 14.383348464965820313 14.295796394348144531 14.204599380493164063 14.098433494567871094 13.979597091674804688 13.857341766357421875 13.746668815612792969 13.670805931091308594 13.653167724609375 13.664552688598632813 13.653605461120605469 13.653604507446289063 13.7029266357421875
12.321814537048339844 12.357087135314941406 12.414650917053222656 12.480740547180175781 12.854863166809082031 13.547747611999511719 14.129664421081542969 14.437358856201171875 14.569471359252929688 14.620947837829589844 14.609216690063476563 14.521054267883300781 14.347471237182617188 14.159519195556640625 14.128282546997070313 14.171827316284179688 14.211451530456542969 14.309339523315429688 14.390226364135742188 14.460867881774902344 14.514386177062988281 14.542486190795898438 14.548040390014648438 14.529476165771484375 14.508072853088378906 14.484290122985839844 14.442579269409179688 14.371427536010742188 14.276027679443359375 14.166790008544921875 14.052198410034179688 13.936945915222167969 13.824881553649902344 13.728517532348632813 13.666874885559082031 13.63944244384765625 13.637454032897949219 13.665869712829589844 13.725064277648925781 13.805586814880371094
12.302883148193359375 12.350741386413574219 12.441189765930175781 12.593130111694335938 13.072272300720214844 13.798702239990234375 14.30431365966796875 14.490998268127441406 14.57419586181640625 14.628388404846191406 14.634188652038574219 14.58333587646484375 14.460078239440917969 14.254538536071777344 14.12245941162109375 14.122490882873535156 14.135471343994140625 14.194968223571777344 14.250222206115722656 14.307471275329589844 14.36038970947265625 14.391439437866210938 14.392665863037109375 14.378203392028808594 14.369607925415039063 14.36985015869140625 14.358815193176269531 14.318355560302734375 14.241522789001464844 14.136269569396972656 14.023501396179199219 13.913950920104980469 13.814581871032714844 13.730311393737792969 13.676301956176757813 13.660083770751953125 13.682557106018066406 13.755053520202636719 13.851161003112792969 13.952272415161132813
12.262707710266113281 12.341124534606933594 12.50852203369140625 12.768595695495605469 13.292972564697265625 13.935932159423828125 14.325917243957519531 14.484592437744140625 14.574861526489257813 14.639799118041992188 14.654662132263183594 14.627507209777832031 14.570855140686035156 14.453768730163574219 14.268960952758789063 14.137849807739257813 14.083123207092285156 14.065732002258300781 14.093445777893066406 14.118444442749023438 14.158290863037109375 14.189191818237304688 14.200060844421386719 14.196279525756835938 14.191315650939941406 14.204439163208007813 14.215880393981933594 14.198160171508789063 14.138606071472167969 14.046071052551269531 13.94339752197265625 13.849193572998046875 13.771970748901367188 13.717099189758300781 13.691320419311523438 13.708951950073242188 13.796248435974121094 13.926337242126464844 14.035017013549804688 14.147769927978515625
12.251112937927246094 12.3583221435546875 12.559473991394042969 12.891742706298828125 13.475102424621582031 14.084890365600585938 14.377593040466308594 14.471013069152832031 14.570406913757324219 14.648369789123535156 14.667860031127929688 14.640844345092773438 14.598096847534179688 14.565523147583007813 14.489890098571777344 14.335794448852539063 14.167574882507324219 14.046530723571777344 13.993230819702148438 13.994665145874023438 14.012941360473632813 14.046380043029785156 14.059197425842285156 14.048935890197753906 14.039540290832519531 14.045286178588867188 14.049590110778808594 14.030262947082519531 13.981130599975585938 13.912347793579101563 13.840269088745117188 13.774576187133789063 13.7256011962890625 13.699892997741699219 13.757518768310546875 13.900864601135253906 14.043755531311035156 14.098399162292480469 14.119068145751953125 14.217989921569824219
12.271020889282226563 12.393706321716308594 12.614289283752441406 13.018332481384277344 13.631842613220214844 14.155454635620117188 14.362909317016601563 14.447976112365722656 14.561367034912109375 14.640714645385742188 14.66385650634765625 14.646559715270996094 14.604915618896484375 14.557376861572265625 14.524150848388671875 14.497095108032226563 14.417496681213378906 14.278849601745605469 14.109838485717773438 13.983101844787597656 13.922498703002929688 13.911860466003417969 13.940538406372070313 13.9560394287109375 13.960367202758789063 13.955247879028320313 13.944498062133789063 13.918908119201660156 13.87518310546875 13.817536354064941406 13.760503768920898438 13.723146438598632813 13.726075172424316406 13.823743820190429688 13.977163314819335938 14.052127838134765625 14.054717063903808594 14.045766830444335938 14.134545326232910156 14.315558433532714844
12.342034339904785156 12.477755546569824219 12.707150459289550781 13.173455238342285156 13.78125 14.189633369445800781 14.327231407165527344 14.415602684020996094 14.527253150939941406 14.577577590942382813 14.591342926025390625 14.5986175537109375 14.605547904968261719 14.5849151611328125 14.51753997802734375 14.458876609802246094 14.45473480224609375 14.483702659606933594 14.448804855346679688 14.313704490661621094 14.108931541442871094 13.914498329162597656 13.819303512573242188 13.795786857604980469 13.78655242919921875 13.786644935607910156 13.7891845703125 13.7704010009765625 13.743836402893066406 13.71628570556640625 13.715535163879394531 13.786454200744628906 13.927363395690917969 14.023045539855957031 13.991868019104003906 13.953515052795410156 14.03893280029296875 14.132091522216796875 14.238234519958496094 14.358837127685546875
12.464297294616699219 12.59293365478515625 12.829443931579589844 13.323624610900878906 13.892276763916015625 14.199604034423828125 14.285264968872070313 14.359050750732421875 14.408871650695800781 14.405167579650878906 14.408423423767089844 14.4517059326171875 14.516553878784179688 14.563321113586425781 14.561869621276855469 14.490447044372558594 14.415323257446289063 14.38037109375 14.442625999450683594 14.478566169738769531 14.425889968872070313 14.255353927612304688 14.004533767700195313 13.820545196533203125 13.725544929504394531 13.69300079345703125 13.68459320068359375 13.68590545654296875 13.691473007202148438 13.707691192626953125 13.769481658935546875 13.907933235168457031 14.021021842956542969 13.987788200378417969 13.911596298217773438 13.949230194091796875 14.067620277404785156 14.158243179321289063 14.267420768737792969 14.361565589904785156
12.657039642333984375 12.761347770690917969 13.014958381652832031 13.506556510925292969 13.953804969787597656 14.117618560791015625 14.092114448547363281 13.961103439331054688 13.831540107727050781 13.8265380859375 13.888590812683105469 14.0990753173828125 14.306279182434082031 14.455279350280761719 14.525885581970214844 14.512564659118652344 14.454436302185058594 14.400034904479980469 14.372574806213378906 14.381763458251953125 14.404912948608398438 14.446146011352539063 14.411377906799316406 14.223631858825683594 13.975498199462890625 13.779040336608886719 13.675545692443847656 13.649677276611328125 13.696051597595214844 13.780425071716308594 13.862705230712890625 13.98432159423828125 14.024435043334960938 13.935492515563964844 13.873813629150390625 13.947823524475097656 14.087185859680175781 14.164791107177734375 14.261845588684082031 14.3522186279296875
12.802989006042480469 12.885315895080566406 13.156219482421875 13.606297492980957031 13.93479156494140625 13.927762031555175781 13.652471542358398438 13.293976783752441406 13.14482879638671875 13.212258338928222656 13.366449356079101563 13.731354713439941406 14.086403846740722656 14.350892066955566406 14.490452766418457031 14.518879890441894531 14.469069480895996094 14.415876388549804688 14.402088165283203125 14.415913581848144531 14.428948402404785156 14.408895492553710938 14.434725761413574219 14.480561256408691406 14.357474327087402344 14.091475486755371094 13.842982292175292969 13.690288543701171875 13.687595367431640625 13.81807708740234375 13.940707206726074219 14.0089111328125 13.967751502990722656 13.871684074401855469 13.847954750061035156 13.940085411071777344 14.085706710815429688 14.149678230285644531 14.240225791931152344 14.3345947265625
12.917212486267089844 13.0015716552734375 13.257416725158691406 13.646618843078613281 13.856763839721679688 13.68891143798828125 13.304168701171875 13.009844779968261719 13.002152442932128906 13.065546035766601563 13.200581550598144531 13.555357933044433594 13.992544174194335938 14.338171005249023438 14.501345634460449219 14.523091316223144531 14.480358123779296875 14.450411796569824219 14.467568397521972656 14.488186836242675781 14.516842842102050781 14.51833343505859375 14.460101127624511719 14.452521324157714844 14.487711906433105469 14.3609771728515625 14.106240272521972656 13.849561691284179688 13.715089797973632813 13.746046066284179688 13.859264373779296875 13.922220230102539063 13.858539581298828125 13.816629409790039063 13.852690696716308594 13.951898574829101563 14.090551376342773438 14.144381523132324219 14.228284835815429688 14.323271751403808594
13.094356536865234375 13.119113922119140625 13.325478553771972656 13.699604988098144531 13.870317459106445313 13.696013450622558594 13.398266792297363281 13.177032470703125 13.166822433471679688 13.178508758544921875 13.275044441223144531 13.613120079040527344 14.071667671203613281 14.410369873046875 14.548237800598144531 14.546500205993652344 14.49033355712890625 14.493265151977539063 14.550733566284179688 14.629880905151367188 14.682909965515136719 14.702970504760742188 14.667041778564453125 14.531167030334472656 14.494431495666503906 14.506911277770996094 14.382015228271484375 14.129834175109863281 13.889087677001953125 13.759202957153320313 13.745036125183105469 13.76395416259765625 13.757007598876953125 13.801295280456542969 13.884851455688476563 13.990850448608398438 14.121373176574707031 14.176115989685058594 14.252691268920898438 14.325350761413574219
13.389647483825683594 13.292492866516113281 13.373766899108886719 13.685130119323730469 13.903348922729492188 13.832537651062011719 13.620744705200195313 13.442363739013671875 13.357760429382324219 13.251320838928222656 13.358367919921875 13.788863182067871094 14.246026039123535156 14.526819229125976563 14.596368789672851563 14.549366950988769531 14.488702774047851563 14.538166046142578125 14.643929481506347656 14.756241798400878906 14.81963348388671875 14.845916748046875 14.85034942626953125 14.707575798034667969 14.552165031433105469 14.535933494567871094 14.496950149536132813 14.317165374755859375 14.078795433044433594 13.891155242919921875 13.793505668640136719 13.776446342468261719 13.789546012878417969 13.86212158203125 13.945847511291503906 14.04969024658203125 14.17697906494140625 14.251401901245117188 14.337592124938964844 14.370415687561035156
13.79084014892578125 13.55815887451171875 13.457901954650878906 13.647101402282714844 13.891631126403808594 13.940288543701171875 13.807493209838867188 13.602893829345703125 13.409337997436523438 13.350255012512207031 13.645348548889160156 14.120768547058105469 14.488705635070800781 14.641187667846679688 14.614108085632324219 14.53171539306640625 14.500566482543945313 14.607767105102539063 14.780633926391601563 14.904026031494140625 14.961602210998535156 14.973439216613769531 14.993969917297363281 14.9163970947265625 14.702296257019042969 14.588370323181152344 14.55762481689453125 14.455241203308105469 14.263860702514648438 14.076674461364746094 13.953738212585449219 13.900723457336425781 13.914896965026855469 13.975437164306640625 14.034827232360839844 14.131478309631347656 14.302125930786132813 14.465506553649902344 14.544672966003417969 14.478473663330078125
14.086300849914550781 13.760647773742675781 13.553912162780761719 13.676487922668457031 13.885436058044433594 13.9274444580078125 13.765047073364257813 13.494807243347167969 13.355668067932128906 13.540212631225585938 13.965956687927246094 14.382890701293945313 14.627391815185546875 14.680181503295898438 14.586112022399902344 14.5068359375 14.516054153442382813 14.706419944763183594 14.902506828308105469 15.009939193725585938 15.056685447692871094 15.056056976318359375 15.067206382751464844 15.044734954833984375 14.839937210083007813 14.65337371826171875 14.598916053771972656 14.529481887817382813 14.382937431335449219 14.213281631469726563 14.089945793151855469 14.038244247436523438 14.056717872619628906 14.086060523986816406 14.126381874084472656 14.256315231323242188 14.536342620849609375 14.757029533386230469 14.711421012878417969 14.5765838623046875
13.9951171875 13.681612014770507813 13.567811012268066406 13.687166213989257813 13.764924049377441406 13.675416946411132813 13.5068359375 13.397342681884765625 13.483244895935058594 13.823332786560058594 14.254189491271972656 14.558624267578125 14.722782135009765625 14.7076263427734375 14.574169158935546875 14.497035980224609375 14.564067840576171875 14.796727180480957031 14.985383987426757813 15.072810173034667969 15.1119537353515625 15.112524986267089844 15.110509872436523438 15.087859153747558594 14.90683746337890625 14.722856521606445313 14.63970947265625 14.560303688049316406 14.416695594787597656 14.264990806579589844 14.1741485595703125 14.13994598388671875 14.132441520690917969 14.144376754760742188 14.203472137451171875 14.445242881774902344 14.728822708129882813 14.833391189575195313 14.782442092895507813 14.69768524169921875
