MapLinkProApp/griddata/temperature/ASCII/cmems_mod_glo_phy-thetao_anfc_0,083deg_P1D-m_1702458667101_6,4.asc
ncols        121
nrows        120
xllcorner    -30.041666666667
yllcorner    40.041666655981
cellsize     0.083333333333
NODATA_value  9.9692099683868690468e+36
[rows 18 to 35 of 120, columns 40 to 79 of 121]
12.574122428894042969 12.691649436950683594 12.675608634948730469 12.576765060424804688 12.616353034973144531 13.065905570983886719 13.755162239074707031 14.187888145446777344 14.434184074401855469 14.55097198486328125 14.559406280517578125 14.440369606018066406 14.230561256408691406 14.125665664672851563 14.213243484497070313 14.295299530029296875 14.382090568542480469 14.440159797668457031 14.414553642272949219 14.396487236022949219 14.4379425048828125 14.520669937133789063 14.6038055419921875 14.64940643310546875 14.646442413330078125 14.616514205932617188 14.574239730834960938 14.5355377197265625 14.490936279296875 14.415830612182617188 14.303267478942871094 14.155770301818847656 13.988245010375976563 13.829797744750976563 13.722277641296386719 13.70697021484375 13.771244049072265625 13.826992988586425781 13.80853271484375 13.7530517578125
12.561376571655273438 12.6100921630859375 12.560626983642578125 12.455080032348632813 12.777490615844726563 13.598498344421386719 14.101947784423828125 14.350826263427734375 14.502121925354003906 14.575700759887695313 14.5569305419921875 14.425696372985839844 14.22183990478515625 14.124009132385253906 14.204130172729492188 14.259720802307128906 14.348394393920898438 14.472035408020019531 14.535551071166992188 14.563326835632324219 14.598066329956054688 14.646718978881835938 14.670645713806152344 14.66357421875 14.620581626892089844 14.54834747314453125 14.4792633056640625 14.414808273315429688 14.349369049072265625 14.266232490539550781 14.155366897583007813 14.021776199340820313 13.882569313049316406 13.760692596435546875 13.681217193603515625 13.674669265747070313 13.718152999877929688 13.727926254272460938 13.697469711303710938 13.698485374450683594
12.478504180908203125 12.464787483215332031 12.424567222595214844 12.576641082763671875 13.145541191101074219 13.858308792114257813 14.253877639770507813 14.451596260070800781 14.551334381103515625 14.595364570617675781 14.572171211242675781 14.453746795654296875 14.251797676086425781 14.1186370849609375 14.170122146606445313 14.218583106994628906 14.288249969482421875 14.414148330688476563 14.507065773010253906 14.575184822082519531 14.62163543701171875 14.655758857727050781 14.663770675659179688 14.650553703308105469 14.609799385070800781 14.545862197875976563 14.464924812316894531 14.374856948852539063 14.287150382995605469 14.195891380310058594 14.090035438537597656 13.971941947937011719 13.850815773010253906 13.740674018859863281 13.664410591125488281 13.648304939270019531 13.661060333251953125 13.649765968322753906 13.651149749755859375 13.698179244995117188
12.3658599853515625 12.413619041442871094 12.422289848327636719 12.754591941833496094 13.492000579833984375 14.067525863647460938 14.354575157165527344 14.483391761779785156 14.566171646118164063 14.612135887145996094 14.603749275207519531 14.52178955078125 14.349114418029785156 14.156788825988769531 14.120570182800292969 14.162137031555175781 14.202658653259277344 14.302960395812988281 14.385165214538574219 14.455247879028320313 14.508822441101074219 14.535945892333984375 14.540355682373046875 14.521221160888671875 14.499356269836425781 14.474958419799804688 14.433956146240234375 14.363420486450195313 14.268305778503417969 14.159329414367675781 14.044802665710449219 13.930162429809570313 13.819467544555664063 13.723277091979980469 13.661081314086914063 13.632863998413085938 13.630173683166503906 13.65978240966796875 13.723667144775390625 13.818118095397949219
12.323266029357910156 12.39696502685546875 12.465890884399414063 12.885752677917480469 13.650981903076171875 14.176055908203125 14.409871101379394531 14.499442100524902344 14.568364143371582031 14.618037223815917969 14.625367164611816406 14.579380035400390625 14.458566665649414063 14.2587738037109375 14.118916511535644531 14.113187789916992188 14.124578475952148438 14.184274673461914063 14.24343109130859375 14.303216934204101563 14.357359886169433594 14.386851310729980469 14.38721466064453125 14.370387077331542969 14.360518455505371094 14.359380722045898438 14.348391532897949219 14.308871269226074219 14.23314666748046875 14.128770828247070313 14.016459465026855469 13.907629013061523438 13.809084892272949219 13.724955558776855469 13.669528961181640625 13.651994705200195313 13.675852775573730469 13.749774932861328125 13.877794265747070313 14.047101020812988281
12.295230865478515625 12.383817672729492188 12.538905143737792969 13.062925338745117188 13.80997467041015625 14.237933158874511719 14.401395797729492188 14.485545158386230469 14.572369575500488281 14.630863189697265625 14.64379119873046875 14.620489120483398438 14.567763328552246094 14.458684921264648438 14.281605720520019531 14.140512466430664063 14.076787948608398438 14.055863380432128906 14.083456993103027344 14.109427452087402344 14.151108741760253906 14.184917449951171875 14.195034980773925781 14.189494132995605469 14.183254241943359375 14.195147514343261719 14.2078704833984375 14.189604759216308594 14.130782127380371094 14.039369583129882813 13.936711311340332031 13.8423614501953125 13.764858245849609375 13.709225654602050781 13.684033393859863281 13.708024024963378906 13.802350044250488281 13.948726654052734375 14.098323822021484375 14.226514816284179688
12.277650833129882813 12.380572319030761719 12.606357574462890625 13.20293426513671875 13.9167022705078125 14.275698661804199219 14.39760589599609375 14.469637870788574219 14.568120956420898438 14.638903617858886719 14.65521240234375 14.632519721984863281 14.59682464599609375 14.562098503112792969 14.49768829345703125 14.349821090698242188 14.179295539855957031 14.048326492309570313 13.984927177429199219 13.984157562255859375 14.002835273742675781 14.036754608154296875 14.050897598266601563 14.042306900024414063 14.032642364501953125 14.036599159240722656 14.042598724365234375 14.021944046020507813 13.972660064697265625 13.904341697692871094 13.831358909606933594 13.764963150024414063 13.716023445129394531 13.696985244750976563 13.764867782592773438 13.920629501342773438 14.059816360473632813 14.129755973815917969 14.190251350402832031 14.281192779541015625
12.295317649841308594 12.409839630126953125 12.70662689208984375 13.341389656066894531 13.991603851318359375 14.282498359680175781 14.359221458435058594 14.441864013671875 14.555098533630371094 14.630520820617675781 14.651682853698730469 14.635650634765625 14.598984718322753906 14.554463386535644531 14.525830268859863281 14.503590583801269531 14.426237106323242188 14.293596267700195313 14.126146316528320313 13.990571975708007813 13.919208526611328125 13.90248870849609375 13.930871963500976563 13.94640350341796875 13.950654029846191406 13.945464134216308594 13.934784889221191406 13.909277915954589844 13.865736961364746094 13.808144569396972656 13.750886917114257813 13.714713096618652344 13.72385406494140625 13.827565193176269531 13.983868598937988281 14.05181121826171875 14.056844711303710938 14.119136810302734375 14.248765945434570313 14.359287261962890625
12.365549087524414063 12.491891860961914063 12.857537269592285156 13.520305633544921875 14.076261520385742188 14.276274681091308594 14.320012092590332031 14.408346176147460938 14.518322944641113281 14.566692352294921875 14.578511238098144531 14.584386825561523438 14.593171119689941406 14.577136039733886719 14.517652511596679688 14.461213111877441406 14.459725379943847656 14.486941337585449219 14.453904151916503906 14.325901985168457031 14.130674362182617188 13.935688018798828125 13.821729660034179688 13.787638664245605469 13.783086776733398438 13.78806304931640625 13.779520988464355469 13.759401321411132813 13.733562469482421875 13.706922531127929688 13.707416534423828125 13.781187057495117188 13.923494338989257813 14.015737533569335938 13.987552642822265625 13.965496063232421875 14.055067062377929688 14.209532737731933594 14.337161064147949219 14.388949394226074219
12.484412193298339844 12.604776382446289063 13.0009613037109375 13.650622367858886719 14.124272346496582031 14.256481170654296875 14.278464317321777344 14.361327171325683594 14.414349555969238281 14.399983406066894531 14.406586647033691406 14.436255455017089844 14.502737998962402344 14.550379753112792969 14.5508270263671875 14.486533164978027344 14.419360160827636719 14.403260231018066406 14.444268226623535156 14.478064537048339844 14.431859016418457031 14.26956939697265625 14.035491943359375 13.835773468017578125 13.722842216491699219 13.688463211059570313 13.681217193603515625 13.678050041198730469 13.682911872863769531 13.699579238891601563 13.762488365173339844 13.902673721313476563 14.013713836669921875 13.98077392578125 13.909462928771972656 13.949375152587890625 14.093428611755371094 14.248640060424804688 14.354551315307617188 14.382128715515136719
12.675447463989257813 12.76827239990234375 13.179936408996582031 13.774272918701171875 14.138141632080078125 14.186293601989746094 14.136806488037109375 14.078325271606445313 13.927425384521484375 13.854308128356933594 13.959940910339355469 14.09015655517578125 14.293217658996582031 14.442708969116210938 14.514379501342773438 14.502005577087402344 14.450932502746582031 14.411198616027832031 14.395861625671386719 14.401422500610351563 14.420351982116699219 14.450733184814453125 14.415182113647460938 14.249890327453613281 14.001833915710449219 13.789237022399902344 13.673617362976074219 13.643442153930664063 13.689378738403320313 13.772887229919433594 13.856129646301269531 13.9779052734375 14.015349388122558594 13.927296638488769531 13.882683753967285156 13.949831008911132813 14.093441963195800781 14.239495277404785156 14.342615127563476563 14.368452072143554688
12.8151702880859375 12.895801544189453125 13.329028129577636719 13.873819351196289063 14.113862037658691406 14.019711494445800781 13.794127464294433594 13.507825851440429688 13.238162994384765625 13.229069709777832031 13.441656112670898438 13.729663848876953125 14.076753616333007813 14.339135169982910156 14.479322433471679688 14.508114814758300781 14.463609695434570313 14.417559623718261719 14.414989471435546875 14.432103157043457031 14.438416481018066406 14.409588813781738281 14.439246177673339844 14.473372459411621094 14.370358467102050781 14.11370849609375 13.850632667541503906 13.687404632568359375 13.680403709411621094 13.808987617492675781 13.93170928955078125 14.001406669616699219 13.956609725952148438 13.862771987915039063 13.855710029602050781 13.940168380737304688 14.083505630493164063 14.221085548400878906 14.319319725036621094 14.349225044250488281
12.914234161376953125 13.009242057800292969 13.383698463439941406 13.854786872863769531 14.021195411682128906 13.790683746337890625 13.41584014892578125 13.114970207214355469 12.999073028564453125 13.046530723571777344 13.1997528076171875 13.559482574462890625 13.989052772521972656 14.324296951293945313 14.489914894104003906 14.512454986572265625 14.474814414978027344 14.448945045471191406 14.473502159118652344 14.500761032104492188 14.523611068725585938 14.520837783813476563 14.458495140075683594 14.451826095581054688 14.485692977905273438 14.37042236328125 14.116557121276855469 13.852594375610351563 13.709570884704589844 13.736560821533203125 13.847958564758300781 13.909659385681152344 13.846808433532714844 13.808964729309082031 13.850917816162109375 13.946986198425292969 14.084503173828125 14.212741851806640625 14.304225921630859375 14.337362289428710938
13.067602157592773438 13.120548248291015625 13.398491859436035156 13.805072784423828125 14.003692626953125 13.811460494995117188 13.449121475219726563 13.226126670837402344 13.176049232482910156 13.166778564453125 13.273874282836914063 13.626745223999023438 14.072917938232421875 14.400316238403320313 14.539164543151855469 14.537306785583496094 14.496581077575683594 14.497761726379394531 14.561362266540527344 14.63108062744140625 14.678691864013671875 14.698198318481445313 14.659047126770019531 14.525946617126464844 14.487568855285644531 14.501298904418945313 14.382816314697265625 14.132899284362792969 13.888751983642578125 13.754469871520996094 13.737135887145996094 13.753895759582519531 13.748486518859863281 13.79587554931640625 13.879593849182128906 13.98465728759765625 14.115386962890625 14.235012054443359375 14.311831474304199219 14.340790748596191406
13.319696426391601563 13.28350067138671875 13.418293952941894531 13.73021697998046875 13.97579193115234375 13.919519424438476563 13.659915924072265625 13.475328445434570313 13.37273406982421875 13.252855300903320313 13.383512496948242188 13.803698539733886719 14.240622520446777344 14.509696006774902344 14.583796501159667969 14.542016983032226563 14.50185394287109375 14.541356086730957031 14.64521026611328125 14.754673957824707031 14.812757492065429688 14.839856147766113281 14.841173171997070313 14.699740409851074219 14.544938087463378906 14.528161048889160156 14.491891860961914063 14.316158294677734375 14.078200340270996094 13.887885093688964844 13.788868904113769531 13.770844459533691406 13.784089088439941406 13.857774734497070313 13.940871238708496094 14.043383598327636719 14.171055793762207031 14.288196563720703125 14.349229812622070313 14.362642288208007813
13.615312576293945313 13.500926971435546875 13.482316970825195313 13.672024726867675781 13.915665626525878906 13.967472076416015625 13.817551612854003906 13.608945846557617188 13.407240867614746094 13.366468429565429688 13.686929702758789063 14.124016761779785156 14.47191619873046875 14.625323295593261719 14.609378814697265625 14.5318145751953125 14.52526092529296875 14.629669189453125 14.77898406982421875 14.899587631225585938 14.959380149841308594 14.968105316162109375 14.987972259521484375 14.907810211181640625 14.692668914794921875 14.580378532409667969 14.549800872802734375 14.449515342712402344 14.259190559387207031 14.071787834167480469 13.948499679565429688 13.895669937133789063 13.910014152526855469 13.970685005187988281 14.029671669006347656 14.126238822937011719 14.273537635803222656 14.401083946228027344 14.44113922119140625 14.422898292541503906
13.869813919067382813 13.673061370849609375 13.565850257873535156 13.696252822875976563 13.89568328857421875 13.939899444580078125 13.783782005310058594 13.509747505187988281 13.360940933227539063 13.579813003540039063 13.995729446411132813 14.376996040344238281 14.609629631042480469 14.672422409057617188 14.594164848327636719 14.5121612548828125 14.55687713623046875 14.720094680786132813 14.898950576782226563 15.007733345031738281 15.059556007385253906 15.050751686096191406 15.060635566711425781 15.036170005798339844 14.828867912292480469 14.64272308349609375 14.590032577514648438 14.522571563720703125 14.37673187255859375 14.206211090087890625 14.08233642578125 14.031954765319824219 14.052083015441894531 14.081346511840820313 14.122026443481445313 14.254894256591796875 14.473684310913085938 14.614195823669433594 14.624784469604492188 14.549713134765625
13.878919601440429688 13.649491310119628906 13.581628799438476563 13.6995697021484375 13.788846969604492188 13.698455810546875 13.505663871765136719 13.397066116333007813 13.522779464721679688 13.8980255126953125 14.26761627197265625 14.543560028076171875 14.707417488098144531 14.70450592041015625 14.574453353881835938 14.502541542053222656 14.597499847412109375 14.8051300048828125 14.980671882629394531 15.071178436279296875 15.112817764282226563 15.106869697570800781 15.102308273315429688 15.078351974487304688 14.895132064819335938 14.711876869201660156 14.632699012756347656 14.553070068359375 14.408392906188964844 14.257280349731445313 14.167263031005859375 14.134064674377441406 14.127377510070800781 14.138306617736816406 14.198078155517578125 14.427344322204589844 14.703367233276367188 14.81772613525390625 14.767048835754394531 14.674726486206054688
