MapLinkProApp/griddata/temperature/ASCII/cmems_mod_glo_phy-thetao_anfc_0,083deg_P1D-m_1702458667101_9,6.asc
ncols        121
nrows        120
xllcorner    -30.041666666667
yllcorner    40.041666655981
cellsize     0.083333333333
NODATA_value  9.9692099683868690468e+36
[rows 90 to 107 of 120, columns 40 to 79 of 121]
18.19640350341796875 18.252519607543945313 18.266269683837890625 18.19728851318359375 18.05629730224609375 17.98702239990234375 17.889715194702148438 17.587629318237304688 17.148958206176757813 16.783945083618164063 16.64420318603515625 16.625963211059570313 16.625318527221679688 16.6131591796875 16.595129013061523438 16.581327438354492188 16.574007034301757813 16.568622589111328125 16.562410354614257813 16.551580429077148438 16.521715164184570313 16.4694061279296875 16.426197052001953125 16.422107696533203125 16.44086456298828125 16.45285797119140625 16.48783111572265625 16.617145538330078125 16.834453582763671875 17.037878036499023438 17.113191604614257813 16.999847412109375 16.786333084106445313 16.62403106689453125 16.485399246215820313 16.320865631103515625 16.287076950073242188 16.366079330444335938 16.318284988403320313 16.127019882202148438
18.383672714233398438 18.3307342529296875 18.29970550537109375 18.324428558349609375 18.277250289916992188 18.159311294555664063 18.085292816162109375 17.955074310302734375 17.722574234008789063 17.450738906860351563 17.151189804077148438 16.943655014038085938 16.841577529907226563 16.794198989868164063 16.762813568115234375 16.746511459350585938 16.742666244506835938 16.739042282104492188 16.720319747924804688 16.681657791137695313 16.621278762817382813 16.547643661499023438 16.48639678955078125 16.47998809814453125 16.541202545166015625 16.613229751586914063 16.621257781982421875 16.575374603271484375 16.604518890380859375 16.792264938354492188 17.045135498046875 17.165224075317382813 17.029821395874023438 16.773899078369140625 16.561601638793945313 16.3875579833984375 16.329973220825195313 16.381544113159179688 16.322360992431640625 16.113918304443359375
18.227594375610351563 18.153659820556640625 18.134965896606445313 18.207075119018554688 18.269678115844726563 18.246786117553710938 18.191852569580078125 18.134244918823242188 18.07497406005859375 17.943140029907226563 17.796724319458007813 17.712621688842773438 17.67453765869140625 17.6384429931640625 17.594024658203125 17.560430526733398438 17.532312393188476563 17.508617401123046875 17.45896148681640625 17.37696075439453125 17.2790374755859375 17.16426849365234375 17.051984786987304688 16.979932785034179688 16.952230453491210938 16.947431564331054688 16.921049118041992188 16.83278656005859375 16.736757278442382813 16.749345779418945313 16.91571044921875 17.125299453735351563 17.165533065795898438 16.977140426635742188 16.719776153564453125 16.511211395263671875 16.400896072387695313 16.420299530029296875 16.43108367919921875 16.25907135009765625
18.224668502807617188 18.144948959350585938 18.122014999389648438 18.168519973754882813 18.230207443237304688 18.253019332885742188 18.238744735717773438 18.2364959716796875 18.236497879028320313 18.199296951293945313 18.183101654052734375 18.186365127563476563 18.186048507690429688 18.181732177734375 18.176263809204101563 18.169147491455078125 18.155153274536132813 18.137109756469726563 18.097894668579101563 18.048128128051757813 18.007568359375 17.95433807373046875 17.8630828857421875 17.778173446655273438 17.711935043334960938 17.63948822021484375 17.539876937866210938 17.36847686767578125 17.133775711059570313 16.949615478515625 16.931842803955078125 17.071704864501953125 17.20203399658203125 17.162687301635742188 16.981283187866210938 16.766599655151367188 16.587884902954101563 16.495128631591796875 16.51201629638671875 16.480480194091796875
18.27447509765625 18.192388534545898438 18.186788558959960938 18.22760009765625 18.246156692504882813 18.254392623901367188 18.25687408447265625 18.2706298828125 18.286533355712890625 18.308383941650390625 18.33080291748046875 18.343780517578125 18.344875335693359375 18.33898162841796875 18.32305145263671875 18.293119430541992188 18.2506561279296875 18.202737808227539063 18.155817031860351563 18.118215560913085938 18.083984375 18.045146942138671875 18.0111846923828125 17.99375152587890625 17.961179733276367188 17.891080856323242188 17.7969970703125 17.648641586303710938 17.409315109252929688 17.157756805419921875 17.034437179565429688 17.084583282470703125 17.206722259521484375 17.258008956909179688 17.196929931640625 17.065481185913085938 16.903253555297851563 16.729496002197265625 16.620052337646484375 16.602161407470703125
18.327459335327148438 18.278284072875976563 18.2710113525390625 18.298974990844726563 18.294908523559570313 18.298254013061523438 18.305643081665039063 18.324964523315429688 18.348810195922851563 18.374326705932617188 18.392621994018554688 18.394723892211914063 18.379283905029296875 18.353048324584960938 18.318086624145507813 18.269334793090820313 18.206018447875976563 18.136394500732421875 18.065814971923828125 18.003633499145507813 17.955938339233398438 17.925296783447265625 17.902690887451171875 17.878763198852539063 17.84017181396484375 17.795831680297851563 17.758489608764648438 17.675533294677734375 17.484683990478515625 17.248968124389648438 17.108579635620117188 17.12223052978515625 17.222146987915039063 17.301868438720703125 17.315670013427734375 17.260107040405273438 17.153926849365234375 16.990232467651367188 16.801168441772460938 16.7241973876953125
18.463270187377929688 18.422359466552734375 18.377918243408203125 18.37790679931640625 18.371875762939453125 18.369379043579101563 18.383962631225585938 18.4089813232421875 18.44181060791015625 18.481920242309570313 18.506244659423828125 18.499246597290039063 18.486352920532226563 18.4688568115234375 18.439495086669921875 18.383974075317382813 18.306461334228515625 18.223573684692382813 18.13660430908203125 18.044277191162109375 17.956258773803710938 17.8801116943359375 17.811677932739257813 17.747743606567382813 17.695980072021484375 17.666217803955078125 17.641679763793945313 17.572061538696289063 17.421695709228515625 17.245265960693359375 17.148601531982421875 17.16705322265625 17.25420379638671875 17.34466552734375 17.396270751953125 17.387603759765625 17.3254241943359375 17.195344924926757813 16.986280441284179688 16.858882904052734375
18.525054931640625 18.539197921752929688 18.522701263427734375 18.489576339721679688 18.4859771728515625 18.494213104248046875 18.513429641723632813 18.549070358276367188 18.613773345947265625 18.69048309326171875 18.717752456665039063 18.68804168701171875 18.6663818359375 18.6600341796875 18.608415603637695313 18.4847259521484375 18.34572601318359375 18.251531600952148438 18.1903533935546875 18.126317977905273438 18.056123733520507813 17.986280441284179688 17.913557052612304688 17.8281097412109375 17.72440338134765625 17.61065673828125 17.4954376220703125 17.375591278076171875 17.261234283447265625 17.183809280395507813 17.170076370239257813 17.2224884033203125 17.318418502807617188 17.41384124755859375 17.467540740966796875 17.4458160400390625 17.36060333251953125 17.24773406982421875 17.071224212646484375 16.924907684326171875
18.410955429077148438 18.535808563232421875 18.586637496948242188 18.591552734375 18.599134445190429688 18.631052017211914063 18.676113128662109375 18.740335464477539063 18.837484359741210938 18.923160552978515625 18.920724868774414063 18.847978591918945313 18.786592483520507813 18.73583984375 18.600645065307617188 18.38037109375 18.199274063110351563 18.112676620483398438 18.074642181396484375 18.036252975463867188 17.995265960693359375 17.96518707275390625 17.941783905029296875 17.906614303588867188 17.834699630737304688 17.707864761352539063 17.540380477905273438 17.36751556396484375 17.241771697998046875 17.194759368896484375 17.220912933349609375 17.30352020263671875 17.414697647094726563 17.488401412963867188 17.468652725219726563 17.361843109130859375 17.219869613647460938 17.122768402099609375 17.028497695922851563 16.910406112670898438
18.13545989990234375 18.31523895263671875 18.526720046997070313 18.651601791381835938 18.739255905151367188 18.828821182250976563 18.9085845947265625 18.981641769409179688 19.05115509033203125 19.082242965698242188 19.0501861572265625 18.957647323608398438 18.860906600952148438 18.72940826416015625 18.504899978637695313 18.269636154174804688 18.122346878051757813 18.058109283447265625 18.022100448608398438 17.970415115356445313 17.916172027587890625 17.888797760009765625 17.885515213012695313 17.891208648681640625 17.881765365600585938 17.81160736083984375 17.659631729125976563 17.469522476196289063 17.327257156372070313 17.2891693115234375 17.345426559448242188 17.45062255859375 17.515817642211914063 17.458368301391601563 17.309167861938476563 17.14935302734375 17.019117355346679688 16.9617767333984375 16.940073013305664063 16.87819671630859375
18.041042327880859375 18.090974807739257813 18.294523239135742188 18.57852935791015625 18.821046829223632813 18.980083465576171875 19.046472549438476563 19.052953720092773438 19.042135238647460938 19.037273406982421875 19.011354446411132813 18.943286895751953125 18.849561691284179688 18.689218521118164063 18.424722671508789063 18.20629119873046875 18.087785720825195313 18.038858413696289063 18.013223648071289063 17.969816207885742188 17.919055938720703125 17.88710784912109375 17.886610031127929688 17.893833160400390625 17.8683319091796875 17.777158737182617188 17.634029388427734375 17.491651535034179688 17.42546844482421875 17.469587326049804688 17.563966751098632813 17.586894989013671875 17.455196380615234375 17.2384185791015625 17.058862686157226563 16.953435897827148438 16.894931793212890625 16.857158660888671875 16.845739364624023438 16.834295272827148438
18.040325164794921875 18.10340118408203125 18.229129791259765625 18.487337112426757813 18.788782119750976563 18.959478378295898438 18.976762771606445313 18.935089111328125 18.922863006591796875 18.912746429443359375 18.893161773681640625 18.842901229858398438 18.771930694580078125 18.579103469848632813 18.290128707885742188 18.114957809448242188 18.04508209228515625 18.014516830444335938 17.9953765869140625 17.970958709716796875 17.94777679443359375 17.93309783935546875 17.9256439208984375 17.8910369873046875 17.799955368041992188 17.679822921752929688 17.582277297973632813 17.559003829956054688 17.622587203979492188 17.692750930786132813 17.636487960815429688 17.403472900390625 17.135900497436523438 16.973970413208007813 16.900899887084960938 16.870876312255859375 16.863780975341796875 16.852783203125 16.83447265625 16.820169448852539063
18.505870819091796875 18.444210052490234375 18.445615768432617188 18.608226776123046875 18.831979751586914063 18.923603057861328125 18.901493072509765625 18.873640060424804688 18.8615264892578125 18.8406524658203125 18.7857208251953125 18.720899581909179688 18.6087188720703125 18.352445602416992188 18.1664276123046875 18.076158523559570313 18.039522171020507813 18.023035049438476563 18.008884429931640625 17.991323471069335938 17.983575820922851563 17.970838546752929688 17.931446075439453125 17.855783462524414063 17.762987136840820313 17.700634002685546875 17.692316055297851563 17.706523895263671875 17.663682937622070313 17.486017227172851563 17.219247817993164063 17.011178970336914063 16.910528182983398438 16.862550735473632813 16.827388763427734375 16.804590225219726563 16.8021697998046875 16.803226470947265625 16.805612564086914063 16.812238693237304688
18.83075714111328125 18.807041168212890625 18.7960662841796875 18.86795806884765625 18.93688201904296875 18.93877410888671875 18.899326324462890625 18.865383148193359375 18.850482940673828125 18.7984161376953125 18.696407318115234375 18.585500717163085938 18.384702682495117188 18.22200775146484375 18.132688522338867188 18.0571441650390625 18.023197174072265625 18.020494461059570313 18.019901275634765625 18.019378662109375 18.01375579833984375 17.9842987060546875 17.923311233520507813 17.841650009155273438 17.77264404296875 17.72847747802734375 17.6559600830078125 17.48072052001953125 17.21795654296875 17.01129913330078125 16.912187576293945313 16.855121612548828125 16.813192367553710938 16.777078628540039063 16.747760772705078125 16.741970062255859375 16.752910614013671875 16.764703750610351563 16.774343490600585938 16.781621932983398438
18.859195709228515625 18.855531692504882813 18.882373809814453125 18.937040328979492188 18.960174560546875 18.951694488525390625 18.902563095092773438 18.85161590576171875 18.824459075927734375 18.760747909545898438 18.636919021606445313 18.48868560791015625 18.29677581787109375 18.201587677001953125 18.120756149291992188 18.041936874389648438 18.0195770263671875 18.0288543701171875 18.037721633911132813 18.044118881225585938 18.034214019775390625 17.996791839599609375 17.933599472045898438 17.85582733154296875 17.770763397216796875 17.636667251586914063 17.3863983154296875 17.058870315551757813 16.8732452392578125 16.847871780395507813 16.8223876953125 16.800067901611328125 16.79486083984375 16.779809951782226563 16.773229598999023438 16.778125762939453125 16.780862808227539063 16.787136077880859375 16.807384490966796875 16.831699371337890625
18.87722015380859375 18.893829345703125 18.92905426025390625 18.955232620239257813 18.969312667846679688 18.94293975830078125 18.866476058959960938 18.810598373413085938 18.78284454345703125 18.71747589111328125 18.583219528198242188 18.40522003173828125 18.257692337036132813 18.197019577026367188 18.10695648193359375 18.01746368408203125 18.00775146484375 18.03087615966796875 18.05065155029296875 18.05985260009765625 18.046182632446289063 18.00101470947265625 17.928247451782226563 17.829212188720703125 17.67533111572265625 17.413118362426757813 17.047330856323242188 16.7710723876953125 16.73944091796875 16.796525955200195313 16.826921463012695313 16.862691879272460938 16.894298553466796875 16.903255462646484375 16.887729644775390625 16.833402633666992188 16.753780364990234375 16.700006484985351563 16.700536727905273438 16.745229721069335938
18.877489089965820313 18.907245635986328125 18.927227020263671875 18.936433792114257813 18.935634613037109375 18.876590728759765625 18.800737380981445313 18.765350341796875 18.731899261474609375 18.647365570068359375 18.5081787109375 18.338031768798828125 18.237440109252929688 18.192562103271484375 18.08351898193359375 17.981237411499023438 17.989109039306640625 18.031400680541992188 18.062303543090820313 18.074657440185546875 18.06203460693359375 18.012220382690429688 17.916040420532226563 17.760526657104492188 17.517221450805664063 17.17667388916015625 16.846590042114257813 16.763963699340820313 16.904796600341796875 17.063928604125976563 17.170316696166992188 17.252750396728515625 17.314533233642578125 17.355722427368164063 17.37236785888671875 17.351833343505859375 17.283878326416015625 17.161174774169921875 17.001996994018554688 16.838415145874023438
18.848081588745117188 18.869115829467773438 18.87715911865234375 18.881612777709960938 18.877025604248046875 18.818292617797851563 18.75955963134765625 18.728557586669921875 18.66648101806640625 18.548292160034179688 18.399324417114257813 18.267393112182617188 18.226251602172851563 18.173419952392578125 18.032270431518554688 17.92583465576171875 17.959093093872070313 18.021917343139648438 18.066316604614257813 18.08099365234375 18.071605682373046875 18.0250091552734375 17.915399551391601563 17.750274658203125 17.5020599365234375 17.162900924682617188 16.890789031982421875 16.90950775146484375 17.11290740966796875 17.241764068603515625 17.272615432739257813 17.284101486206054688 17.314065933227539063 17.359582901000976563 17.403589248657226563 17.4427642822265625 17.475307464599609375 17.49089813232421875 17.47695159912109375 17.415517807006835938
