MapLinkProApp/griddata/temperature/ASCII/cmems_mod_glo_phy-thetao_anfc_0,083deg_P1D-m_1702458667101_130,7.asc
ncols        121
nrows        120
xllcorner    -30.041666666667
yllcorner    40.041666655981
cellsize     0.083333333333
NODATA_value  9.9692099683868690468e+36
[rows 36 to 53 of 120, columns 0 to 39 of 121]
13.497076034545898438 13.45528411865234375 13.452918052673339844 13.467213630676269531 13.497790336608886719 13.537650108337402344 13.569295883178710938 13.580278396606445313 13.563600540161132813 13.532689094543457031 13.501023292541503906 13.450913429260253906 13.377685546875 13.307562828063964844 13.230541229248046875 13.102372169494628906 13.005739212036132813 13.040170669555664063 13.136971473693847656 13.195003509521484375 13.306741714477539063 13.445651054382324219 13.591888427734375 13.854732513427734375 14.264090538024902344 14.5837554931640625 14.560052871704101563 14.480661392211914063 14.465392112731933594 14.511794090270996094 14.529929161071777344 14.518530845642089844 14.501934051513671875 14.465459823608398438 14.456063270568847656 14.391163825988769531 14.316822052001953125 14.201507568359375 14.06610107421875 13.873393058776855469
13.651293754577636719 13.612614631652832031 13.588091850280761719 13.565765380859375 13.548573493957519531 13.534497261047363281 13.524999618530273438 13.518972396850585938 13.512032508850097656 13.508797645568847656 13.502042770385742188 13.478443145751953125 13.444563865661621094 13.398009300231933594 13.345624923706054688 13.302208900451660156 13.18027496337890625 13.110596656799316406 13.137964248657226563 13.14955902099609375 13.125124931335449219 13.236847877502441406 13.457423210144042969 13.647260665893554688 13.857181549072265625 14.203594207763671875 14.500156402587890625 14.522038459777832031 14.47274017333984375 14.461177825927734375 14.469212532043457031 14.489706993103027344 14.464618682861328125 14.402032852172851563 14.339349746704101563 14.269505500793457031 14.154393196105957031 14.081836700439453125 13.949540138244628906 13.762890815734863281
13.845042228698730469 13.830569267272949219 13.831834793090820313 13.832509040832519531 13.834151268005371094 13.8422393798828125 13.845772743225097656 13.843729972839355469 13.837307929992675781 13.820249557495117188 13.800241470336914063 13.773296356201171875 13.737114906311035156 13.705084800720214844 13.641880989074707031 13.603990554809570313 13.566237449645996094 13.405520439147949219 13.306136131286621094 13.322066307067871094 13.269258499145507813 13.13531494140625 13.148815155029296875 13.33263397216796875 13.581452369689941406 13.791371345520019531 13.979681968688964844 14.265924453735351563 14.486240386962890625 14.555249214172363281 14.592591285705566406 14.53040313720703125 14.443253517150878906 14.385184288024902344 14.37087249755859375 14.325047492980957031 14.25490570068359375 14.138165473937988281 14.003015518188476563 13.860795021057128906
14.099246025085449219 14.101859092712402344 14.102006912231445313 14.093121528625488281 14.078214645385742188 14.062426567077636719 14.056173324584960938 14.054656028747558594 14.040094375610351563 14.025049209594726563 14.013973236083984375 13.992693901062011719 13.971714019775390625 13.929913520812988281 13.874185562133789063 13.79718780517578125 13.729740142822265625 13.624085426330566406 13.480332374572753906 13.449487686157226563 13.450756072998046875 13.302049636840820313 13.157522201538085938 13.21953582763671875 13.381031990051269531 13.620090484619140625 13.872039794921875 13.941997528076171875 14.071484565734863281 14.399997711181640625 14.616313934326171875 14.722959518432617188 14.681334495544433594 14.624993324279785156 14.34178924560546875 14.304049491882324219 14.311174392700195313 14.276530265808105469 14.242253303527832031 14.186388969421386719
14.11993408203125 14.104047775268554688 14.083507537841796875 14.068839073181152344 14.060935020446777344 14.062769889831542969 14.081301689147949219 14.102649688720703125 14.125339508056640625 14.15520477294921875 14.171957015991210938 14.183498382568359375 14.175336837768554688 14.145380020141601563 14.105375289916992188 14.020709037780761719 13.955293655395507813 13.864559173583984375 13.674081802368164063 13.570422172546386719 13.583837509155273438 13.529232978820800781 13.340616226196289063 13.230734825134277344 13.3174591064453125 13.488675117492675781 13.708871841430664063 13.972744941711425781 14.157146453857421875 14.203431129455566406 14.313655853271484375 14.513742446899414063 14.67919158935546875 14.848372459411621094 14.782954216003417969 14.490596771240234375 14.284543037414550781 14.242146492004394531 14.241618156433105469 14.229711532592773438
14.007244110107421875 13.981419563293457031 13.987975120544433594 14.03250885009765625 14.11351776123046875 14.2089691162109375 14.305040359497070313 14.3938140869140625 14.467634201049804688 14.529633522033691406 14.570403099060058594 14.584896087646484375 14.578264236450195313 14.522521018981933594 14.462822914123535156 14.360325813293457031 14.23333740234375 14.132533073425292969 13.958464622497558594 13.7442626953125 13.712697982788085938 13.703503608703613281 13.4782867431640625 13.234427452087402344 13.229071617126464844 13.332936286926269531 13.515995025634765625 13.723948478698730469 13.967115402221679688 14.178456306457519531 14.351950645446777344 14.500967025756835938 14.553111076354980469 14.655351638793945313 14.989197731018066406 15.034478187561035156 14.690097808837890625 14.279658317565917969 14.112071990966796875 14.0991363525390625
13.940323829650878906 14.018671989440917969 14.147904396057128906 14.307917594909667969 14.465666770935058594 14.591487884521484375 14.688288688659667969 14.761990547180175781 14.820848464965820313 14.862357139587402344 14.891381263732910156 14.859967231750488281 14.844018936157226563 14.805230140686035156 14.722471237182617188 14.667188644409179688 14.532633781433105469 14.416913986206054688 14.304473876953125 14.052622795104980469 13.849269866943359375 13.775206565856933594 13.565578460693359375 13.2985076904296875 13.205432891845703125 13.292860984802246094 13.405035018920898438 13.582215309143066406 13.791774749755859375 13.997084617614746094 14.209530830383300781 14.383962631225585938 14.569257736206054688 14.741858482360839844 14.894665718078613281 15.174907684326171875 15.066786766052246094 14.699794769287109375 14.241999626159667969 13.987459182739257813
14.227650642395019531 14.396952629089355469 14.553796768188476563 14.66742706298828125 14.724504470825195313 14.763641357421875 14.818325042724609375 14.874912261962890625 14.93862152099609375 15.000626564025878906 15.041330337524414063 15.053591728210449219 15.027505874633789063 14.996234893798828125 14.915300369262695313 14.835867881774902344 14.714753150939941406 14.604326248168945313 14.497162818908691406 14.342113494873046875 14.167024612426757813 14.026703834533691406 13.829702377319335938 13.586954116821289063 13.431657791137695313 13.391348838806152344 13.442778587341308594 13.548686981201171875 13.678745269775390625 13.81505584716796875 14.036450386047363281 14.29679107666015625 14.513154983520507813 14.716093063354492188 15.000585556030273438 15.220114707946777344 15.236310005187988281 15.023084640502929688 14.705487251281738281 14.346282958984375
14.671487808227539063 14.722077369689941406 14.727758407592773438 14.734507560729980469 14.770251274108886719 14.821019172668457031 14.879550933837890625 14.961239814758300781 15.072381973266601563 15.183229446411132813 15.252513885498046875 15.272617340087890625 15.245908737182617188 15.193645477294921875 15.101113319396972656 15.013568878173828125 14.918181419372558594 14.793195724487304688 14.733613014221191406 14.576448440551757813 14.402790069580078125 14.255202293395996094 14.082937240600585938 13.90485382080078125 13.7495269775390625 13.669123649597167969 13.654072761535644531 13.677880287170410156 13.765545845031738281 13.756171226501464844 13.885232925415039063 14.160531044006347656 14.452207565307617188 14.735621452331542969 15.019580841064453125 15.229258537292480469 15.302952766418457031 15.116147994995117188 14.837169647216796875 14.576556205749511719
14.709135055541992188 14.699434280395507813 14.712019920349121094 14.727280616760253906 14.731151580810546875 14.769820213317871094 14.863400459289550781 14.99390411376953125 15.133954048156738281 15.271677017211914063 15.3590850830078125 15.369042396545410156 15.319987297058105469 15.231171607971191406 15.134786605834960938 15.06206512451171875 14.992432594299316406 14.899408340454101563 14.833209991455078125 14.771112442016601563 14.623040199279785156 14.455672264099121094 14.283216476440429688 14.120532989501953125 13.966064453125 13.868353843688964844 13.847044944763183594 13.798991203308105469 13.835085868835449219 13.846544265747070313 13.842131614685058594 14.058358192443847656 14.395566940307617188 14.691159248352050781 14.934419631958007813 15.1752777099609375 15.348179817199707031 15.203038215637207031 14.915060997009277344 14.598284721374511719
14.684563636779785156 14.632855415344238281 14.601009368896484375 14.605159759521484375 14.641877174377441406 14.705448150634765625 14.799429893493652344 14.91320037841796875 15.015184402465820313 15.092092514038085938 15.123809814453125 15.088380813598632813 15.028603553771972656 14.948031425476074219 14.872569084167480469 14.802578926086425781 14.809449195861816406 14.8514251708984375 14.865464210510253906 14.850931167602539063 14.824477195739746094 14.709659576416015625 14.541550636291503906 14.373999595642089844 14.234633445739746094 14.093149185180664063 14.043551445007324219 13.969553947448730469 13.937931060791015625 13.968506813049316406 13.92018890380859375 14.0800323486328125 14.412027359008789063 14.694377899169921875 14.874239921569824219 15.13910675048828125 15.371100425720214844 15.344307899475097656 15.015023231506347656 14.658563613891601563
14.569707870483398438 14.604149818420410156 14.6548309326171875 14.715598106384277344 14.790369987487792969 14.870265007019042969 14.936723709106445313 14.987710952758789063 15.000280380249023438 15.00478363037109375 14.982677459716796875 14.930200576782226563 14.879170417785644531 14.820296287536621094 14.791149139404296875 14.747308731079101563 14.687174797058105469 14.688798904418945313 14.768617630004882813 14.826367378234863281 14.857773780822753906 14.831090927124023438 14.725899696350097656 14.570078849792480469 14.440416336059570313 14.284640312194824219 14.183247566223144531 14.108304023742675781 14.044280052185058594 14.092098236083984375 14.057460784912109375 14.178554534912109375 14.486982345581054688 14.736467361450195313 14.924824714660644531 15.210122108459472656 15.410938262939453125 15.451449394226074219 15.154204368591308594 14.75499725341796875
14.74796295166015625 14.782964706420898438 14.811969757080078125 14.841096878051757813 14.857726097106933594 14.879183769226074219 14.890343666076660156 14.88042449951171875 14.874250411987304688 14.874378204345703125 14.873520851135253906 14.843435287475585938 14.823367118835449219 14.779391288757324219 14.724588394165039063 14.691294670104980469 14.655073165893554688 14.644619941711425781 14.690869331359863281 14.783770561218261719 14.837882041931152344 14.860003471374511719 14.829148292541503906 14.721548080444335938 14.63297271728515625 14.481369972229003906 14.387436866760253906 14.30724334716796875 14.212154388427734375 14.256189346313476563 14.229636192321777344 14.319580078125 14.613599777221679688 14.810747146606445313 15.004941940307617188 15.26616668701171875 15.437876701354980469 15.465951919555664063 15.2454681396484375 14.873036384582519531
14.911157608032226563 14.896460533142089844 14.863616943359375 14.827746391296386719 14.805278778076171875 14.835986137390136719 14.871211051940917969 14.920228958129882813 14.984220504760742188 15.02764129638671875 15.023913383483886719 14.976365089416503906 14.934798240661621094 14.876308441162109375 14.752921104431152344 14.64292144775390625 14.592726707458496094 14.566103935241699219 14.616811752319335938 14.730591773986816406 14.8195648193359375 14.868760108947753906 14.878292083740234375 14.828977584838867188 14.790093421936035156 14.687406539916992188 14.61631011962890625 14.550439834594726563 14.452767372131347656 14.508984565734863281 14.473771095275878906 14.553264617919921875 14.803043365478515625 14.918087959289550781 15.092296600341796875 15.316303253173828125 15.456444740295410156 15.407609939575195313 15.200306892395019531 14.89171600341796875
14.985871315002441406 14.936985969543457031 14.874094963073730469 14.828496932983398438 14.848761558532714844 14.947533607482910156 15.01677703857421875 15.07440185546875 15.101405143737792969 15.046767234802246094 14.963269233703613281 14.91761016845703125 14.892981529235839844 14.866729736328125 14.716511726379394531 14.575204849243164063 14.528340339660644531 14.517346382141113281 14.578813552856445313 14.696482658386230469 14.813694000244140625 14.890597343444824219 14.891123771667480469 14.902523040771484375 14.916440010070800781 14.832965850830078125 14.795947074890136719 14.737231254577636719 14.663119316101074219 14.726977348327636719 14.668463706970214844 14.757399559020996094 14.953039169311523438 15.00971221923828125 15.160744667053222656 15.342471122741699219 15.462831497192382813 15.378836631774902344 15.129129409790039063 14.818902015686035156
15.095355987548828125 15.018930435180664063 14.919865608215332031 14.89617919921875 14.946353912353515625 15.039443016052246094 15.084956169128417969 15.078405380249023438 14.998418807983398438 14.845531463623046875 14.773965835571289063 14.826443672180175781 14.858984947204589844 14.819866180419921875 14.678915023803710938 14.538214683532714844 14.508109092712402344 14.498110771179199219 14.536501884460449219 14.657115936279296875 14.781561851501464844 14.869585990905761719 14.912392616271972656 14.944697380065917969 14.947669029235839844 14.923521995544433594 14.944554328918457031 14.896619796752929688 14.877496719360351563 14.908646583557128906 14.84342193603515625 14.971538543701171875 15.085269927978515625 15.097712516784667969 15.207483291625976563 15.357659339904785156 15.4648590087890625 15.379275321960449219 15.091652870178222656 14.768370628356933594
15.17195892333984375 15.102314949035644531 14.967986106872558594 14.94420623779296875 14.989376068115234375 15.071752548217773438 15.117525100708007813 15.08800506591796875 14.910182952880859375 14.6244354248046875 14.572106361389160156 14.671504974365234375 14.730443000793457031 14.7515411376953125 14.719390869140625 14.551976203918457031 14.491107940673828125 14.536458969116210938 14.567160606384277344 14.653788566589355469 14.809302330017089844 14.90740966796875 14.947018623352050781 14.962851524353027344 14.970590591430664063 14.972746849060058594 14.966803550720214844 14.959460258483886719 15.008607864379882813 15.01528167724609375 14.996690750122070313 15.138658523559570313 15.1714324951171875 15.173580169677734375 15.287733078002929688 15.431070327758789063 15.48320770263671875 15.404397010803222656 15.080419540405273438 14.785418510437011719
15.255502700805664063 15.236115455627441406 15.060657501220703125 14.980502128601074219 14.987598419189453125 15.05538177490234375 15.093687057495117188 15.014676094055175781 14.763566017150878906 14.424355506896972656 14.341798782348632813 14.457877159118652344 14.627820014953613281 14.761667251586914063 14.7691650390625 14.573328971862792969 14.451883316040039063 14.544066429138183594 14.610907554626464844 14.716745376586914063 14.88123321533203125 14.949153900146484375 15.005314826965332031 15.052910804748535156 15.064121246337890625 15.050449371337890625 15.034289360046386719 15.021708488464355469 15.045868873596191406 15.032790184020996094 15.113414764404296875 15.242006301879882813 15.190785408020019531 15.258790969848632813 15.382496833801269531 15.438379287719726563 15.466272354125976563 15.4057159423828125 15.115484237670898438 14.866786956787109375
