MapLinkProApp/griddata/temperature/ASCII/cmems_mod_glo_phy-thetao_anfc_0,083deg_P1D-m_1702458667101_1062,4.asc
ncols        121
nrows        120
xllcorner    -30.041666666667
yllcorner    40.041666655981
cellsize     0.083333333333
NODATA_value  9.9692099683868690468e+36
[rows 36 to 53 of 120, columns 80 to 119 of 121]
5.7282867431640625 5.7394843101501464844 5.8192057609558105469 5.9309325218200683594 6.0460648536682128906 6.1529068946838378906 6.2075304985046386719 6.1245121955871582031 5.7751221656799316406 5.2268166542053222656 4.8673295974731445313 4.7937264442443847656 4.7146515846252441406 4.5943498611450195313 4.5582585334777832031 4.6044783592224121094 4.6298055648803710938 4.7426190376281738281 4.8472504615783691406 4.8496890068054199219 4.8065671920776367188 4.772369384765625 4.7726941108703613281 4.7605719566345214844 4.8339719772338867188 4.9399600028991699219 4.9971776008605957031 5.017391204833984375 5.0681977272033691406 5.1670784950256347656 5.3142151832580566406 5.6438703536987304688 6.2182736396789550781 6.6098504066467285156 6.7161097526550292969 6.7168512344360351563 6.7604875564575195313 6.841304779052734375 6.9308009147644042969 6.9957470893859863281
5.7345895767211914063 5.7626967430114746094 5.8973155021667480469 6.0380468368530273438 6.1652989387512207031 6.2797374725341796875 6.3130774497985839844 6.2666711807250976563 6.1520380973815917969 5.7485699653625488281 5.1738038063049316406 4.8855066299438476563 4.8289060592651367188 4.7386045455932617188 4.6659688949584960938 4.67646026611328125 4.5983748435974121094 4.5808691978454589844 4.627780914306640625 4.6771960258483886719 4.6989831924438476563 4.7045855522155761719 4.6892766952514648438 4.5883436203002929688 4.5895376205444335938 4.5502405166625976563 4.6974177360534667969 4.7177476882934570313 4.6782135963439941406 4.7244396209716796875 4.8718056678771972656 5.1660757064819335938 5.6214170455932617188 6.2604541778564453125 6.7205753326416015625 6.8676710128784179688 6.8574476242065429688 6.83936309814453125 6.8964319229125976563 6.971771240234375
5.6970949172973632813 5.8777666091918945313 6.0791954994201660156 6.1907992362976074219 6.2590441703796386719 6.2963786125183105469 6.2887749671936035156 6.2740139961242675781 6.2048134803771972656 5.8950672149658203125 5.3281641006469726563 4.8955736160278320313 4.8203864097595214844 4.8011527061462402344 4.7202086448669433594 4.63199615478515625 4.5335402488708496094 4.4866313934326171875 4.5701498985290527344 4.6826033592224121094 4.7259802818298339844 4.6727747917175292969 4.4713797569274902344 4.2211279869079589844 4.2040147781372070313 4.4763326644897460938 4.7596163749694824219 4.8267002105712890625 4.7669529914855957031 4.9379782676696777344 5.0055875778198242188 5.0051546096801757813 5.1550602912902832031 5.6026105880737304688 6.1681456565856933594 6.6714534759521484375 6.8728337287902832031 6.8540167808532714844 6.812129974365234375 6.8855471611022949219
5.8011336326599121094 6.0018110275268554688 6.1154022216796875 6.1553602218627929688 6.2035923004150390625 6.2212533950805664063 6.2188720703125 6.2204809188842773438 6.17972564697265625 5.9958224296569824219 5.601383209228515625 5.1629509925842285156 4.8920431137084960938 4.8511705398559570313 4.7393984794616699219 4.5859789848327636719 4.4484276771545410156 4.3972215652465820313 4.4449400901794433594 4.4869699478149414063 4.3874263763427734375 4.2172589302062988281 4.1092405319213867188 4.2332825660705566406 4.3484644889831542969 4.3929324150085449219 4.6680197715759277344 4.7876086235046386719 4.7936892509460449219 5.075634002685546875 5.2328696250915527344 5.1934170722961425781 5.1695432662963867188 5.4506173133850097656 5.9449868202209472656 6.36724853515625 6.6299533843994140625 6.7721199989318847656 6.7829885482788085938 6.8097181320190429688
5.7623467445373535156 5.934490203857421875 6.01746368408203125 6.0745716094970703125 6.1194505691528320313 6.1470575332641601563 6.1738042831420898438 6.1724715232849121094 6.1285963058471679688 6.0251436233520507813 5.8409242630004882813 5.526218414306640625 5.1017374992370605469 4.9472022056579589844 4.8211836814880371094 4.6209096908569335938 4.5682702064514160156 4.5525040626525878906 4.3932719230651855469 4.2159519195556640625 4.1260576248168945313 4.1360216140747070313 4.3106856346130371094 4.4404573440551757813 4.295360565185546875 4.3325448036193847656 4.5719542503356933594 4.8522491455078125 4.9090623855590820313 5.1285500526428222656 5.2398772239685058594 5.2326135635375976563 5.338588714599609375 5.6065540313720703125 6.0237579345703125 6.3791441917419433594 6.539142608642578125 6.612884521484375 6.7198805809020996094 6.8254098892211914063
5.6477799415588378906 5.7215013504028320313 5.7642297744750976563 5.8662638664245605469 5.9305696487426757813 5.9905533790588378906 6.0568032264709472656 6.1161875724792480469 6.1631131172180175781 6.1999373435974121094 6.2032365798950195313 6.006786346435546875 5.5259232521057128906 5.0907549858093261719 5.0075931549072265625 4.8174786567687988281 4.5831208229064941406 4.5683588981628417969 4.6197199821472167969 4.5279035568237304688 4.4213681221008300781 4.4299631118774414063 4.4549784660339355469 4.4780983924865722656 4.4305624961853027344 4.3608632087707519531 4.4130339622497558594 4.7405676841735839844 4.877841949462890625 4.9494333267211914063 5.0872206687927246094 5.1974124908447265625 5.3445858955383300781 5.6258788108825683594 6.0143780708312988281 6.3316850662231445313 6.5371451377868652344 6.6289825439453125 6.7496981620788574219 6.8341436386108398438
5.4842953681945800781 5.4811692237854003906 5.5323538780212402344 5.6408557891845703125 5.7564363479614257813 5.8834137916564941406 5.9950766563415527344 6.1200118064880371094 6.2216482162475585938 6.3070492744445800781 6.4046335220336914063 6.4234261512756347656 6.2362189292907714844 5.789440155029296875 5.3693060874938964844 5.1761884689331054688 5.0633525848388671875 4.9241776466369628906 4.8247928619384765625 4.727870941162109375 4.6377797126770019531 4.60471343994140625 4.6029543876647949219 4.6942358016967773438 4.7858867645263671875 4.7040066719055175781 4.6246314048767089844 4.7830281257629394531 4.9232497215270996094 4.9528803825378417969 4.9702324867248535156 5.1773467063903808594 5.3089056015014648438 5.4780869483947753906 5.7715215682983398438 6.0560302734375 6.3673620223999023438 6.5000615119934082031 6.5329675674438476563 6.5721378326416015625
5.3512868881225585938 5.3411092758178710938 5.4184708595275878906 5.5242638587951660156 5.6118426322937011719 5.7068223953247070313 5.7978925704956054688 5.8980398178100585938 5.9515404701232910156 6.012477874755859375 6.1243152618408203125 6.2503042221069335938 6.3711800575256347656 6.3274073600769042969 6.0279064178466796875 5.6355786323547363281 5.382740020751953125 5.2394504547119140625 5.1559953689575195313 5.0914311408996582031 5.022724151611328125 4.9766411781311035156 4.9745225906372070313 4.9093713760375976563 4.9804439544677734375 5.0853366851806640625 4.9895129203796386719 5.0163979530334472656 5.0445723533630371094 5.0082693099975585938 5.0390796661376953125 5.2161927223205566406 5.3824543952941894531 5.4567432403564453125 5.5533008575439453125 5.6714506149291992188 5.8956966400146484375 6.0409417152404785156 6.0693492889404296875 6.0768542289733886719
5.3258256912231445313 5.3959145545959472656 5.4082546234130859375 5.3925342559814453125 5.430576324462890625 5.4907641410827636719 5.5319042205810546875 5.563327789306640625 5.5965127944946289063 5.6738467216491699219 5.7683205604553222656 5.8855485916137695313 6.0682168006896972656 6.2385606765747070313 6.3305149078369140625 6.29749298095703125 6.1439418792724609375 5.9567632675170898438 5.7899651527404785156 5.6756081581115722656 5.5659575462341308594 5.4598608016967773438 5.4021973609924316406 5.3398900032043457031 5.2382907867431640625 5.2585315704345703125 5.2813191413879394531 5.263156890869140625 5.2763929367065429688 5.1703066825866699219 5.1544175148010253906 5.1493597030639648438 5.3135886192321777344 5.4831190109252929688 5.53122711181640625 5.5349440574645996094 5.5926885604858398438 5.6020779609680175781 5.63459014892578125 5.6501703262329101563
5.2788648605346679688 5.2678775787353515625 5.2862567901611328125 5.2762246131896972656 5.2652316093444824219 5.2912287712097167969 5.3052630424499511719 5.31884002685546875 5.3243608474731445313 5.3440527915954589844 5.4104733467102050781 5.5295634269714355469 5.6864843368530273438 5.8667798042297363281 6.0415930747985839844 6.1930599212646484375 6.3447971343994140625 6.410205841064453125 6.4532113075256347656 6.5084657669067382813 6.5180859565734863281 6.4723954200744628906 6.4000048637390136719 6.2521800994873046875 6.0328307151794433594 5.8691644668579101563 5.7275700569152832031 5.6555967330932617188 5.6133327484130859375 5.4572911262512207031 5.34989166259765625 5.2659382820129394531 5.2056140899658203125 5.3931241035461425781 5.4857020378112792969 5.449993133544921875 5.4626364707946777344 5.4874715805053710938 5.558124542236328125 5.570758819580078125
5.1978254318237304688 5.1941280364990234375 5.1375751495361328125 5.2190537452697753906 5.2896523475646972656 5.3250193595886230469 5.3749518394470214844 5.4104599952697753906 5.4234333038330078125 5.4531636238098144531 5.4807381629943847656 5.4820795059204101563 5.5192112922668457031 5.6661524772644042969 5.8569040298461914063 6.0181851387023925781 6.1852321624755859375 6.3048939704895019531 6.414974212646484375 6.5031633377075195313 6.5679755210876464844 6.6474590301513671875 6.7228512763977050781 6.6749172210693359375 6.5597629547119140625 6.4105324745178222656 6.0951209068298339844 5.9439940452575683594 5.8984274864196777344 5.6291985511779785156 5.4848532676696777344 5.4265089035034179688 5.3447580337524414063 5.3988394737243652344 5.4902362823486328125 5.4050149917602539063 5.4168558120727539063 5.454280853271484375 5.5198502540588378906 5.5495886802673339844
5.2318267822265625 5.25989532470703125 5.2572999000549316406 5.3195538520812988281 5.3638901710510253906 5.4042630195617675781 5.4205827713012695313 5.3974609375 5.32823944091796875 5.3509554862976074219 5.5212111473083496094 5.6829552650451660156 5.7442340850830078125 5.8087182044982910156 5.921108245849609375 6.0439939498901367188 6.1899976730346679688 6.3237872123718261719 6.4134454727172851563 6.4746785163879394531 6.5564961433410644531 6.6250052452087402344 6.7152509689331054688 6.8357844352722167969 6.8986039161682128906 6.744609832763671875 6.3725991249084472656 6.0679917335510253906 5.8128809928894042969 5.469451904296875 5.2608532905578613281 5.4094419479370117188 5.6390209197998046875 5.5887932777404785156 5.49797821044921875 5.4218077659606933594 5.3960671424865722656 5.4040951728820800781 5.5123867988586425781 5.6363654136657714844
4.8847637176513671875 5.1002383232116699219 5.2236967086791992188 5.26837921142578125 5.3049931526184082031 5.3755860328674316406 5.381011962890625 5.396331787109375 5.3895878791809082031 5.3208394050598144531 5.4142742156982421875 5.638195037841796875 5.7918100357055664063 5.9219183921813964844 6.0787515640258789063 6.1895852088928222656 6.2896203994750976563 6.4452848434448242188 6.5738959312438964844 6.590549468994140625 6.6435656547546386719 6.7552247047424316406 6.8213100433349609375 6.8927655220031738281 6.9156565666198730469 6.8531646728515625 6.6416807174682617188 6.2771000862121582031 5.8336038589477539063 5.3768429756164550781 5.118927001953125 5.4297413825988769531 5.9566559791564941406 6.0907621383666992188 5.8997087478637695313 5.64273834228515625 5.4840683937072753906 5.4598703384399414063 5.4857120513916015625 5.600353240966796875
4.6867518424987792969 4.7099843025207519531 4.8134889602661132813 4.8613877296447753906 4.9091010093688964844 4.9982514381408691406 5.0890436172485351563 5.2501778602600097656 5.4319043159484863281 5.4886026382446289063 5.5779709815979003906 5.7772731781005859375 5.9635004997253417969 6.1277241706848144531 6.3075737953186035156 6.4460988044738769531 6.5325274467468261719 6.6299901008605957031 6.7721529006958007813 6.9030880928039550781 6.9252543449401855469 6.9867906570434570313 7.0591673851013183594 7.0926151275634765625 7.0346078872680664063 6.961338043212890625 6.849460601806640625 6.515316009521484375 6.0540776252746582031 5.6386618614196777344 5.2334270477294921875 5.3164467811584472656 5.8206791877746582031 6.1344017982482910156 6.1769509315490722656 6.0159897804260253906 5.7729177474975585938 5.6903004646301269531 5.6823520660400390625 5.6876778602600097656
4.8770365715026855469 4.7198638916015625 4.8021497726440429688 4.9453740119934082031 5.0527591705322265625 5.1886434555053710938 5.2616438865661621094 5.3213105201721191406 5.4304747581481933594 5.5086803436279296875 5.634235382080078125 5.8131613731384277344 5.9716424942016601563 6.1990184783935546875 6.5147881507873535156 6.7759952545166015625 6.9168577194213867188 6.9989142417907714844 7.0733704566955566406 7.1677370071411132813 7.2654919624328613281 7.2657299041748046875 7.2392878532409667969 7.2048096656799316406 7.1599745750427246094 7.0540943145751953125 6.9661340713500976563 6.8351612091064453125 6.5001268386840820313 6.1488189697265625 5.811420440673828125 5.63094329833984375 5.8017339706420898438 6.0542664527893066406 6.2113394737243652344 6.2470235824584960938 6.1078052520751953125 5.9602322578430175781 5.9529671669006347656 5.8962979316711425781
5.1194515228271484375 5.0712504386901855469 5.1477632522583007813 5.2445478439331054688 5.3049559593200683594 5.40940093994140625 5.5042705535888671875 5.5733914375305175781 5.7071332931518554688 5.8371605873107910156 5.9632463455200195313 6.0664763450622558594 6.1857829093933105469 6.4161705970764160156 6.738872528076171875 7.0478200912475585938 7.2186694145202636719 7.2624926567077636719 7.2943511009216308594 7.3423557281494140625 7.4071445465087890625 7.4707417488098144531 7.4733004570007324219 7.3832497596740722656 7.2682394981384277344 7.1290402412414550781 7.0017056465148925781 6.9392476081848144531 6.7503404617309570313 6.5203738212585449219 6.3019747734069824219 6.0823006629943847656 6.0555119514465332031 6.1017041206359863281 6.2015204429626464844 6.3227243423461914063 6.330799102783203125 6.2362141609191894531 6.1905932426452636719 6.1186966896057128906
5.5872111320495605469 5.6664218902587890625 5.7316722869873046875 5.7909598350524902344 5.8410239219665527344 5.9301052093505859375 6.0880765914916992188 6.2005052566528320313 6.232280731201171875 6.2421822547912597656 6.3108859062194824219 6.4597845077514648438 6.6157932281494140625 6.7502374649047851563 6.9742178916931152344 7.262126922607421875 7.4301586151123046875 7.4210076332092285156 7.3569855690002441406 7.3466086387634277344 7.3794188499450683594 7.4197974205017089844 7.4441394805908203125 7.4019937515258789063 7.3183221817016601563 7.1614131927490234375 6.9197993278503417969 6.6795587539672851563 6.4973301887512207031 6.3497676849365234375 6.2259912490844726563 6.1329188346862792969 6.1291570663452148438 6.1929106712341308594 6.2478327751159667969 6.3649659156799316406 6.4749536514282226563 6.4494657516479492188 6.3395857810974121094 6.2027678489685058594
6.1624827384948730469 6.2732777595520019531 6.3646759986877441406 6.3994297981262207031 6.4219946861267089844 6.5079851150512695313 6.7066946029663085938 6.8333668708801269531 6.794422149658203125 6.6926302909851074219 6.64096832275390625 6.7037463188171386719 6.8251805305480957031 6.956661224365234375 7.199493408203125 7.4235448837280273438 7.4452996253967285156 7.3330998420715332031 7.2248377799987792969 7.1764993667602539063 7.1920752525329589844 7.2512884140014648438 7.3157215118408203125 7.3286881446838378906 7.2766828536987304688 7.0989751815795898438 6.8126363754272460938 6.6103682518005371094 6.4935107231140136719 6.3515877723693847656 6.2106447219848632813 6.119457244873046875 6.1758399009704589844 6.2323780059814453125 6.2665262222290039063 6.4006137847900390625 6.4963889122009277344 6.5661554336547851563 6.5473828315734863281 6.4541668891906738281
