MapLinkProApp/griddata/temperature/ASCII/cmems_mod_glo_phy-thetao_anfc_0,083deg_P1D-m_1702458667101_1245,3.asc
ncols        121
nrows        120
xllcorner    -30.041666666667
yllcorner    40.041666655981
cellsize     0.083333333333
NODATA_value  9.9692099683868690468e+36
[rows 36 to 53 of 120, columns 40 to 79 of 121]
3.7684884071350097656 3.7245388031005859375 3.7347702980041503906 3.7463924884796142578 3.7658305168151855469 3.8008859157562255859 3.8082165718078613281 3.8145024776458740234 3.832408905029296875 3.8180558681488037109 3.8582310676574707031 3.9354212284088134766 3.9924097061157226563 4.0241422653198242188 4.0955371856689453125 4.19589996337890625 4.2933268547058105469 4.4256119728088378906 4.6058487892150878906 4.7795624732971191406 4.8310728073120117188 4.7693057060241699219 4.6117835044860839844 4.4313435554504394531 4.2836966514587402344 4.1986346244812011719 4.205966949462890625 4.1738924980163574219 4.1305823326110839844 4.0015344619750976563 3.9665760993957519531 4.0078177452087402344 4.035800933837890625 4.0066251754760742188 3.9469683170318603516 4.0175642967224121094 4.1063199043273925781 4.211086273193359375 4.261096954345703125 4.3150210380554199219
3.7811789512634277344 3.7193615436553955078 3.7320115566253662109 3.7898848056793212891 3.85253143310546875 3.8896400928497314453 3.8664889335632324219 3.8426992893218994141 3.8506200313568115234 3.8486559391021728516 3.8932943344116210938 3.9570667743682861328 4.010074615478515625 4.0742750167846679688 4.1252527236938476563 4.1970233917236328125 4.298320770263671875 4.4438686370849609375 4.6176943778991699219 4.7668581008911132813 4.7925019264221191406 4.7164292335510253906 4.5704755783081054688 4.3975162506103515625 4.2951712608337402344 4.1960692405700683594 4.1677370071411132813 4.1833529472351074219 4.1129674911499023438 4.0466547012329101563 3.9928147792816162109 3.9632713794708251953 4.0334563255310058594 3.9595682621002197266 3.9569451808929443359 4.0317549705505371094 4.1351675987243652344 4.2307176589965820313 4.2396798133850097656 4.2664079666137695313
3.7518520355224609375 3.7093558311462402344 3.7411425113677978516 3.8222773075103759766 3.8887310028076171875 3.9118928909301757813 3.8883852958679199219 3.821533203125 3.7963593006134033203 3.8527879714965820313 3.9279131889343261719 4.0294499397277832031 4.1072511672973632813 4.1397714614868164063 4.1558027267456054688 4.1998043060302734375 4.2864136695861816406 4.3960795402526855469 4.5251984596252441406 4.6640257835388183594 4.6814389228820800781 4.6075372695922851563 4.4951567649841308594 4.35243988037109375 4.2976412773132324219 4.2121882438659667969 4.0790548324584960938 4.0516428947448730469 4.032283782958984375 4.0064654350280761719 3.9376077651977539063 3.9773583412170410156 4.0418591499328613281 3.9417502880096435547 3.9263947010040283203 4.0548052787780761719 4.1467566490173339844 4.2115297317504882813 4.24518585205078125 4.3319087028503417969
3.7689137458801269531 3.7015135288238525391 3.7047989368438720703 3.7920279502868652344 3.8367152214050292969 3.8397464752197265625 3.8446314334869384766 3.8200671672821044922 3.8259356021881103516 3.9355273246765136719 4.0678310394287109375 4.1362624168395996094 4.147136688232421875 4.1694035530090332031 4.18625640869140625 4.2287421226501464844 4.3023552894592285156 4.3328232765197753906 4.4071106910705566406 4.4966869354248046875 4.539127349853515625 4.5011720657348632813 4.4539456367492675781 4.3685731887817382813 4.3345928192138671875 4.2353849411010742188 4.1094217300415039063 4.0724277496337890625 4.0937204360961914063 4.0180611610412597656 3.8834633827209472656 3.8889369964599609375 3.9810760021209716797 3.9435327053070068359 4.0036377906799316406 4.1211371421813964844 4.1837840080261230469 4.2057094573974609375 4.2607784271240234375 4.3654108047485351563
3.8203597068786621094 3.7415463924407958984 3.7522416114807128906 3.8048167228698730469 3.8624799251556396484 3.8708667755126953125 3.8229563236236572266 3.8374238014221191406 3.9403316974639892578 4.056674957275390625 4.1748046875 4.2061176300048828125 4.167022705078125 4.2010345458984375 4.2439584732055664063 4.2792234420776367188 4.34474945068359375 4.3314204216003417969 4.3572378158569335938 4.3938298225402832031 4.4539980888366699219 4.4369015693664550781 4.4322705268859863281 4.3583660125732421875 4.3339629173278808594 4.2390909194946289063 4.1403622627258300781 4.1672067642211914063 4.0683608055114746094 3.8786814212799072266 3.8109958171844482422 3.8795638084411621094 3.9759202003479003906 4.0206112861633300781 4.0899066925048828125 4.1813840866088867188 4.2467546463012695313 4.2847886085510253906 4.2752656936645507813 4.4347491264343261719
3.7717146873474121094 3.7813358306884765625 3.8344380855560302734 3.8304109573364257813 3.8555202484130859375 3.8981730937957763672 3.9032769203186035156 3.9202220439910888672 3.9897878170013427734 4.1108574867248535156 4.2047553062438964844 4.1778440475463867188 4.1415991783142089844 4.1791319847106933594 4.2936735153198242188 4.3039798736572265625 4.3107213973999023438 4.2864193916320800781 4.2609610557556152344 4.2421932220458984375 4.2905626296997070313 4.29817962646484375 4.3027367591857910156 4.2596998214721679688 4.2332134246826171875 4.1858458518981933594 4.0974416732788085938 3.9923014640808105469 3.8860123157501220703 3.8334605693817138672 3.8407490253448486328 3.9032866954803466797 4.0268263816833496094 4.1326012611389160156 4.1971540451049804688 4.2844634056091308594 4.2483849525451660156 4.2933597564697265625 4.4372406005859375 4.566234588623046875
3.7370131015777587891 3.7807581424713134766 3.8728318214416503906 3.8973753452301025391 3.8804762363433837891 3.8885016441345214844 3.9189515113830566406 3.9707868099212646484 4.048084259033203125 4.1437659263610839844 4.1974344253540039063 4.1651492118835449219 4.1433720588684082031 4.0816240310668945313 4.1664581298828125 4.1610503196716308594 4.1691803932189941406 4.2054471969604492188 4.2396116256713867188 4.2145547866821289063 4.2235293388366699219 4.20691680908203125 4.1846399307250976563 4.1404395103454589844 4.1115665435791015625 4.0027356147766113281 3.9468069076538085938 3.9132313728332519531 3.8601694107055664063 3.8177764415740966797 3.9429838657379150391 3.9954934120178222656 4.1424102783203125 4.2561182975769042969 4.3040766716003417969 4.2800245285034179688 4.28404998779296875 4.3565506935119628906 4.5087890625 4.5742592811584472656
3.8465142250061035156 3.8621652126312255859 3.9009909629821777344 3.9284870624542236328 3.9261453151702880859 3.9429936408996582031 3.9655706882476806641 3.9847400188446044922 4.044544219970703125 4.1321153640747070313 4.1827750205993652344 4.1965174674987792969 4.2042722702026367188 4.113033294677734375 4.1295943260192871094 4.1653118133544921875 4.1728258132934570313 4.216602325439453125 4.2518792152404785156 4.2110037803649902344 4.183605194091796875 4.1793808937072753906 4.1540727615356445313 4.0775012969970703125 3.95871734619140625 3.8620369434356689453 3.8002417087554931641 3.8389496803283691406 3.8319685459136962891 3.8404898643493652344 3.9259090423583984375 4.0611100196838378906 4.243839263916015625 4.3246302604675292969 4.3005013465881347656 4.3444275856018066406 4.3358888626098632813 4.4235968589782714844 4.4483990669250488281 4.3971757888793945313
3.9083840847015380859 3.9140613079071044922 3.9252712726593017578 3.927234649658203125 3.9190800189971923828 3.9299168586730957031 3.9596991539001464844 3.9915425777435302734 4.0496172904968261719 4.1160116195678710938 4.1519789695739746094 4.2071127891540527344 4.2591080665588378906 4.1897993087768554688 4.130115509033203125 4.1779007911682128906 4.1663794517517089844 4.2520880699157714844 4.3428711891174316406 4.2963671684265136719 4.240146636962890625 4.2794013023376464844 4.1839733123779296875 4.0961136817932128906 3.9796586036682128906 3.8296022415161132813 3.7704465389251708984 3.8708875179290771484 3.9288089275360107422 3.9349129199981689453 4.0488305091857910156 4.1579079627990722656 4.3302259445190429688 4.369884490966796875 4.30188751220703125 4.2486681938171386719 4.2736806869506835938 4.3097906112670898438 4.2653856277465820313 4.2258920669555664063
3.9444372653961181641 3.9353930950164794922 3.9387686252593994141 3.9435298442840576172 3.9319057464599609375 3.9490044116973876953 4.0092558860778808594 4.0346598625183105469 4.0289411544799804688 4.0564546585083007813 4.0749430656433105469 4.138423919677734375 4.2763576507568359375 4.2286968231201171875 4.1536383628845214844 4.1697363853454589844 4.123012542724609375 4.181552886962890625 4.3709135055541992188 4.4141702651977539063 4.3039937019348144531 4.36279296875 4.335254669189453125 4.2219634056091308594 4.1631336212158203125 4.022274017333984375 3.8916404247283935547 3.9712626934051513672 4.0047273635864257813 4.0592222213745117188 4.1208729743957519531 4.1840038299560546875 4.3624353408813476563 4.3816590309143066406 4.320163726806640625 4.1888341903686523438 4.1850762367248535156 4.2357726097106933594 4.1956806182861328125 4.07714080810546875
3.9615330696105957031 3.9378070831298828125 3.9479672908782958984 3.9744744300842285156 4.0001497268676757813 4.0235800743103027344 4.0410838127136230469 4.0457620620727539063 4.0394906997680664063 4.0251078605651855469 4.01055908203125 4.11907196044921875 4.3165340423583984375 4.279979705810546875 4.2029318809509277344 4.2549300193786621094 4.2585206031799316406 4.3231477737426757813 4.4449629783630371094 4.5037164688110351563 4.4864168167114257813 4.4509730339050292969 4.4234409332275390625 4.3558678627014160156 4.2738089561462402344 4.2121400833129882813 4.1512207984924316406 4.0810079574584960938 4.1673245429992675781 4.1480436325073242188 4.1505684852600097656 4.2293443679809570313 4.389942169189453125 4.3809142112731933594 4.2867879867553710938 4.1529164314270019531 4.1014080047607421875 4.1862254142761230469 4.1612758636474609375 4.0847296714782714844
3.9553358554840087891 3.9297337532043457031 3.9515764713287353516 3.9924530982971191406 4.0180954933166503906 4.0299320220947265625 4.0276622772216796875 4.02140045166015625 4.0203318595886230469 4.0058469772338867188 4.042636871337890625 4.2117581367492675781 4.3432455062866210938 4.3006591796875 4.2987465858459472656 4.3501482009887695313 4.37229156494140625 4.5167303085327148438 4.6806216239929199219 4.7592515945434570313 4.7336139678955078125 4.5713825225830078125 4.3982639312744140625 4.3559842109680175781 4.3053941726684570313 4.3017435073852539063 4.2403397560119628906 4.2639021873474121094 4.3101634979248046875 4.2165646553039550781 4.1976528167724609375 4.2893495559692382813 4.383045196533203125 4.3783540725708007813 4.3098363876342773438 4.1434006690979003906 4.044040679931640625 4.0783433914184570313 4.1568255424499511719 4.14612579345703125
3.9430346488952636719 3.9219102859497070313 3.9453053474426269531 3.9609768390655517578 3.9662506580352783203 3.9809513092041015625 4.0002894401550292969 4.0272727012634277344 4.0691952705383300781 4.1065435409545898438 4.1497278213500976563 4.1930723190307617188 4.2080020904541015625 4.2520875930786132813 4.3169879913330078125 4.4040989875793457031 4.5742897987365722656 4.7970209121704101563 4.9480013847351074219 5.0244913101196289063 4.9959468841552734375 4.770854949951171875 4.4652171134948730469 4.4143362045288085938 4.4499621391296386719 4.4389901161193847656 4.3008670806884765625 4.2598071098327636719 4.2723526954650878906 4.3106093406677246094 4.3122477531433105469 4.3213248252868652344 4.3881702423095703125 4.3617486953735351563 4.3438773155212402344 4.2064456939697265625 4.0720229148864746094 4.0471930503845214844 4.0335340499877929688 4.1622400283813476563
3.9685051441192626953 3.9536426067352294922 3.9823031425476074219 4.0381236076354980469 4.1188039779663085938 4.2148909568786621094 4.2549462318420410156 4.2618336677551269531 4.2899632453918457031 4.3054394721984863281 4.2860231399536132813 4.2829613685607910156 4.3099355697631835938 4.3434109687805175781 4.4318518638610839844 4.549163818359375 4.6481714248657226563 4.7568230628967285156 4.9065876007080078125 5.0480961799621582031 5.1957259178161621094 5.1990561485290527344 4.8612742424011230469 4.6637244224548339844 4.680572509765625 4.6948366165161132813 4.5674023628234863281 4.397495269775390625 4.3122835159301757813 4.3076801300048828125 4.3122925758361816406 4.3276515007019042969 4.3934922218322753906 4.3628339767456054688 4.3593859672546386719 4.3091554641723632813 4.1631388664245605469 4.091373443603515625 4.0135645866394042969 4.0034842491149902344
4.0136198997497558594 4.0051240921020507813 4.0863404273986816406 4.2121191024780273438 4.3965892791748046875 4.4887475967407226563 4.4774527549743652344 4.4579071998596191406 4.4112033843994140625 4.3430690765380859375 4.3204045295715332031 4.3485651016235351563 4.3556489944458007813 4.3220896720886230469 4.3513503074645996094 4.427417755126953125 4.5100607872009277344 4.6531424522399902344 4.8598265647888183594 4.9904026985168457031 5.0761427879333496094 5.2798275947570800781 5.1026883125305175781 4.8744421005249023438 4.8156614303588867188 4.7355322837829589844 4.6607747077941894531 4.6042714118957519531 4.423152923583984375 4.3293766975402832031 4.3239588737487792969 4.3033995628356933594 4.3728232383728027344 4.3305959701538085938 4.3085255622863769531 4.3282752037048339844 4.2118763923645019531 4.1563463211059570313 4.0968213081359863281 4.002376556396484375
4.10356903076171875 4.1245870590209960938 4.2294645309448242188 4.4196043014526367188 4.5490841865539550781 4.5254807472229003906 4.4157576560974121094 4.358028411865234375 4.3409304618835449219 4.3086619377136230469 4.2984752655029296875 4.2979674339294433594 4.2570719718933105469 4.2268567085266113281 4.2949109077453613281 4.4647350311279296875 4.6854090690612792969 4.920734405517578125 5.1000986099243164063 5.1690778732299804688 5.1628556251525878906 5.1871123313903808594 4.9883675575256347656 4.827716827392578125 4.7713274955749511719 4.7555680274963378906 4.6860270500183105469 4.6773200035095214844 4.5531740188598632813 4.4113564491271972656 4.3363475799560546875 4.3289971351623535156 4.4010624885559082031 4.3670849800109863281 4.3640012741088867188 4.3853468894958496094 4.2864980697631835938 4.1800260543823242188 4.1133646965026855469 4.1533818244934082031
4.1207823753356933594 4.1475076675415039063 4.2558307647705078125 4.40280914306640625 4.5013980865478515625 4.5113811492919921875 4.4468836784362792969 4.3599143028259277344 4.2620034217834472656 4.1875300407409667969 4.2159986495971679688 4.2500505447387695313 4.2072277069091796875 4.2267656326293945313 4.3502254486083984375 4.5717449188232421875 4.8345808982849121094 5.0029468536376953125 5.0393671989440917969 5.1397194862365722656 5.2287006378173828125 5.1593751907348632813 5.0429997444152832031 4.9082164764404296875 4.781772613525390625 4.8211774826049804688 4.7832689285278320313 4.7045350074768066406 4.5892415046691894531 4.4858541488647460938 4.3852181434631347656 4.349514007568359375 4.3279366493225097656 4.2889151573181152344 4.3096990585327148438 4.2841601371765136719 4.2469305992126464844 4.2765192985534667969 4.333911895751953125 4.4809031486511230469
4.1540575027465820313 4.1340608596801757813 4.1661233901977539063 4.2439017295837402344 4.3165431022644042969 4.3582983016967773438 4.3730216026306152344 4.3215646743774414063 4.2497234344482421875 4.1967105865478515625 4.1830086708068847656 4.1813330650329589844 4.1389827728271484375 4.1693301200866699219 4.3368582725524902344 4.5399808883666992188 4.7480754852294921875 4.8935217857360839844 4.9517598152160644531 5.1111907958984375 5.2554564476013183594 5.2194170951843261719 5.2203240394592285156 5.142162322998046875 4.9040994644165039063 4.8543863296508789063 4.7887377738952636719 4.6554021835327148438 4.6341643333435058594 4.7004795074462890625 4.6467986106872558594 4.5592484474182128906 4.4762845039367675781 4.4698019027709960938 4.4644522666931152344 4.5132913589477539063 4.6300606727600097656 4.6711139678955078125 4.7160658836364746094 4.7931303977966308594
