MapLinkProApp/griddata/temperature/ASCII/cmems_mod_glo_phy-thetao_anfc_0,083deg_P1D-m_1702458667101_11,4.asc
ncols        121
nrows        120
xllcorner    -30.041666666667
yllcorner    40.041666655981
cellsize     0.083333333333
NODATA_value  9.9692099683868690468e+36
[rows 0 to 17 of 120, columns 80 to 119 of 121]
12.672220230102539063 12.597868919372558594 12.508757591247558594 12.572889328002929688 12.813536643981933594 13.022947311401367188 13.273518562316894531 13.464649200439453125 13.531778335571289063 13.560820579528808594 13.580827713012695313 13.568487167358398438 13.539271354675292969 13.514204978942871094 13.497328758239746094 13.483822822570800781 13.475846290588378906 13.477886199951171875 13.477490425109863281 13.470342636108398438 13.444436073303222656 13.394771575927734375 13.380745887756347656 13.405999183654785156 13.420775413513183594 13.389509201049804688 13.326125144958496094 13.26889801025390625 13.172077178955078125 13.045717239379882813 12.939169883728027344 12.9023590087890625 12.8970947265625 12.866778373718261719 12.783861160278320313 12.689663887023925781 12.713043212890625 12.943127632141113281 13.228016853332519531 13.320706367492675781
13.120652198791503906 13.04187774658203125 13.00490570068359375 13.169548988342285156 13.291684150695800781 13.341817855834960938 13.496356964111328125 13.539622306823730469 13.537275314331054688 13.559725761413574219 13.561673164367675781 13.530813217163085938 13.501184463500976563 13.488936424255371094 13.48755645751953125 13.468230247497558594 13.434460639953613281 13.419331550598144531 13.412870407104492188 13.408585548400878906 13.401533126831054688 13.411386489868164063 13.438619613647460938 13.463644027709960938 13.432232856750488281 13.347599029541015625 13.24709320068359375 13.172383308410644531 13.127133369445800781 13.097046852111816406 13.066987991333007813 13.014369964599609375 12.919732093811035156 12.821185111999511719 12.753209114074707031 12.748273849487304688 12.87027740478515625 13.088187217712402344 13.2557830810546875 13.325862884521484375
13.39983367919921875 13.342777252197265625 13.372565269470214844 13.467803001403808594 13.452243804931640625 13.475569725036621094 13.55434417724609375 13.536355972290039063 13.526830673217773438 13.549822807312011719 13.540081977844238281 13.511602401733398438 13.4951629638671875 13.486952781677246094 13.479600906372070313 13.45792388916015625 13.429627418518066406 13.412451744079589844 13.397855758666992188 13.389356613159179688 13.431693077087402344 13.450444221496582031 13.427801132202148438 13.383623123168945313 13.341958999633789063 13.324711799621582031 13.301435470581054688 13.216108322143554688 13.067160606384277344 12.946139335632324219 12.866719245910644531 12.849822044372558594 12.862981796264648438 12.899932861328125 12.941061019897460938 12.996197700500488281 13.082737922668457031 13.18190765380859375 13.2628173828125 13.322218894958496094
13.529881477355957031 13.478247642517089844 13.532206535339355469 13.566112518310546875 13.51519012451171875 13.558583259582519531 13.56232452392578125 13.516226768493652344 13.509930610656738281 13.525073051452636719 13.505610466003417969 13.490604400634765625 13.489155769348144531 13.477414131164550781 13.462970733642578125 13.457411766052246094 13.457551956176757813 13.454329490661621094 13.455545425415039063 13.456645965576171875 13.462939262390136719 13.449950218200683594 13.414579391479492188 13.354501724243164063 13.274747848510742188 13.173213005065917969 13.086270332336425781 13.015514373779296875 13.011361122131347656 13.032401084899902344 13.095910072326660156 13.174574851989746094 13.256471633911132813 13.315790176391601563 13.359670639038085938 13.393075942993164063 13.417163848876953125 13.430986404418945313 13.436700820922851563 13.436717033386230469
13.565609931945800781 13.505125045776367188 13.573054313659667969 13.59613037109375 13.542959213256835938 13.581587791442871094 13.562964439392089844 13.505102157592773438 13.491217613220214844 13.492628097534179688 13.461400985717773438 13.450373649597167969 13.463843345642089844 13.46732330322265625 13.463471412658691406 13.472399711608886719 13.487992286682128906 13.490467071533203125 13.485721588134765625 13.461767196655273438 13.387447357177734375 13.3085479736328125 13.19647216796875 13.109890937805175781 13.096129417419433594 13.115901947021484375 13.174874305725097656 13.230970382690429688 13.286787986755371094 13.300937652587890625 13.325310707092285156 13.324682235717773438 13.330122947692871094 13.3404388427734375 13.365893363952636719 13.408702850341796875 13.447994232177734375 13.471109390258789063 13.476046562194824219 13.468825340270996094
13.668980598449707031 13.5847015380859375 13.634735107421875 13.643281936645507813 13.576676368713378906 13.585811614990234375 13.5690765380859375 13.502079963684082031 13.474015235900878906 13.468575477600097656 13.414778709411621094 13.38051605224609375 13.384366035461425781 13.395306587219238281 13.41141510009765625 13.425271987915039063 13.416212081909179688 13.386615753173828125 13.337443351745605469 13.271127700805664063 13.202945709228515625 13.15198516845703125 13.160840988159179688 13.197429656982421875 13.253563880920410156 13.284365653991699219 13.322216033935546875 13.3135528564453125 13.318413734436035156 13.290528297424316406 13.303708076477050781 13.294116973876953125 13.275023460388183594 13.262189865112304688 13.272183418273925781 13.326832771301269531 13.405758857727050781 13.471040725708007813 13.503315925598144531 13.5067138671875
13.740757942199707031 13.663514137268066406 13.694859504699707031 13.680848121643066406 13.602055549621582031 13.587240219116210938 13.57961273193359375 13.507007598876953125 13.457288742065429688 13.453572273254394531 13.39931488037109375 13.335933685302734375 13.310770034790039063 13.309889793395996094 13.324497222900390625 13.324676513671875 13.289480209350585938 13.245097160339355469 13.200707435607910156 13.179929733276367188 13.211258888244628906 13.273523330688476563 13.322124481201171875 13.332791328430175781 13.303178787231445313 13.251988410949707031 13.227025985717773438 13.197386741638183594 13.204679489135742188 13.205622673034667969 13.220315933227539063 13.227283477783203125 13.236697196960449219 13.222386360168457031 13.2102508544921875 13.24109649658203125 13.325274467468261719 13.424062728881835938 13.495919227600097656 13.532258987426757813
13.782378196716308594 13.734832763671875 13.741475105285644531 13.6949920654296875 13.618368148803710938 13.586755752563476563 13.592698097229003906 13.524933815002441406 13.440946578979492188 13.42995452880859375 13.393434524536132813 13.333537101745605469 13.312254905700683594 13.286852836608886719 13.262941360473632813 13.241837501525878906 13.214055061340332031 13.197628021240234375 13.202379226684570313 13.239496231079101563 13.290398597717285156 13.316740989685058594 13.299790382385253906 13.230804443359375 13.163789749145507813 13.131093025207519531 13.130722999572753906 13.10506439208984375 13.1041717529296875 13.102693557739257813 13.100572586059570313 13.136943817138671875 13.17828369140625 13.182041168212890625 13.183796882629394531 13.211033821105957031 13.276376724243164063 13.375985145568847656 13.473157882690429688 13.54145050048828125
13.81383514404296875 13.780596733093261719 13.727849960327148438 13.654932022094726563 13.60205078125 13.5743408203125 13.5920562744140625 13.551305770874023438 13.441331863403320313 13.412840843200683594 13.389201164245605469 13.306727409362792969 13.26467132568359375 13.221991539001464844 13.191313743591308594 13.184430122375488281 13.192926406860351563 13.216660499572753906 13.250696182250976563 13.285769462585449219 13.301876068115234375 13.284219741821289063 13.2389984130859375 13.211046218872070313 13.219743728637695313 13.225530624389648438 13.189333915710449219 13.14905548095703125 13.125942230224609375 13.116600990295410156 13.110219955444335938 13.110718727111816406 13.127058029174804688 13.138419151306152344 13.158711433410644531 13.203600883483886719 13.271008491516113281 13.355395317077636719 13.443686485290527344 13.517693519592285156
13.824178695678710938 13.745568275451660156 13.639462471008300781 13.582000732421875 13.575579643249511719 13.592425346374511719 13.594138145446777344 13.577363014221191406 13.467230796813964844 13.392678260803222656 13.388500213623046875 13.299030303955078125 13.235090255737304688 13.190806388854980469 13.166304588317871094 13.173130989074707031 13.197564125061035156 13.23018646240234375 13.266449928283691406 13.292537689208984375 13.296957015991210938 13.276913642883300781 13.250333786010742188 13.240019798278808594 13.238829612731933594 13.222378730773925781 13.194186210632324219 13.158266067504882813 13.116051673889160156 13.119578361511230469 13.127706527709960938 13.136430740356445313 13.143141746520996094 13.145899772644042969 13.163129806518554688 13.210135459899902344 13.289197921752929688 13.377115249633789063 13.453868865966796875 13.514837265014648438
13.758054733276367188 13.621926307678222656 13.588666915893554688 13.663180351257324219 13.676257133483886719 13.671489715576171875 13.643759727478027344 13.611170768737792969 13.507927894592285156 13.385706901550292969 13.367345809936523438 13.334101676940917969 13.242397308349609375 13.187323570251464844 13.162903785705566406 13.176970481872558594 13.215371131896972656 13.253457069396972656 13.286258697509765625 13.307461738586425781 13.309051513671875 13.297088623046875 13.28134918212890625 13.266196250915527344 13.24402618408203125 13.221486091613769531 13.212243080139160156 13.169825553894042969 13.124819755554199219 13.110540390014648438 13.127073287963867188 13.151287078857421875 13.162357330322265625 13.165890693664550781 13.184191703796386719 13.238265037536621094 13.327198028564453125 13.425725936889648438 13.510508537292480469 13.567995071411132813
13.639987945556640625 13.637324333190917969 13.71868896484375 13.743235588073730469 13.742338180541992188 13.716794013977050781 13.667643547058105469 13.612226486206054688 13.511095046997070313 13.388499259948730469 13.340394973754882813 13.363488197326660156 13.300905227661132813 13.213562965393066406 13.152712821960449219 13.139659881591796875 13.176278114318847656 13.2335357666015625 13.279561996459960938 13.302821159362792969 13.307099342346191406 13.297755241394042969 13.276032447814941406 13.248159408569335938 13.213579177856445313 13.18349456787109375 13.169775962829589844 13.141460418701171875 13.105694770812988281 13.099500656127929688 13.119401931762695313 13.164469718933105469 13.192852020263671875 13.197237968444824219 13.21999359130859375 13.298487663269042969 13.416222572326660156 13.527677536010742188 13.61397552490234375 13.670442581176757813
13.708538055419921875 13.736467361450195313 13.758054733276367188 13.761083602905273438 13.757783889770507813 13.74489593505859375 13.723318099975585938 13.686784744262695313 13.625524520874023438 13.532537460327148438 13.432385444641113281 13.3466339111328125 13.303239822387695313 13.280158042907714844 13.24369049072265625 13.193310737609863281 13.153577804565429688 13.139201164245605469 13.147252082824707031 13.164882659912109375 13.178524971008300781 13.178813934326171875 13.162304878234863281 13.134828567504882813 13.108821868896484375 13.093431472778320313 13.102591514587402344 13.095912933349609375 13.082979202270507813 13.091219902038574219 13.122760772705078125 13.178256034851074219 13.220131874084472656 13.221437454223632813 13.261130332946777344 13.372426986694335938 13.516028404235839844 13.638165473937988281 13.716382026672363281 13.754521369934082031
13.746506690979003906 13.782346725463867188 13.806074142456054688 13.807579994201660156 13.810336112976074219 13.80078125 13.792024612426757813 13.78440093994140625 13.769598960876464844 13.740622520446777344 13.6849365234375 13.593196868896484375 13.457287788391113281 13.324400901794433594 13.246571540832519531 13.211352348327636719 13.194841384887695313 13.180402755737304688 13.158931732177734375 13.13549041748046875 13.115285873413085938 13.095068931579589844 13.0748443603515625 13.057542800903320313 13.042830467224121094 13.042532920837402344 13.058205604553222656 13.054812431335449219 13.064354896545410156 13.097191810607910156 13.157321929931640625 13.238128662109375 13.260607719421386719 13.263955116271972656 13.356016159057617188 13.505741119384765625 13.652181625366210938 13.753075599670410156 13.808392524719238281 13.825467109680175781
13.864899635314941406 13.914337158203125 13.917689323425292969 13.927211761474609375 13.927390098571777344 13.924536705017089844 13.924063682556152344 13.919712066650390625 13.913480758666992188 13.899474143981933594 13.870339393615722656 13.82994842529296875 13.779737472534179688 13.686159133911132813 13.558968544006347656 13.417061805725097656 13.293840408325195313 13.213403701782226563 13.1660919189453125 13.138385772705078125 13.121335029602050781 13.10498046875 13.087583541870117188 13.072354316711425781 13.058590888977050781 13.053828239440917969 13.05434417724609375 13.049512863159179688 13.082775115966796875 13.134708404541015625 13.220078468322753906 13.294239044189453125 13.286936759948730469 13.327605247497558594 13.477463722229003906 13.638367652893066406 13.771954536437988281 13.856542587280273438 13.892221450805664063 13.903395652770996094
13.961462974548339844 13.945658683776855469 13.936318397521972656 13.916768074035644531 13.906694412231445313 13.910294532775878906 13.918870925903320313 13.932397842407226563 13.948409080505371094 13.96155548095703125 13.968297958374023438 13.962186813354492188 13.938530921936035156 13.891348838806152344 13.845576286315917969 13.766286849975585938 13.671977043151855469 13.547811508178710938 13.414429664611816406 13.296854972839355469 13.209268569946289063 13.150986671447753906 13.115647315979003906 13.093740463256835938 13.078459739685058594 13.073308944702148438 13.077007293701171875 13.10544586181640625 13.171721458435058594 13.241925239562988281 13.324382781982421875 13.331860542297363281 13.329758644104003906 13.446114540100097656 13.604238510131835938 13.755473136901855469 13.884125709533691406 13.951439857482910156 13.977931976318359375 13.985178947448730469
13.918250083923339844 13.869668960571289063 13.838373184204101563 13.82462310791015625 13.836453437805175781 13.863085746765136719 13.893342018127441406 13.92816162109375 13.953547477722167969 13.96390533447265625 13.966814994812011719 13.973063468933105469 13.977190017700195313 13.9673309326171875 13.941609382629394531 13.886707305908203125 13.826916694641113281 13.750670433044433594 13.666658401489257813 13.565901756286621094 13.449961662292480469 13.342350006103515625 13.263217926025390625 13.208571434020996094 13.177438735961914063 13.172408103942871094 13.185907363891601563 13.238776206970214844 13.297758102416992188 13.367091178894042969 13.385893821716308594 13.343347549438476563 13.423083305358886719 13.585549354553222656 13.742601394653320313 13.915513992309570313 14.033761978149414063 14.059935569763183594 14.04583740234375 14.030801773071289063
13.810223579406738281 13.775168418884277344 13.768893241882324219 13.797192573547363281 13.847331047058105469 13.914194107055664063 13.981424331665039063 14.035564422607421875 14.056810379028320313 14.058726310729980469 14.045426368713378906 14.023271560668945313 14.002969741821289063 13.991257667541503906 13.982126235961914063 13.963270187377929688 13.930208206176757813 13.885872840881347656 13.832945823669433594 13.767070770263671875 13.680832862854003906 13.581938743591308594 13.487720489501953125 13.41252899169921875 13.362296104431152344 13.337360382080078125 13.337412834167480469 13.360307693481445313 13.396487236022949219 13.424300193786621094 13.385750770568847656 13.386992454528808594 13.530206680297851563 13.686342239379882813 13.866393089294433594 14.04996490478515625 14.107503890991210938 14.072400093078613281 14.036024093627929688 14.015329360961914063
