MapLinkProApp/griddata/temperature/ASCII/cmems_mod_glo_phy-thetao_anfc_0,083deg_P1D-m_1702458667101_109,7.asc
ncols        121
nrows        120
xllcorner    -30.041666666667
yllcorner    40.041666655981
cellsize     0.083333333333
NODATA_value  9.9692099683868690468e+36
[rows 90 to 107 of 120, columns 40 to 79 of 121]
16.204854965209960938 16.212579727172851563 16.163677215576171875 16.115873336791992188 15.964174270629882813 15.761139869689941406 15.687074661254882813 15.772076606750488281 15.944150924682617188 15.913028717041015625 15.858915328979492188 15.895859718322753906 16.078512191772460938 16.2693328857421875 16.378757476806640625 16.433826446533203125 16.430938720703125 16.396881103515625 16.2719268798828125 16.024431228637695313 15.754911422729492188 15.583391189575195313 15.51239013671875 15.473067283630371094 15.484103202819824219 15.572422027587890625 15.682232856750488281 15.788735389709472656 15.856345176696777344 15.834736824035644531 15.700572013854980469 15.488150596618652344 15.366194725036621094 15.424372673034667969 15.580699920654296875 15.473223686218261719 15.080844879150390625 14.773934364318847656 14.710763931274414063 14.671486854553222656
16.303609848022460938 16.28853607177734375 16.255506515502929688 16.168790817260742188 16.09622955322265625 15.950260162353515625 15.805461883544921875 15.703892707824707031 15.811634063720703125 16.008523941040039063 16.139520645141601563 16.1818084716796875 16.248689651489257813 16.331996917724609375 16.38304901123046875 16.379014968872070313 16.320505142211914063 16.260585784912109375 16.196903228759765625 16.034189224243164063 15.794735908508300781 15.678258895874023438 15.639651298522949219 15.5113067626953125 15.440857887268066406 15.528318405151367188 15.606983184814453125 15.697804450988769531 15.856694221496582031 15.911924362182617188 15.839333534240722656 15.693134307861328125 15.49059295654296875 15.417496681213378906 15.567302703857421875 15.747516632080078125 15.552853584289550781 15.12819671630859375 15.0076751708984375 14.970841407775878906
16.343969345092773438 16.299482345581054688 16.292724609375 16.260372161865234375 16.149639129638671875 16.001348495483398438 15.935754776000976563 15.87215423583984375 15.805659294128417969 15.811112403869628906 15.911176681518554688 15.967501640319824219 15.981554031372070313 15.988602638244628906 16.002773284912109375 16.002452850341796875 15.976629257202148438 15.978909492492675781 15.991843223571777344 16.0131988525390625 15.973316192626953125 15.908549308776855469 15.936471939086914063 15.961699485778808594 15.873980522155761719 15.811737060546875 15.782734870910644531 15.753192901611328125 15.830700874328613281 15.9423675537109375 15.940537452697753906 15.820220947265625 15.667481422424316406 15.532961845397949219 15.500278472900390625 15.703022003173828125 15.845808029174804688 15.628780364990234375 15.344259262084960938 15.226243972778320313
16.274698257446289063 16.187181472778320313 16.20240020751953125 16.17205047607421875 16.09088134765625 15.983892440795898438 15.967667579650878906 16.030366897583007813 15.998404502868652344 15.961656570434570313 15.935223579406738281 15.917162895202636719 15.928304672241210938 15.940572738647460938 15.936781883239746094 15.881464004516601563 15.813130378723144531 15.806903839111328125 15.794313430786132813 15.762845993041992188 15.754190444946289063 15.762190818786621094 15.777932167053222656 15.859446525573730469 15.931714057922363281 15.929190635681152344 15.928355216979980469 15.9213104248046875 15.928182601928710938 15.986348152160644531 15.981247901916503906 15.859072685241699219 15.700252532958984375 15.574265480041503906 15.45133209228515625 15.443490028381347656 15.6499481201171875 15.685488700866699219 15.567257881164550781 15.398783683776855469
16.2348785400390625 16.123277664184570313 16.10923004150390625 16.068742752075195313 15.987272262573242188 15.905900001525878906 15.911255836486816406 15.952261924743652344 15.960245132446289063 15.974460601806640625 16.0500946044921875 16.171937942504882813 16.249454498291015625 16.236337661743164063 16.1103057861328125 15.936153411865234375 15.80672454833984375 15.711459159851074219 15.611293792724609375 15.569240570068359375 15.603986740112304688 15.662936210632324219 15.682865142822265625 15.713129043579101563 15.765851020812988281 15.803067207336425781 15.855077743530273438 15.916131019592285156 15.968394279479980469 16.02902984619140625 16.025613784790039063 15.871294021606445313 15.625600814819335938 15.45116424560546875 15.340765953063964844 15.256803512573242188 15.377232551574707031 15.519054412841796875 15.54503631591796875 15.472812652587890625
16.422779083251953125 16.188730239868164063 16.069665908813476563 16.03940582275390625 15.953985214233398438 15.915004730224609375 15.893154144287109375 15.942254066467285156 16.08489990234375 16.325939178466796875 16.505374908447265625 16.529996871948242188 16.472410202026367188 16.406156539916992188 16.219484329223632813 15.815007209777832031 15.455661773681640625 15.282672882080078125 15.18816375732421875 15.127834320068359375 15.111026763916015625 15.143990516662597656 15.283807754516601563 15.473230361938476563 15.587099075317382813 15.659006118774414063 15.759476661682128906 15.847812652587890625 15.899198532104492188 15.963520050048828125 15.983668327331542969 15.850526809692382813 15.611884117126464844 15.392907142639160156 15.261528968811035156 15.239361763000488281 15.293939590454101563 15.353089332580566406 15.451678276062011719 15.496247291564941406
16.829425811767578125 16.66943359375 16.447889328002929688 16.357831954956054688 16.292812347412109375 16.30890655517578125 16.40979766845703125 16.6147918701171875 16.888521194458007813 17.060766220092773438 16.93454742431640625 16.66675567626953125 16.480426788330078125 16.4583740234375 16.322916030883789063 15.662836074829101563 15.159906387329101563 15.054575920104980469 14.956303596496582031 14.704083442687988281 14.450125694274902344 14.359357833862304688 14.422710418701171875 14.574578285217285156 14.800706863403320313 15.129593849182128906 15.447623252868652344 15.64289093017578125 15.759898185729980469 15.854306221008300781 15.898725509643554688 15.831469535827636719 15.636209487915039063 15.363063812255859375 15.153825759887695313 15.170042037963867188 15.318470954895019531 15.384235382080078125 15.415409088134765625 15.474013328552246094
16.744070053100585938 16.9727935791015625 17.139129638671875 17.184009552001953125 17.186212539672851563 17.13094329833984375 17.154924392700195313 17.209079742431640625 17.201726913452148438 17.026430130004882813 16.735595703125 16.389949798583984375 16.326356887817382813 16.539739608764648438 16.449909210205078125 15.691796302795410156 15.130756378173828125 15.0812225341796875 15.052264213562011719 14.715006828308105469 14.296213150024414063 14.005061149597167969 13.848208427429199219 13.774362564086914063 13.888973236083984375 14.336224555969238281 14.889651298522949219 15.281287193298339844 15.506506919860839844 15.668805122375488281 15.759443283081054688 15.735719680786132813 15.585162162780761719 15.341601371765136719 15.206155776977539063 15.255401611328125 15.387696266174316406 15.503422737121582031 15.529995918273925781 15.499269485473632813
16.490482330322265625 16.504364013671875 16.667825698852539063 16.8448028564453125 17.017974853515625 16.996709823608398438 16.918169021606445313 16.773637771606445313 16.650661468505859375 16.54327392578125 16.482028961181640625 16.265537261962890625 16.316534042358398438 16.588550567626953125 16.459512710571289063 15.879802703857421875 15.37303924560546875 15.279993057250976563 15.386246681213378906 15.061010360717773438 14.537059783935546875 14.133826255798339844 13.932288169860839844 13.779372215270996094 13.64771270751953125 13.819921493530273438 14.321579933166503906 14.857122421264648438 15.247364044189453125 15.467116355895996094 15.581966400146484375 15.606901168823242188 15.502290725708007813 15.342551231384277344 15.319146156311035156 15.383069038391113281 15.393108367919921875 15.441718101501464844 15.450529098510742188 15.484331130981445313
16.744916915893554688 16.632341384887695313 16.537153244018554688 16.545938491821289063 16.6667633056640625 16.664571762084960938 16.61293792724609375 16.615146636962890625 16.694110870361328125 16.69377899169921875 16.51905059814453125 16.260675430297851563 16.309040069580078125 16.625738143920898438 16.583826065063476563 15.935734748840332031 15.422845840454101563 15.314999580383300781 15.3802642822265625 14.945265769958496094 14.369910240173339844 14.031435966491699219 13.870947837829589844 13.746011734008789063 13.728272438049316406 13.944497108459472656 14.366119384765625 14.8280487060546875 15.171304702758789063 15.367577552795410156 15.462179183959960938 15.450338363647460938 15.358077049255371094 15.2691802978515625 15.254462242126464844 15.2906036376953125 15.306183815002441406 15.277484893798828125 15.229226112365722656 15.289734840393066406
16.926549911499023438 16.791873931884765625 16.804143905639648438 16.994691848754882813 17.013154983520507813 16.909440994262695313 16.863239288330078125 16.892314910888671875 16.821035385131835938 16.592336654663085938 16.268768310546875 16.160600662231445313 16.323320388793945313 16.706121444702148438 16.525356292724609375 15.776897430419921875 15.405275344848632813 15.391442298889160156 15.212787628173828125 14.502333641052246094 13.975841522216796875 13.832897186279296875 13.793770790100097656 13.897310256958007813 14.301084518432617188 14.781055450439453125 15.123047828674316406 15.337266921997070313 15.454339027404785156 15.452458381652832031 15.342987060546875 15.202070236206054688 15.081816673278808594 15.019110679626464844 14.934037208557128906 14.817535400390625 14.860089302062988281 15.006305694580078125 15.015765190124511719 14.9790191650390625
16.76937103271484375 16.781896591186523438 16.776632308959960938 16.973552703857421875 17.003995895385742188 16.8630828857421875 16.81027984619140625 16.679302215576171875 16.561300277709960938 16.4158172607421875 16.224775314331054688 16.1833648681640625 16.350460052490234375 16.718538284301757813 16.359144210815429688 15.605320930480957031 15.379906654357910156 15.457886695861816406 15.002694129943847656 14.244625091552734375 13.885669708251953125 13.847931861877441406 13.90137481689453125 14.324930191040039063 14.925576210021972656 15.310671806335449219 15.465926170349121094 15.469147682189941406 15.327852249145507813 15.169307708740234375 15.0260009765625 14.845088005065917969 14.735322952270507813 14.786867141723632813 14.8621978759765625 14.870759963989257813 14.910610198974609375 14.960619926452636719 14.981909751892089844 15.010576248168945313
16.787832260131835938 16.796792984008789063 16.752248764038085938 16.857290267944335938 16.964384078979492188 17.025892257690429688 16.904376983642578125 16.65114593505859375 16.623012542724609375 16.5226287841796875 16.263029098510742188 16.290380477905273438 16.545541763305664063 16.732799530029296875 16.20751953125 15.576579093933105469 15.465725898742675781 15.514153480529785156 15.065523147583007813 14.290688514709472656 13.895062446594238281 13.877126693725585938 14.073362350463867188 14.618088722229003906 15.014750480651855469 15.1947479248046875 15.223100662231445313 15.103072166442871094 14.966275215148925781 14.843926429748535156 14.720141410827636719 14.679408073425292969 14.771185874938964844 14.917999267578125 15.027291297912597656 15.035692214965820313 14.970419883728027344 14.804570198059082031 14.484406471252441406 14.406557083129882813
16.772542953491210938 16.64086151123046875 16.596502304077148438 16.761476516723632813 16.99398040771484375 17.105030059814453125 16.846851348876953125 16.52980804443359375 16.4751434326171875 16.3814239501953125 16.163280487060546875 16.218540191650390625 16.504884719848632813 16.537359237670898438 16.004579544067382813 15.454722404479980469 15.425060272216796875 15.50516510009765625 15.14011383056640625 14.341050148010253906 13.899970054626464844 13.867302894592285156 14.072370529174804688 14.590289115905761719 14.992277145385742188 14.989268302917480469 14.902215003967285156 14.824446678161621094 14.718447685241699219 14.699898719787597656 14.76816558837890625 14.854577064514160156 14.939898490905761719 14.998056411743164063 15.006812095642089844 14.956547737121582031 14.831056594848632813 14.613444328308105469 14.378365516662597656 14.415819168090820313
16.5611572265625 16.474893569946289063 16.620828628540039063 16.866106033325195313 17.180816650390625 17.099212646484375 16.709074020385742188 16.373699188232421875 16.373828887939453125 16.339696884155273438 16.168121337890625 16.173204421997070313 16.239068984985351563 16.19322967529296875 15.85363006591796875 15.43837738037109375 15.448423385620117188 15.454708099365234375 15.158906936645507813 14.658112525939941406 14.230772018432617188 14.112714767456054688 14.299654006958007813 14.716215133666992188 14.960305213928222656 14.824583053588867188 14.706774711608886719 14.633686065673828125 14.633976936340332031 14.690590858459472656 14.670655250549316406 14.676479339599609375 14.692366600036621094 14.711916923522949219 14.752613067626953125 14.69305419921875 14.653699874877929688 14.726403236389160156 14.757884979248046875 14.790286064147949219
16.737516403198242188 16.708465576171875 16.834470748901367188 17.08379364013671875 17.15753173828125 16.83986663818359375 16.456228256225585938 16.214902877807617188 16.279455184936523438 16.2697906494140625 16.13143157958984375 16.071643829345703125 15.9025115966796875 15.943972587585449219 15.730780601501464844 15.376646041870117188 15.408021926879882813 15.472997665405273438 15.23484039306640625 14.853186607360839844 14.582158088684082031 14.562547683715820313 14.628503799438476563 14.752824783325195313 14.823327064514160156 14.726351737976074219 14.710506439208984375 14.743406295776367188 14.742177963256835938 14.673603057861328125 14.62012481689453125 14.53094482421875 14.43849945068359375 14.439560890197753906 14.43463897705078125 14.421753883361816406 14.502676963806152344 14.578077316284179688 14.598878860473632813 14.652022361755371094
16.932920455932617188 16.953596115112304688 16.976467132568359375 17.027273178100585938 16.838224411010742188 16.50046539306640625 16.19060516357421875 16.169782638549804688 16.349874496459960938 16.323215484619140625 16.05564117431640625 15.840897560119628906 15.61083221435546875 15.648268699645996094 15.595243453979492188 15.385898590087890625 15.435662269592285156 15.52823638916015625 15.340441703796386719 15.055256843566894531 14.885380744934082031 14.856623649597167969 14.884089469909667969 14.898990631103515625 14.916642189025878906 14.940226554870605469 15.013060569763183594 15.003083229064941406 14.757506370544433594 14.3933258056640625 14.230871200561523438 14.204640388488769531 14.219539642333984375 14.25136566162109375 14.250519752502441406 14.298723220825195313 14.415699958801269531 14.55764007568359375 14.683709144592285156 14.766835212707519531
16.758775711059570313 16.953477859497070313 16.947858810424804688 16.825899124145507813 16.532281875610351563 16.274028778076171875 16.076984405517578125 16.218170166015625 16.4671478271484375 16.355344772338867188 15.998440742492675781 15.732006072998046875 15.447880744934082031 15.413987159729003906 15.432047843933105469 15.426369667053222656 15.485655784606933594 15.594966888427734375 15.480057716369628906 15.242732048034667969 15.044473648071289063 14.990210533142089844 15.068025588989257813 15.052149772644042969 15.013819694519042969 15.083551406860351563 15.152533531188964844 15.041261672973632813 14.635928153991699219 14.314415931701660156 14.325238227844238281 14.528342247009277344 14.679287910461425781 14.6165618896484375 14.458613395690917969 14.366003990173339844 14.260848045349121094 14.146933555603027344 14.11370086669921875 14.19976043701171875
