MapLinkProApp/griddata/temperature/ASCII/cmems_mod_glo_phy-thetao_anfc_0,083deg_P1D-m_1702458667101_15,8.asc
ncols        121
nrows        120
xllcorner    -30.041666666667
yllcorner    40.041666655981
cellsize     0.083333333333
NODATA_value  9.9692099683868690468e+36
[rows 0 to 17 of 120, columns 0 to 39 of 121]
12.570764541625976563 12.554080963134765625 12.538968086242675781 12.590435981750488281 12.654473304748535156 12.637523651123046875 12.586507797241210938 12.549994468688964844 12.5690460205078125 12.646707534790039063 12.71096038818359375 12.745435714721679688 12.760743141174316406 12.752637863159179688 12.728578567504882813 12.691462516784667969 12.628176689147949219 12.542921066284179688 12.460927009582519531 12.3879547119140625 12.316021919250488281 12.235804557800292969 12.137483596801757813 12.00037384033203125 11.813474655151367188 11.572480201721191406 11.330478668212890625 11.116435050964355469 10.974458694458007813 10.860897064208984375 10.756161689758300781 10.654103279113769531 10.615459442138671875 10.661278724670410156 10.89977264404296875 11.071336746215820313 11.251816749572753906 11.538175582885742188 11.834095001220703125 12.044946670532226563
12.539880752563476563 12.52852630615234375 12.512280464172363281 12.572948455810546875 12.64499664306640625 12.625965118408203125 12.572338104248046875 12.528810501098632813 12.545358657836914063 12.627607345581054688 12.697821617126464844 12.721076011657714844 12.7204742431640625 12.708415031433105469 12.692040443420410156 12.679027557373046875 12.665642738342285156 12.642994880676269531 12.611896514892578125 12.577625274658203125 12.538508415222167969 12.491488456726074219 12.430565834045410156 12.341663360595703125 12.209524154663085938 12.029438018798828125 11.792238235473632813 11.535637855529785156 11.284374237060546875 11.091200828552246094 10.933500289916992188 10.808267593383789063 10.730083465576171875 10.78740692138671875 10.958293914794921875 11.133497238159179688 11.412281990051269531 11.733979225158691406 11.988959312438964844 12.094037055969238281
12.4555511474609375 12.457217216491699219 12.49688720703125 12.587634086608886719 12.635373115539550781 12.593404769897460938 12.544446945190429688 12.50008392333984375 12.503801345825195313 12.572445869445800781 12.6342315673828125 12.646539688110351563 12.633897781372070313 12.618600845336914063 12.603966712951660156 12.590605735778808594 12.579587936401367188 12.570996284484863281 12.56647491455078125 12.566052436828613281 12.565595626831054688 12.560776710510253906 12.550916671752929688 12.530795097351074219 12.47711181640625 12.372082710266113281 12.225762367248535156 12.038382530212402344 11.77478790283203125 11.527591705322265625 11.290801048278808594 11.105666160583496094 10.960981369018554688 10.979212760925292969 11.08461761474609375 11.345409393310546875 11.67641448974609375 11.940171241760253906 12.05477142333984375 12.037255287170410156
12.415065765380859375 12.455601692199707031 12.53524017333984375 12.607851982116699219 12.605793952941894531 12.549530982971191406 12.509532928466796875 12.468555450439453125 12.469040870666503906 12.515665054321289063 12.557280540466308594 12.561505317687988281 12.5425872802734375 12.527690887451171875 12.523159027099609375 12.519376754760742188 12.509428024291992188 12.496367454528808594 12.491148948669433594 12.500248908996582031 12.512103080749511719 12.526349067687988281 12.542130470275878906 12.551558494567871094 12.548615455627441406 12.497971534729003906 12.406859397888183594 12.269743919372558594 12.043175697326660156 11.781277656555175781 11.509983062744140625 11.260184288024902344 11.103826522827148438 11.096211433410644531 11.257579803466796875 11.559475898742675781 11.837976455688476563 12.018298149108886719 12.011617660522460938 11.986843109130859375
12.464909553527832031 12.509188652038574219 12.545403480529785156 12.575072288513183594 12.534831047058105469 12.49581146240234375 12.479937553405761719 12.436966896057128906 12.430332183837890625 12.454259872436523438 12.470461845397949219 12.465319633483886719 12.445303916931152344 12.427965164184570313 12.425534248352050781 12.433135032653808594 12.443616867065429688 12.456720352172851563 12.470196723937988281 12.48443603515625 12.493170738220214844 12.501942634582519531 12.515522003173828125 12.534212112426757813 12.544238090515136719 12.537344932556152344 12.49611663818359375 12.3957061767578125 12.209421157836914063 11.935304641723632813 11.637769699096679688 11.364844322204589844 11.254421234130859375 11.308515548706054688 11.538202285766601563 11.777598381042480469 11.955333709716796875 12.011452674865722656 11.920166969299316406 11.90653228759765625
12.430788040161132813 12.466742515563964844 12.469635009765625 12.499146461486816406 12.4777984619140625 12.474297523498535156 12.464147567749023438 12.418110847473144531 12.401042938232421875 12.406316757202148438 12.404256820678710938 12.393917083740234375 12.389399528503417969 12.392998695373535156 12.401656150817871094 12.415625572204589844 12.4344940185546875 12.454858779907226563 12.473696708679199219 12.492108345031738281 12.509542465209960938 12.521929740905761719 12.524618148803710938 12.531024932861328125 12.534190177917480469 12.531190872192382813 12.5098724365234375 12.421061515808105469 12.255400657653808594 11.974339485168457031 11.6732025146484375 11.454783439636230469 11.435344696044921875 11.567538261413574219 11.773797035217285156 11.931455612182617188 12.025279045104980469 11.952785491943359375 11.836030960083007813 11.840087890625
12.574708938598632813 12.632714271545410156 12.564339637756347656 12.51369476318359375 12.480123519897460938 12.472496986389160156 12.465330123901367188 12.420490264892578125 12.398943901062011719 12.396862030029296875 12.387966156005859375 12.372318267822265625 12.366601943969726563 12.373495101928710938 12.385507583618164063 12.398355484008789063 12.411651611328125 12.426851272583007813 12.445685386657714844 12.469998359680175781 12.499199867248535156 12.524137496948242188 12.534479141235351563 12.5318603515625 12.520060539245605469 12.505872726440429688 12.483654975891113281 12.399209976196289063 12.226943016052246094 11.963234901428222656 11.736216545104980469 11.659047126770019531 11.721390724182128906 11.852614402770996094 11.953794479370117188 12.040849685668945313 12.028389930725097656 11.867554664611816406 11.783935546875 11.775828361511230469
13.162929534912109375 13.185888290405273438 13.04306793212890625 12.769746780395507813 12.570979118347167969 12.496300697326660156 12.481687545776367188 12.451246261596679688 12.4281158447265625 12.418108940124511719 12.399888038635253906 12.368349075317382813 12.3518829345703125 12.360607147216796875 12.375296592712402344 12.381303787231445313 12.381037712097167969 12.382998466491699219 12.394904136657714844 12.418295860290527344 12.449291229248046875 12.489897727966308594 12.524217605590820313 12.529538154602050781 12.506762504577636719 12.468218803405761719 12.43441009521484375 12.372980117797851563 12.210255622863769531 12.013924598693847656 11.890695571899414063 11.899637222290039063 12.0063629150390625 12.137296676635742188 12.185647010803222656 12.123311042785644531 11.946048736572265625 11.808652877807617188 11.763026237487792969 11.735239982604980469
13.408003807067871094 13.402498245239257813 13.382853507995605469 13.107295036315917969 12.763874053955078125 12.570231437683105469 12.510105133056640625 12.490660667419433594 12.4778594970703125 12.467790603637695313 12.439451217651367188 12.391530990600585938 12.353196144104003906 12.3491973876953125 12.3630523681640625 12.36598968505859375 12.359196662902832031 12.354444503784179688 12.354123115539550781 12.361246109008789063 12.378528594970703125 12.416162490844726563 12.467898368835449219 12.507135391235351563 12.506135940551757813 12.453945159912109375 12.378866195678710938 12.314684867858886719 12.208215713500976563 12.061619758605957031 11.995693206787109375 12.034630775451660156 12.118710517883300781 12.147997856140136719 12.072358131408691406 11.944584846496582031 11.814031600952148438 11.736140251159667969 11.71026611328125 11.695977210998535156
13.477221488952636719 13.459624290466308594 13.505469322204589844 13.491006851196289063 13.140475273132324219 12.782322883605957031 12.590946197509765625 12.534510612487792969 12.533359527587890625 12.535756111145019531 12.51645660400390625 12.462598800659179688 12.393472671508789063 12.35082244873046875 12.3477935791015625 12.357748985290527344 12.359926223754882813 12.359239578247070313 12.356835365295410156 12.348469734191894531 12.335102081298828125 12.33050537109375 12.350111961364746094 12.404664039611816406 12.471324920654296875 12.484906196594238281 12.410151481628417969 12.292437553405761719 12.18857574462890625 12.094590187072753906 12.045558929443359375 12.06592559814453125 12.081343650817871094 12.0320281982421875 11.987140655517578125 12.115629196166992188 12.146555900573730469 12.075410842895507813 11.970966339111328125 11.861541748046875
13.492502212524414063 13.538524627685546875 13.503258705139160156 13.609709739685058594 13.417438507080078125 13.000918388366699219 12.695098876953125 12.568938255310058594 12.557696342468261719 12.575899124145507813 12.579250335693359375 12.540212631225585938 12.465210914611816406 12.397993087768554688 12.364953041076660156 12.363377571105957031 12.381346702575683594 12.394654273986816406 12.404173851013183594 12.399869918823242188 12.382433891296386719 12.353069305419921875 12.318712234497070313 12.312678337097167969 12.370943069458007813 12.457326889038085938 12.462007522583007813 12.369748115539550781 12.241316795349121094 12.132369041442871094 12.065957069396972656 12.075678825378417969 12.097864151000976563 12.127371788024902344 12.334196090698242188 12.482844352722167969 12.49826812744140625 12.405673027038574219 12.216230392456054688 11.999056816101074219
13.368953704833984375 13.480670928955078125 13.510603904724121094 13.620973587036132813 13.634594917297363281 13.261507034301757813 12.85614776611328125 12.6332244873046875 12.57862091064453125 12.601229667663574219 12.632695198059082031 12.623093605041503906 12.556071281433105469 12.474823951721191406 12.428472518920898438 12.422742843627929688 12.442050933837890625 12.468914031982421875 12.496862411499023438 12.514037132263183594 12.517077445983886719 12.497954368591308594 12.439949989318847656 12.353201866149902344 12.287683486938476563 12.332912445068359375 12.4324951171875 12.422892570495605469 12.327882766723632813 12.197751045227050781 12.098753929138183594 12.085761070251464844 12.107800483703613281 12.195466995239257813 12.445183753967285156 12.540930747985839844 12.475765228271484375 12.313326835632324219 12.162281036376953125 12.097403526306152344
13.416895866394042969 13.387557029724121094 13.421759605407714844 13.534238815307617188 13.730395317077636719 13.509112358093261719 13.052762031555175781 12.725003242492675781 12.602624893188476563 12.60959625244140625 12.660796165466308594 12.671427726745605469 12.607829093933105469 12.523326873779296875 12.48553466796875 12.494779586791992188 12.51110076904296875 12.524201393127441406 12.54944610595703125 12.580663681030273438 12.620032310485839844 12.642866134643554688 12.615216255187988281 12.51255035400390625 12.348774909973144531 12.258538246154785156 12.336230278015136719 12.39775848388671875 12.336299896240234375 12.22548675537109375 12.119711875915527344 12.096402168273925781 12.12654876708984375 12.447974205017089844 12.563904762268066406 12.514977455139160156 12.404940605163574219 12.334965705871582031 12.344164848327636719 12.40106201171875
13.465853691101074219 13.408167839050292969 13.37972259521484375 13.409440994262695313 13.665800094604492188 13.66197967529296875 13.263795852661132813 12.860018730163574219 12.648140907287597656 12.611824989318847656 12.66550445556640625 12.696913719177246094 12.646370887756347656 12.562944412231445313 12.517518997192382813 12.506900787353515625 12.507576942443847656 12.537474632263183594 12.593405723571777344 12.653925895690917969 12.717782974243164063 12.766888618469238281 12.784778594970703125 12.737028121948242188 12.565146446228027344 12.331097602844238281 12.241466522216796875 12.331334114074707031 12.266140937805175781 12.19834136962890625 12.1224365234375 12.116413116455078125 12.207639694213867188 12.509622573852539063 12.600159645080566406 12.533659934997558594 12.504119873046875 12.508694648742675781 12.496847152709960938 12.46123504638671875
13.617701530456542969 13.542327880859375 13.454634666442871094 13.388824462890625 13.557936668395996094 13.743241310119628906 13.482525825500488281 13.038050651550292969 12.726405143737792969 12.617595672607421875 12.647203445434570313 12.697784423828125 12.6720428466796875 12.583240509033203125 12.512385368347167969 12.493841171264648438 12.524611473083496094 12.592339515686035156 12.640460968017578125 12.668089866638183594 12.704097747802734375 12.7704925537109375 12.856917381286621094 12.899984359741210938 12.862126350402832031 12.5723724365234375 12.268100738525390625 12.230305671691894531 12.2411041259765625 12.167745590209960938 12.1457977294921875 12.183451652526855469 12.380687713623046875 12.574090957641601563 12.650809288024902344 12.614501953125 12.541617393493652344 12.413814544677734375 12.258100509643554688 12.153971672058105469
13.738092422485351563 13.661253929138183594 13.548247337341308594 13.428273200988769531 13.523713111877441406 13.763559341430664063 13.6269683837890625 13.196969985961914063 12.822707176208496094 12.639120101928710938 12.61670684814453125 12.670793533325195313 12.68236541748046875 12.610752105712890625 12.530440330505371094 12.502676010131835938 12.532446861267089844 12.581566810607910156 12.574856758117675781 12.56744384765625 12.592736244201660156 12.690165519714355469 12.793303489685058594 12.882325172424316406 12.95786285400390625 12.877933502197265625 12.51043701171875 12.236905097961425781 12.264171600341796875 12.199891090393066406 12.221231460571289063 12.309743881225585938 12.526243209838867188 12.659218788146972656 12.686222076416015625 12.602640151977539063 12.422631263732910156 12.226970672607421875 12.086663246154785156 12.091496467590332031
13.878057479858398438 13.781105995178222656 13.656279563903808594 13.502246856689453125 13.519392013549804688 13.767691612243652344 13.780469894409179688 13.432204246520996094 13.014988899230957031 12.73461151123046875 12.611257553100585938 12.610695838928222656 12.657847404479980469 12.659026145935058594 12.602048873901367188 12.558180809020996094 12.571143150329589844 12.596403121948242188 12.556020736694335938 12.532613754272460938 12.572060585021972656 12.724501609802246094 12.861677169799804688 12.969925880432128906 12.989171981811523438 13.0064697265625 12.967844963073730469 12.516326904296875 12.247339248657226563 12.254518508911132813 12.288839340209960938 12.419854164123535156 12.57616424560546875 12.632846832275390625 12.550502777099609375 12.366993904113769531 12.18686676025390625 12.068850517272949219 12.069312095642089844 12.207590103149414063
13.952137947082519531 13.849058151245117188 13.708132743835449219 13.550823211669921875 13.534623146057128906 13.764372825622558594 13.880654335021972656 13.633244514465332031 13.217844009399414063 12.869700431823730469 12.663964271545410156 12.590099334716796875 12.611810684204101563 12.651768684387207031 12.640959739685058594 12.614886283874511719 12.62851715087890625 12.627959251403808594 12.572023391723632813 12.55052947998046875 12.646275520324707031 12.818956375122070313 13.009418487548828125 13.084990501403808594 13.128914833068847656 13.055070877075195313 13.10718536376953125 12.923711776733398438 12.448228836059570313 12.251910209655761719 12.277707099914550781 12.36319732666015625 12.492612838745117188 12.55218505859375 12.433771133422851563 12.236127853393554688 12.110639572143554688 12.053698539733886719 12.126517295837402344 12.326341629028320313
