MapLinkProApp/griddata/temperature/ASCII/cmems_mod_glo_phy-thetao_anfc_0,083deg_P1D-m_1702458667101_380,2.asc
ncols        121
nrows        120
xllcorner    -30.041666666667
yllcorner    40.041666655981
cellsize     0.083333333333
NODATA_value  9.9692099683868690468e+36
[rows 36 to 53 of 120, columns 80 to 119 of 121]
12.193727493286132813 12.133530616760253906 12.051176071166992188 11.958098411560058594 11.847166061401367188 11.718023300170898438 11.566613197326660156 11.394133567810058594 11.195479393005371094 11.029120445251464844 10.967807769775390625 10.852983474731445313 10.619266510009765625 10.391171455383300781 10.366209030151367188 10.373317718505859375 10.327431678771972656 10.313985824584960938 10.362237930297851563 10.419710159301757813 10.507425308227539063 10.599225044250488281 10.631168365478515625 10.640508651733398438 10.637330055236816406 10.625439643859863281 10.688390731811523438 10.827518463134765625 11.034679412841796875 11.304750442504882813 11.662680625915527344 12.082121849060058594 12.399773597717285156 12.36812591552734375 12.233687400817871094 12.306572914123535156 12.436053276062011719 12.520461082458496094 12.594603538513183594 12.638518333435058594
12.1829986572265625 12.094344139099121094 11.98790740966796875 11.872570037841796875 11.792397499084472656 11.782326698303222656 11.748787879943847656 11.609386444091796875 11.418908119201660156 11.216396331787109375 11.047007560729980469 10.908432960510253906 10.7041168212890625 10.493306159973144531 10.391790390014648438 10.371778488159179688 10.314622879028320313 10.310510635375976563 10.354320526123046875 10.388059616088867188 10.462807655334472656 10.545672416687011719 10.572019577026367188 10.607558250427246094 10.606359481811523438 10.594974517822265625 10.666481971740722656 10.750017166137695313 10.875425338745117188 11.094150543212890625 11.379743576049804688 11.785618782043457031 12.243401527404785156 12.438831329345703125 12.311954498291015625 12.275007247924804688 12.365976333618164063 12.443831443786621094 12.523786544799804688 12.590562820434570313
12.080176353454589844 11.906728744506835938 11.78252410888671875 11.718726158142089844 11.694621086120605469 11.727161407470703125 11.79050445556640625 11.754900932312011719 11.58397674560546875 11.379690170288085938 11.173313140869140625 10.974841117858886719 10.754572868347167969 10.55970001220703125 10.420388221740722656 10.377194404602050781 10.315644264221191406 10.3224029541015625 10.394804000854492188 10.439327239990234375 10.499562263488769531 10.568020820617675781 10.594927787780761719 10.639554977416992188 10.618065834045410156 10.61346435546875 10.651228904724121094 10.691229820251464844 10.749355316162109375 10.930287361145019531 11.191071510314941406 11.49686431884765625 12.007307052612304688 12.391292572021484375 12.446718215942382813 12.334786415100097656 12.3291015625 12.364344596862792969 12.408957481384277344 12.473852157592773438
11.783206939697265625 11.648523330688476563 11.581971168518066406 11.512485504150390625 11.508869171142578125 11.579725265502929688 11.711293220520019531 11.777823448181152344 11.677995681762695313 11.5155029296875 11.338113784790039063 11.143918037414550781 10.927210807800292969 10.686254501342773438 10.460141181945800781 10.33345794677734375 10.268337249755859375 10.266451835632324219 10.328619003295898438 10.384263038635253906 10.429017066955566406 10.459670066833496094 10.461668014526367188 10.477665901184082031 10.478746414184570313 10.496119499206542969 10.5772247314453125 10.652626991271972656 10.691463470458984375 10.832866668701171875 11.045849800109863281 11.328759193420410156 11.77211761474609375 12.253344535827636719 12.474944114685058594 12.460806846618652344 12.411971092224121094 12.397847175598144531 12.393965721130371094 12.40979766845703125
11.67403411865234375 11.561396598815917969 11.479053497314453125 11.483098983764648438 11.532437324523925781 11.612221717834472656 11.689737319946289063 11.737482070922851563 11.699057579040527344 11.56396484375 11.415431022644042969 11.2442474365234375 11.065947532653808594 10.8900299072265625 10.687216758728027344 10.503846168518066406 10.367168426513671875 10.315707206726074219 10.332036018371582031 10.361363410949707031 10.393136978149414063 10.407716751098632813 10.3911285400390625 10.377709388732910156 10.389402389526367188 10.426685333251953125 10.489027976989746094 10.59515380859375 10.644688606262207031 10.713125228881835938 10.869112014770507813 11.121570587158203125 11.489489555358886719 11.968922615051269531 12.334051132202148438 12.493796348571777344 12.56231689453125 12.572063446044921875 12.554680824279785156 12.53902435302734375
11.519333839416503906 11.47321319580078125 11.411988258361816406 11.444639205932617188 11.517109870910644531 11.607831954956054688 11.716012001037597656 11.795690536499023438 11.776210784912109375 11.674773216247558594 11.564127922058105469 11.420412063598632813 11.232259750366210938 11.038731575012207031 10.850996971130371094 10.689640998840332031 10.582535743713378906 10.511510848999023438 10.493678092956542969 10.513509750366210938 10.494775772094726563 10.453738212585449219 10.374690055847167969 10.302074432373046875 10.310882568359375 10.378381729125976563 10.454476356506347656 10.543440818786621094 10.621373176574707031 10.65245819091796875 10.742399215698242188 10.930842399597167969 11.250514984130859375 11.696595191955566406 12.0790557861328125 12.341522216796875 12.538805961608886719 12.696271896362304688 12.739164352416992188 12.7502899169921875
11.393132209777832031 11.325844764709472656 11.269223213195800781 11.286025047302246094 11.353875160217285156 11.478513717651367188 11.614238739013671875 11.748659133911132813 11.842722892761230469 11.857952117919921875 11.81836700439453125 11.739217758178710938 11.625 11.472414970397949219 11.281787872314453125 11.072281837463378906 10.880750656127929688 10.738286972045898438 10.633539199829101563 10.582118034362792969 10.544428825378417969 10.470310211181640625 10.345837593078613281 10.225965499877929688 10.210479736328125 10.276500701904296875 10.394773483276367188 10.5190277099609375 10.582796096801757813 10.634259223937988281 10.645550727844238281 10.732713699340820313 10.969748497009277344 11.369843482971191406 11.7599029541015625 12.020707130432128906 12.279028892517089844 12.502166748046875 12.656259536743164063 12.748673439025878906
11.422671318054199219 11.362170219421386719 11.261248588562011719 11.210307121276855469 11.235589027404785156 11.318515777587890625 11.435634613037109375 11.57433319091796875 11.70139312744140625 11.804670333862304688 11.862986564636230469 11.873127937316894531 11.854879379272460938 11.786791801452636719 11.696093559265136719 11.584630966186523438 11.437818527221679688 11.277558326721191406 11.119092941284179688 10.967458724975585938 10.831819534301757813 10.693403244018554688 10.549573898315429688 10.42185211181640625 10.329487800598144531 10.351118087768554688 10.455602645874023438 10.545210838317871094 10.643271446228027344 10.653087615966796875 10.616154670715332031 10.576785087585449219 10.691588401794433594 10.98040008544921875 11.351535797119140625 11.590703964233398438 11.815424919128417969 12.099120140075683594 12.330282211303710938 12.496326446533203125
11.584028244018554688 11.560393333435058594 11.487662315368652344 11.406129837036132813 11.363245010375976563 11.385263442993164063 11.441071510314941406 11.533496856689453125 11.646204948425292969 11.7410888671875 11.8112640380859375 11.858414649963378906 11.874837875366210938 11.860756874084472656 11.830216407775878906 11.797080039978027344 11.752171516418457031 11.701933860778808594 11.629085540771484375 11.549122810363769531 11.440756797790527344 11.30809783935546875 11.143838882446289063 10.976596832275390625 10.821336746215820313 10.723996162414550781 10.705594062805175781 10.697676658630371094 10.73720550537109375 10.711977958679199219 10.6219940185546875 10.540536880493164063 10.558466911315917969 10.725823402404785156 11.046346664428710938 11.277400970458984375 11.461668014526367188 11.714338302612304688 12.01680755615234375 12.307084083557128906
11.700115203857421875 11.622407913208007813 11.553331375122070313 11.45505523681640625 11.419524192810058594 11.452360153198242188 11.526795387268066406 11.665557861328125 11.830655097961425781 11.974129676818847656 12.078807830810546875 12.1397552490234375 12.16178131103515625 12.127576828002929688 12.034358024597167969 11.936574935913085938 11.855470657348632813 11.78659820556640625 11.745631217956542969 11.743170738220214844 11.723377227783203125 11.685660362243652344 11.647134780883789063 11.580610275268554688 11.470791816711425781 11.33882904052734375 11.225164413452148438 11.093642234802246094 10.951954841613769531 10.878632545471191406 10.727807044982910156 10.602766990661621094 10.550344467163085938 10.593969345092773438 10.790758132934570313 10.995763778686523438 11.172104835510253906 11.4230499267578125 11.706827163696289063 12.014122962951660156
11.584856033325195313 11.534208297729492188 11.483302116394042969 11.489490509033203125 11.512473106384277344 11.525452613830566406 11.584490776062011719 11.716370582580566406 11.906342506408691406 12.090898513793945313 12.227965354919433594 12.310821533203125 12.356519699096679688 12.368332862854003906 12.304392814636230469 12.182413101196289063 12.0772247314453125 11.975299835205078125 11.888332366943359375 11.843384742736816406 11.804895401000976563 11.743605613708496094 11.701086997985839844 11.688679695129394531 11.666823387145996094 11.602849960327148438 11.515993118286132813 11.383697509765625 11.1789703369140625 10.99074554443359375 10.834600448608398438 10.701735496520996094 10.611255645751953125 10.636811256408691406 10.715854644775390625 10.843117713928222656 10.985137939453125 11.205699920654296875 11.461149215698242188 11.732716560363769531
11.765370368957519531 11.764593124389648438 11.734597206115722656 11.739063262939453125 11.768984794616699219 11.839879989624023438 11.924163818359375 12.032855033874511719 12.181138992309570313 12.3078155517578125 12.441065788269042969 12.511960983276367188 12.501338958740234375 12.48055267333984375 12.3816680908203125 12.193269729614257813 12.064330101013183594 12.013057708740234375 11.993061065673828125 11.999592781066894531 11.982572555541992188 11.965065956115722656 11.900244712829589844 11.813887596130371094 11.756875038146972656 11.717432975769042969 11.659295082092285156 11.550648689270019531 11.342967987060546875 11.135334968566894531 10.91297149658203125 10.756925582885742188 10.722767829895019531 10.715945243835449219 10.699677467346191406 10.747089385986328125 10.859025001525878906 11.061232566833496094 11.356780052185058594 11.607962608337402344
12.079744338989257813 12.02593994140625 11.95752716064453125 11.961365699768066406 11.946484565734863281 11.973064422607421875 12.04264068603515625 12.150206565856933594 12.319972038269042969 12.418265342712402344 12.549030303955078125 12.604481697082519531 12.555631637573242188 12.53284454345703125 12.426092147827148438 12.201992034912109375 12.089676856994628906 12.126301765441894531 12.18498992919921875 12.246860504150390625 12.231601715087890625 12.162913322448730469 12.115774154663085938 12.003397941589355469 11.886748313903808594 11.83927154541015625 11.780841827392578125 11.694283485412597656 11.520766258239746094 11.296315193176269531 11.055797576904296875 10.872845649719238281 10.840692520141601563 10.807897567749023438 10.705433845520019531 10.664784431457519531 10.731842994689941406 10.903715133666992188 11.19127655029296875 11.479889869689941406
12.35520172119140625 12.289221763610839844 12.186646461486816406 12.166172981262207031 12.132959365844726563 12.175589561462402344 12.252656936645507813 12.331612586975097656 12.457102775573730469 12.499585151672363281 12.626028060913085938 12.652220726013183594 12.602293014526367188 12.609919548034667969 12.45639801025390625 12.205536842346191406 12.188181877136230469 12.33905029296875 12.449725151062011719 12.496460914611816406 12.472102165222167969 12.368413925170898438 12.298151016235351563 12.184182167053222656 12.027238845825195313 11.937005043029785156 11.863285064697265625 11.767638206481933594 11.609522819519042969 11.403906822204589844 11.173769950866699219 10.984264373779296875 10.933704376220703125 10.886359214782714844 10.77462005615234375 10.653262138366699219 10.649717330932617188 10.81517791748046875 11.092070579528808594 11.411564826965332031
12.466704368591308594 12.450247764587402344 12.352552413940429688 12.375426292419433594 12.354655265808105469 12.408360481262207031 12.451539993286132813 12.474625587463378906 12.565833091735839844 12.57794189453125 12.692659378051757813 12.689006805419921875 12.699316024780273438 12.715658187866210938 12.487287521362304688 12.291622161865234375 12.394402503967285156 12.553767204284667969 12.589718818664550781 12.545854568481445313 12.472653388977050781 12.396950721740722656 12.354696273803710938 12.297366142272949219 12.150187492370605469 12.035496711730957031 11.952845573425292969 11.84543609619140625 11.687748908996582031 11.480006217956542969 11.263768196105957031 11.090632438659667969 11.025629043579101563 10.947981834411621094 10.795146942138671875 10.654253959655761719 10.6540374755859375 10.832718849182128906 11.16220855712890625 11.464138984680175781
12.514188766479492188 12.526294708251953125 12.480602264404296875 12.512691497802734375 12.481741905212402344 12.515484809875488281 12.498973846435546875 12.5151824951171875 12.569774627685546875 12.5498046875 12.658197402954101563 12.642202377319335938 12.687207221984863281 12.686190605163574219 12.443380355834960938 12.349102020263671875 12.511068344116210938 12.608916282653808594 12.567922592163085938 12.475084304809570313 12.402118682861328125 12.362875938415527344 12.344097137451171875 12.318035125732421875 12.216352462768554688 12.104561805725097656 12.0240478515625 11.898095130920410156 11.739651679992675781 11.522268295288085938 11.326932907104492188 11.165699958801269531 11.075992584228515625 10.957365989685058594 10.780970573425292969 10.6551361083984375 10.711263656616210938 10.963173866271972656 11.294603347778320313 11.577524185180664063
12.665360450744628906 12.66275787353515625 12.627584457397460938 12.6069793701171875 12.541852951049804688 12.532277107238769531 12.461711883544921875 12.47939300537109375 12.4481353759765625 12.469517707824707031 12.541653633117675781 12.496063232421875 12.58998870849609375 12.521673202514648438 12.320911407470703125 12.372561454772949219 12.552930831909179688 12.599612236022949219 12.552396774291992188 12.508017539978027344 12.490991592407226563 12.488446235656738281 12.469645500183105469 12.397582054138183594 12.267598152160644531 12.140313148498535156 12.033463478088378906 11.924159049987792969 11.765043258666992188 11.563849449157714844 11.364736557006835938 11.213822364807128906 11.090379714965820313 10.955117225646972656 10.799951553344726563 10.716845512390136719 10.854939460754394531 11.151139259338378906 11.469305038452148438 11.694843292236328125
12.765920639038085938 12.666472434997558594 12.625943183898925781 12.547784805297851563 12.487794876098632813 12.468741416931152344 12.387067794799804688 12.381123542785644531 12.309373855590820313 12.350775718688964844 12.298984527587890625 12.299924850463867188 12.395562171936035156 12.261312484741210938 12.245165824890136719 12.45975494384765625 12.599985122680664063 12.583883285522460938 12.513650894165039063 12.460103034973144531 12.441494941711425781 12.4539794921875 12.480874061584472656 12.451272010803222656 12.333448410034179688 12.19168853759765625 12.063817977905273438 11.942042350769042969 11.808424949645996094 11.649958610534667969 11.482420921325683594 11.318386077880859375 11.1624603271484375 11.026765823364257813 10.905317306518554688 10.927944183349609375 11.172909736633300781 11.460497856140136719 11.654208183288574219 11.789410591125488281
