MapLinkProApp/griddata/temperature/ASCII/cmems_mod_glo_phy-thetao_anfc_0,083deg_P1D-m_1702458667101_55,8.asc
ncols        121
nrows        120
xllcorner    -30.041666666667
yllcorner    40.041666655981
cellsize     0.083333333333
NODATA_value  9.9692099683868690468e+36
[rows 54 to 71 of 120, columns 40 to 79 of 121]
14.710661888122558594 14.810991287231445313 14.851914405822753906 14.7561187744140625 14.517260551452636719 14.385855674743652344 14.575883865356445313 14.931943893432617188 15.2300262451171875 15.383687973022460938 15.355434417724609375 15.261502265930175781 15.266161918640136719 15.273363113403320313 15.20632171630859375 15.164912223815917969 15.065640449523925781 14.939217567443847656 14.868826866149902344 14.901773452758789063 15.048952102661132813 15.252321243286132813 15.3959503173828125 15.486479759216308594 15.642812728881835938 15.858997344970703125 15.996348381042480469 16.03533172607421875 16.0213623046875 15.994666099548339844 15.997090339660644531 16.03437042236328125 16.079559326171875 16.10265350341796875 16.089746475219726563 16.048418045043945313 15.997736930847167969 15.949155807495117188 15.9149932861328125 15.894568443298339844
14.783748626708984375 14.838023185729980469 14.900996208190917969 14.826169013977050781 14.577689170837402344 14.400312423706054688 14.511219024658203125 14.815880775451660156 15.104436874389648438 15.221867561340332031 15.152622222900390625 15.119443893432617188 15.237078666687011719 15.323835372924804688 15.343830108642578125 15.35772705078125 15.246060371398925781 15.049288749694824219 14.882268905639648438 14.817553520202636719 14.89373016357421875 15.087738037109375 15.271464347839355469 15.425200462341308594 15.649205207824707031 15.920058250427246094 16.065496444702148438 16.10643768310546875 16.1026153564453125 16.081958770751953125 16.082698822021484375 16.105373382568359375 16.13355255126953125 16.142368316650390625 16.12999725341796875 16.1009979248046875 16.067173004150390625 16.035106658935546875 16.01007080078125 15.989390373229980469
14.849940299987792969 14.858111381530761719 14.955617904663085938 14.923237800598144531 14.663632392883300781 14.42702484130859375 14.4447784423828125 14.677786827087402344 14.9390716552734375 15.0458221435546875 15.000957489013671875 15.031839370727539063 15.203597068786621094 15.347573280334472656 15.4331207275390625 15.467617034912109375 15.354215621948242188 15.138609886169433594 14.938761711120605469 14.811326980590820313 14.811895370483398438 14.967740058898925781 15.188515663146972656 15.389170646667480469 15.642068862915039063 15.951537132263183594 16.124599456787109375 16.145687103271484375 16.133508682250976563 16.112829208374023438 16.097537994384765625 16.097791671752929688 16.102382659912109375 16.094640731811523438 16.071010589599609375 16.038656234741210938 16.00809478759765625 15.981739997863769531 15.955830574035644531 15.939434051513671875
14.923315048217773438 14.895631790161132813 14.995100975036621094 15.066423416137695313 14.853310585021972656 14.538038253784179688 14.4142913818359375 14.530805587768554688 14.740265846252441406 14.845676422119140625 14.829682350158691406 14.889748573303222656 15.079349517822265625 15.273287773132324219 15.426544189453125 15.471304893493652344 15.327478408813476563 15.101942062377929688 14.928315162658691406 14.820796012878417969 14.785200119018554688 14.877463340759277344 15.070798873901367188 15.299178123474121094 15.595883369445800781 15.940810203552246094 16.148969650268554688 16.174861907958984375 16.148252487182617188 16.113676071166992188 16.083042144775390625 16.066286087036132813 16.050281524658203125 16.029340744018554688 15.992884635925292969 15.95293426513671875 15.919764518737792969 15.895982742309570313 15.882427215576171875 15.895206451416015625
14.91204071044921875 14.921919822692871094 15.017841339111328125 15.148897171020507813 15.064673423767089844 14.7307586669921875 14.467753410339355469 14.437838554382324219 14.573017120361328125 14.685032844543457031 14.690227508544921875 14.737009048461914063 14.909510612487792969 15.148259162902832031 15.369152069091796875 15.394124031066894531 15.168131828308105469 14.921555519104003906 14.81931304931640625 14.795989036560058594 14.774495124816894531 14.820143699645996094 14.993402481079101563 15.250433921813964844 15.576959609985351563 15.940155029296875 16.173931121826171875 16.1973724365234375 16.149484634399414063 16.086191177368164063 16.03192901611328125 16.006658554077148438 15.988249778747558594 15.965809822082519531 15.923984527587890625 15.888342857360839844 15.865802764892578125 15.861060142517089844 15.87895965576171875 15.907257080078125
14.995766639709472656 15.060756683349609375 15.120831489562988281 15.182646751403808594 15.202633857727050781 15.018494606018066406 14.704501152038574219 14.499668121337890625 14.487065315246582031 14.548406600952148438 14.562757492065429688 14.590631484985351563 14.746324539184570313 15.037450790405273438 15.29180145263671875 15.24983978271484375 14.960758209228515625 14.74320220947265625 14.716838836669921875 14.767151832580566406 14.778751373291015625 14.804171562194824219 14.958530426025390625 15.236638069152832031 15.583772659301757813 15.943513870239257813 16.182552337646484375 16.212141036987304688 16.15167236328125 16.065643310546875 15.99660491943359375 15.949297904968261719 15.925322532653808594 15.903655052185058594 15.880375862121582031 15.85910797119140625 15.854407310485839844 15.871595382690429688 15.898486137390136719 15.916118621826171875
15.155704498291015625 15.233328819274902344 15.254636764526367188 15.212305068969726563 15.178087234497070313 15.154773712158203125 15.023850440979003906 14.782452583312988281 14.599191665649414063 14.534322738647460938 14.504887580871582031 14.500492095947265625 14.6460113525390625 14.956664085388183594 15.14174652099609375 14.989381790161132813 14.724562644958496094 14.6162261962890625 14.677741050720214844 14.785125732421875 14.812523841857910156 14.818746566772460938 14.974951744079589844 15.280317306518554688 15.627288818359375 15.974581718444824219 16.207487106323242188 16.229572296142578125 16.152578353881835938 16.057832717895507813 15.986276626586914063 15.928313255310058594 15.890104293823242188 15.87590789794921875 15.860567092895507813 15.867116928100585938 15.87717437744140625 15.891071319580078125 15.893527030944824219 15.864261627197265625
15.333963394165039063 15.3744659423828125 15.402058601379394531 15.348852157592773438 15.21918487548828125 15.114277839660644531 15.042285919189453125 14.915966987609863281 14.760958671569824219 14.635120391845703125 14.541846275329589844 14.497773170471191406 14.593469619750976563 14.8059844970703125 14.881031990051269531 14.730986595153808594 14.5951690673828125 14.611983299255371094 14.732983589172363281 14.853106498718261719 14.864808082580566406 14.85977935791015625 15.028543472290039063 15.339885711669921875 15.6717529296875 16.005130767822265625 16.2271881103515625 16.240367889404296875 16.146198272705078125 16.04901123046875 15.986967086791992188 15.936230659484863281 15.894361495971679688 15.88193511962890625 15.873036384582519531 15.880340576171875 15.885227203369140625 15.879502296447753906 15.856424331665039063 15.814625740051269531
15.405553817749023438 15.403913497924804688 15.408553123474121094 15.423944473266601563 15.40171051025390625 15.276909828186035156 15.077550888061523438 14.89722442626953125 14.781064987182617188 14.702889442443847656 14.611783981323242188 14.535578727722167969 14.564936637878417969 14.651630401611328125 14.641432762145996094 14.562352180480957031 14.572911262512207031 14.699881553649902344 14.862260818481445313 14.947800636291503906 14.923265457153320313 14.919635772705078125 15.099122047424316406 15.403309822082519531 15.710679054260253906 16.03446197509765625 16.247766494750976563 16.252428054809570313 16.149278640747070313 16.047101974487304688 15.989344596862792969 15.944721221923828125 15.909955978393554688 15.896543502807617188 15.883184432983398438 15.882165908813476563 15.879906654357910156 15.867434501647949219 15.847315788269042969 15.815043449401855469
15.461894035339355469 15.45511627197265625 15.417401313781738281 15.383515357971191406 15.409810066223144531 15.443485260009765625 15.343146324157714844 15.098466873168945313 14.840317726135253906 14.669306755065917969 14.566457748413085938 14.510570526123046875 14.508452415466308594 14.512703895568847656 14.50171661376953125 14.559759140014648438 14.739706039428710938 14.942189216613769531 15.04213714599609375 15.036974906921386719 14.979398727416992188 14.995524406433105469 15.183099746704101563 15.462021827697753906 15.7510223388671875 16.0686492919921875 16.274135589599609375 16.2744140625 16.166826248168945313 16.062292098999023438 16.004421234130859375 15.964333534240722656 15.931681632995605469 15.911785125732421875 15.8902130126953125 15.878710746765136719 15.872325897216796875 15.858735084533691406 15.838134765625 15.807325363159179688
15.519784927368164063 15.508495330810546875 15.451857566833496094 15.394600868225097656 15.396204948425292969 15.454314231872558594 15.460210800170898438 15.319729804992675781 15.063149452209472656 14.804858207702636719 14.616707801818847656 14.522555351257324219 14.499386787414550781 14.512841224670410156 14.607967376708984375 14.819761276245117188 15.046553611755371094 15.153532028198242188 15.128058433532714844 15.05924224853515625 15.016103744506835938 15.068520545959472656 15.258304595947265625 15.514391899108886719 15.790151596069335938 16.100149154663085938 16.295640945434570313 16.28928375244140625 16.186201095581054688 16.086666107177734375 16.0243377685546875 15.987409591674804688 15.953099250793457031 15.92835235595703125 15.902709007263183594 15.882274627685546875 15.868923187255859375 15.853703498840332031 15.828725814819335938 15.807363510131835938
15.557659149169921875 15.531828880310058594 15.473300933837890625 15.447744369506835938 15.477519989013671875 15.5290374755859375 15.546476364135742188 15.484339714050292969 15.344252586364746094 15.165287017822265625 15.005247116088867188 14.912855148315429688 14.897210121154785156 14.964342117309570313 15.092577934265136719 15.200135231018066406 15.232519149780273438 15.192799568176269531 15.120078086853027344 15.082112312316894531 15.102444648742675781 15.19657135009765625 15.369172096252441406 15.586094856262207031 15.837611198425292969 16.132036209106445313 16.31261444091796875 16.297327041625976563 16.1984100341796875 16.104907989501953125 16.040845870971679688 16.002782821655273438 15.971083641052246094 15.942811012268066406 15.919424057006835938 15.891424179077148438 15.871028900146484375 15.853555679321289063 15.829941749572753906 15.816390037536621094
15.54514312744140625 15.5069122314453125 15.472758293151855469 15.478290557861328125 15.514031410217285156 15.543335914611816406 15.545136451721191406 15.516668319702148438 15.46610260009765625 15.406262397766113281 15.352024078369140625 15.313554763793945313 15.294261932373046875 15.286104202270507813 15.257176399230957031 15.209816932678222656 15.193048477172851563 15.201642036437988281 15.210906982421875 15.247821807861328125 15.313542366027832031 15.405305862426757813 15.524995803833007813 15.671777725219726563 15.880740165710449219 16.151613235473632813 16.324878692626953125 16.3057861328125 16.203840255737304688 16.115896224975585938 16.055515289306640625 16.016126632690429688 15.987165451049804688 15.959894180297851563 15.939768791198730469 15.917008399963378906 15.891852378845214844 15.868600845336914063 15.845796585083007813 15.831569671630859375
15.586431503295898438 15.511054039001464844 15.464105606079101563 15.454874992370605469 15.456126213073730469 15.439124107360839844 15.3993072509765625 15.350368499755859375 15.306189537048339844 15.273532867431640625 15.253384590148925781 15.2357635498046875 15.211590766906738281 15.194920539855957031 15.186507225036621094 15.191783905029296875 15.251814842224121094 15.342296600341796875 15.400696754455566406 15.450339317321777344 15.514037132263183594 15.581360816955566406 15.647176742553710938 15.727441787719726563 15.894314765930175781 16.13954925537109375 16.327875137329101563 16.32364654541015625 16.216474533081054688 16.11911773681640625 16.06122589111328125 16.02960205078125 15.997659683227539063 15.970057487487792969 15.946549415588378906 15.928297042846679688 15.907762527465820313 15.881348609924316406 15.853367805480957031 15.835198402404785156
15.782979965209960938 15.715106010437011719 15.612568855285644531 15.518482208251953125 15.447089195251464844 15.389251708984375 15.332244873046875 15.271361351013183594 15.214120864868164063 15.1638946533203125 15.130234718322753906 15.118773460388183594 15.117577552795410156 15.143204689025878906 15.2052764892578125 15.298460006713867188 15.432621955871582031 15.562322616577148438 15.626302719116210938 15.654717445373535156 15.690482139587402344 15.723642349243164063 15.736763954162597656 15.775328636169433594 15.888124465942382813 16.089874267578125 16.307098388671875 16.34537506103515625 16.242547988891601563 16.119226455688476563 16.0465087890625 16.0237274169921875 16.002872467041015625 15.973299980163574219 15.942190170288085938 15.916016578674316406 15.892938613891601563 15.866818428039550781 15.848942756652832031 15.859307289123535156
15.771574974060058594 15.804721832275390625 15.818541526794433594 15.808957099914550781 15.7687835693359375 15.705457687377929688 15.633877754211425781 15.554988861083984375 15.486025810241699219 15.428599357604980469 15.377655982971191406 15.347425460815429688 15.348244667053222656 15.3923797607421875 15.474697113037109375 15.58251190185546875 15.717453956604003906 15.838001251220703125 15.883316993713378906 15.871850013732910156 15.86577606201171875 15.869081497192382813 15.845110893249511719 15.832386970520019531 15.879927635192871094 16.0116119384765625 16.232431411743164063 16.352659225463867188 16.282352447509765625 16.136838912963867188 16.0354156494140625 16.00958251953125 15.995121002197265625 15.968857765197753906 15.928547859191894531 15.888826370239257813 15.872686386108398438 15.874553680419921875 15.897721290588378906 15.944239616394042969
15.969003677368164063 15.947202682495117188 15.956311225891113281 15.979883193969726563 15.999444007873535156 16.000675201416015625 15.983304977416992188 15.941453933715820313 15.887613296508789063 15.832080841064453125 15.7714385986328125 15.722303390502929688 15.694956779479980469 15.698879241943359375 15.738446235656738281 15.811674118041992188 15.92461395263671875 16.044277191162109375 16.098237991333007813 16.070505142211914063 16.026140213012695313 16.0005340576171875 15.954522132873535156 15.915289878845214844 15.928302764892578125 15.987077713012695313 16.1571197509765625 16.332841873168945313 16.305139541625976563 16.151620864868164063 16.033018112182617188 16.001035690307617188 15.989254951477050781 15.963794708251953125 15.925065040588378906 15.888919830322265625 15.890919685363769531 15.92847442626953125 15.98336029052734375 16.022909164428710938
16.764310836791992188 16.728322982788085938 16.7129364013671875 16.704944610595703125 16.6925201416015625 16.670261383056640625 16.6320343017578125 16.576982498168945313 16.508127212524414063 16.424448013305664063 16.326772689819335938 16.224058151245117188 16.141948699951171875 16.103788375854492188 16.115474700927734375 16.181531906127929688 16.281724929809570313 16.386346817016601563 16.451282501220703125 16.42215728759765625 16.337116241455078125 16.26088714599609375 16.182271957397460938 16.121166229248046875 16.102886199951171875 16.090618133544921875 16.157512664794921875 16.309255599975585938 16.317047119140625 16.15695953369140625 16.02663421630859375 15.995122909545898438 15.982079505920410156 15.9542236328125 15.927201271057128906 15.920996665954589844 15.954526901245117188 15.999888420104980469 16.025157928466796875 16.028890609741210938
