MapLinkProApp/griddata/temperature/ASCII/cmems_mod_glo_phy-thetao_anfc_0,083deg_P1D-m_1702458667101_55,8.asc
ncols        121
nrows        120
xllcorner    -30.041666666667
yllcorner    40.041666655981
cellsize     0.083333333333
NODATA_value  9.9692099683868690468e+36
[rows 0 to 17 of 120, columns 40 to 79 of 121]
12.148149490356445313 12.172278404235839844 12.194701194763183594 12.195340156555175781 12.176674842834472656 12.147212982177734375 12.114362716674804688 12.0781097412109375 12.041097640991210938 12.00353240966796875 11.935739517211914063 11.833142280578613281 11.716771125793457031 11.648196220397949219 11.656833648681640625 11.64348602294921875 11.661584854125976563 11.784998893737792969 11.89156341552734375 11.882131576538085938 11.763899803161621094 11.683463096618652344 11.691578865051269531 11.749121665954589844 11.81209564208984375 11.850661277770996094 11.852702140808105469 11.821618080139160156 11.782354354858398438 11.78073883056640625 11.840669631958007813 11.969789505004882813 12.155423164367675781 12.363454818725585938 12.553264617919921875 12.707637786865234375 12.840860366821289063 12.883112907409667969 12.905180931091308594 12.818411827087402344
12.111040115356445313 12.137914657592773438 12.185496330261230469 12.19695281982421875 12.171675682067871094 12.128002166748046875 12.0815887451171875 12.041543960571289063 12.010222434997558594 11.967409133911132813 11.895587921142578125 11.803547859191894531 11.7169342041015625 11.678117752075195313 11.668375968933105469 11.644413948059082031 11.676520347595214844 11.788701057434082031 11.874588966369628906 11.882454872131347656 11.812261581420898438 11.7607574462890625 11.768649101257324219 11.810557365417480469 11.840090751647949219 11.837249755859375 11.800326347351074219 11.750493049621582031 11.739787101745605469 11.811687469482421875 11.964728355407714844 12.175899505615234375 12.417476654052734375 12.651116371154785156 12.842837333679199219 12.998511314392089844 13.100562095642089844 13.158015251159667969 13.214774131774902344 13.178187370300292969
12.064849853515625 12.1478424072265625 12.185903549194335938 12.173457145690917969 12.124792098999023438 12.065065383911132813 12.019428253173828125 11.990466117858886719 11.968176841735839844 11.923352241516113281 11.85807037353515625 11.784727096557617188 11.711714744567871094 11.679255485534667969 11.656800270080566406 11.645195960998535156 11.691527366638183594 11.786080360412597656 11.854622840881347656 11.876134872436523438 11.861422538757324219 11.837479591369628906 11.8280487060546875 11.828103065490722656 11.814228057861328125 11.771092414855957031 11.717730522155761719 11.702951431274414063 11.774327278137207031 11.939340591430664063 12.161772727966308594 12.404871940612792969 12.633118629455566406 12.829309463500976563 12.979417800903320313 13.087703704833984375 13.186187744140625 13.268136024475097656 13.331134796142578125 13.374772071838378906
12.059655189514160156 12.125539779663085938 12.123282432556152344 12.088870048522949219 12.035475730895996094 11.9881439208984375 11.960293769836425781 11.944130897521972656 11.918839454650878906 11.871868133544921875 11.814409255981445313 11.759593009948730469 11.712897300720214844 11.678012847900390625 11.647923469543457031 11.645017623901367188 11.683780670166015625 11.748323440551757813 11.793676376342773438 11.811591148376464844 11.811581611633300781 11.803044319152832031 11.7869720458984375 11.762824058532714844 11.721372604370117188 11.675397872924804688 11.660941123962402344 11.721065521240234375 11.879189491271972656 12.108969688415527344 12.352322578430175781 12.571239471435546875 12.73789215087890625 12.868510246276855469 12.96782684326171875 13.065487861633300781 13.218234062194824219 13.329281806945800781 13.384416580200195313 13.493468284606933594
11.968098640441894531 11.982784271240234375 11.962065696716308594 11.936127662658691406 11.913112640380859375 11.90264892578125 11.895845413208007813 11.883542060852050781 11.852499961853027344 11.805131912231445313 11.754572868347167969 11.710741996765136719 11.677946090698242188 11.653341293334960938 11.625469207763671875 11.606337547302246094 11.604256629943847656 11.615360260009765625 11.624981880187988281 11.630260467529296875 11.628794670104980469 11.627175331115722656 11.623090744018554688 11.621002197265625 11.625957489013671875 11.657471656799316406 11.735585212707519531 11.882883071899414063 12.091162681579589844 12.312100410461425781 12.502297401428222656 12.639060020446777344 12.723194122314453125 12.808829307556152344 12.897389411926269531 13.0252532958984375 13.2344207763671875 13.384733200073242188 13.471517562866210938 13.584089279174804688
11.873828887939453125 11.860611915588378906 11.831714630126953125 11.796456336975097656 11.779305458068847656 11.769533157348632813 11.75362396240234375 11.727978706359863281 11.703555107116699219 11.680210113525390625 11.663554191589355469 11.663038253784179688 11.665861129760742188 11.674456596374511719 11.685960769653320313 11.698453903198242188 11.712031364440917969 11.723766326904296875 11.734350204467773438 11.746094703674316406 11.757551193237304688 11.775691986083984375 11.801225662231445313 11.845464706420898438 11.91120147705078125 12.008912086486816406 12.138042449951171875 12.290863037109375 12.441190719604492188 12.555362701416015625 12.62397003173828125 12.661153793334960938 12.700118064880371094 12.79102325439453125 12.906004905700683594 13.064284324645996094 13.291254043579101563 13.485899925231933594 13.641757965087890625 13.742636680603027344
11.773516654968261719 11.759706497192382813 11.736460685729980469 11.713788032531738281 11.716365814208984375 11.749484062194824219 11.811150550842285156 11.897039413452148438 11.957831382751464844 11.990040779113769531 12.066267967224121094 12.145685195922851563 12.220437049865722656 12.279517173767089844 12.332020759582519531 12.378763198852539063 12.423808097839355469 12.460110664367675781 12.4849853515625 12.500874519348144531 12.506120681762695313 12.508417129516601563 12.508227348327636719 12.516257286071777344 12.531263351440429688 12.559597015380859375 12.595246315002441406 12.632421493530273438 12.66098785400390625 12.677706718444824219 12.696732521057128906 12.732081413269042969 12.800628662109375 12.919274330139160156 13.045587539672851563 13.200398445129394531 13.394982337951660156 13.580595016479492188 13.763263702392578125 13.843091011047363281
11.71063232421875 11.697018623352050781 11.710432052612304688 11.774319648742675781 11.9167022705078125 12.122269630432128906 12.282480239868164063 12.471283912658691406 12.596659660339355469 12.596407890319824219 12.589789390563964844 12.562424659729003906 12.53223419189453125 12.541742324829101563 12.607148170471191406 12.714386940002441406 12.834093093872070313 12.941706657409667969 13.026696205139160156 13.080399513244628906 13.108561515808105469 13.1126556396484375 13.100057601928710938 13.077922821044921875 13.048032760620117188 13.018162727355957031 12.989749908447265625 12.972939491271972656 12.96668243408203125 12.972808837890625 13.000056266784667969 13.046980857849121094 13.116797447204589844 13.21048736572265625 13.303798675537109375 13.432702064514160156 13.581180572509765625 13.743068695068359375 13.899099349975585938 13.909623146057128906
11.689911842346191406 11.705373764038085938 11.777976036071777344 11.943300247192382813 12.20238494873046875 12.47173309326171875 12.609380722045898438 12.637844085693359375 12.569232940673828125 12.480565071105957031 12.412858009338378906 12.379810333251953125 12.449839591979980469 12.635298728942871094 12.896742820739746094 13.161845207214355469 13.389860153198242188 13.563232421875 13.684706687927246094 13.7566680908203125 13.791387557983398438 13.792153358459472656 13.770646095275878906 13.732893943786621094 13.681112289428710938 13.621124267578125 13.556982040405273438 13.50183868408203125 13.45384979248046875 13.418894767761230469 13.403052330017089844 13.403242111206054688 13.427265167236328125 13.47455596923828125 13.549885749816894531 13.673924446105957031 13.807810783386230469 13.942610740661621094 14.031915664672851563 13.940976142883300781
11.777963638305664063 11.770894050598144531 11.877244949340820313 12.104466438293457031 12.373174667358398438 12.5641326904296875 12.63060760498046875 12.517215728759765625 12.285585403442382813 12.193017959594726563 12.209946632385253906 12.438257217407226563 12.822171211242675781 13.23152923583984375 13.597672462463378906 13.880969047546386719 14.081705093383789063 14.206377983093261719 14.270306587219238281 14.296109199523925781 14.305683135986328125 14.300345420837402344 14.2918853759765625 14.275820732116699219 14.252567291259765625 14.217558860778808594 14.172904014587402344 14.118796348571777344 14.055858612060546875 13.992694854736328125 13.931366920471191406 13.881269454956054688 13.853740692138671875 13.844207763671875 13.884968757629394531 13.962450027465820313 14.047745704650878906 14.121389389038085938 14.070321083068847656 13.924683570861816406
11.862415313720703125 11.861746788024902344 11.98171234130859375 12.181497573852539063 12.406787872314453125 12.58032989501953125 12.573857307434082031 12.336969375610351563 12.162110328674316406 12.143192291259765625 12.340367317199707031 12.818728446960449219 13.291346549987792969 13.701298713684082031 14.02639007568359375 14.246229171752929688 14.373920440673828125 14.394989967346191406 14.386803627014160156 14.369129180908203125 14.343321800231933594 14.324980735778808594 14.321234703063964844 14.32711029052734375 14.335785865783691406 14.340765953063964844 14.334650039672851563 14.312932014465332031 14.282233238220214844 14.239040374755859375 14.191615104675292969 14.150114059448242188 14.111949920654296875 14.100937843322753906 14.140048027038574219 14.187002182006835938 14.224919319152832031 14.179142951965332031 14.018059730529785156 13.884792327880859375
12.109683990478515625 12.193075180053710938 12.312802314758300781 12.446240425109863281 12.568854331970214844 12.586796760559082031 12.413064956665039063 12.207631111145019531 12.136580467224121094 12.30930328369140625 12.845132827758789063 13.365629196166992188 13.811517715454101563 14.165052413940429688 14.371686935424804688 14.424422264099121094 14.384842872619628906 14.311017036437988281 14.237038612365722656 14.178316116333007813 14.138486862182617188 14.1414947509765625 14.179827690124511719 14.233628273010253906 14.285681724548339844 14.328694343566894531 14.355907440185546875 14.36936187744140625 14.371985435485839844 14.360465049743652344 14.3372039794921875 14.305714607238769531 14.2785186767578125 14.273991584777832031 14.283205032348632813 14.290701866149902344 14.2559967041015625 14.10825347900390625 13.926001548767089844 13.771576881408691406
12.458107948303222656 12.520862579345703125 12.558149337768554688 12.594789505004882813 12.580563545227050781 12.420164108276367188 12.238728523254394531 12.160826683044433594 12.199000358581542969 12.719908714294433594 13.328680038452148438 13.819622039794921875 14.214142799377441406 14.431332588195800781 14.444220542907714844 14.357110977172851563 14.226878166198730469 14.119640350341796875 14.041920661926269531 13.992305755615234375 13.987175941467285156 14.029494285583496094 14.105987548828125 14.200749397277832031 14.288877487182617188 14.359769821166992188 14.409756660461425781 14.438576698303222656 14.445788383483886719 14.4340362548828125 14.40960693359375 14.383847236633300781 14.366959571838378906 14.362242698669433594 14.359804153442382813 14.310968399047851563 14.148838043212890625 13.923298835754394531 13.744315147399902344 13.658008575439453125
12.378514289855957031 12.297275543212890625 12.270386695861816406 12.303915023803710938 12.253455162048339844 12.179640769958496094 12.221410751342773438 12.231925010681152344 12.596538543701171875 13.240342140197753906 13.755670547485351563 14.169528961181640625 14.434078216552734375 14.473183631896972656 14.361932754516601563 14.213908195495605469 14.115543365478515625 14.055614471435546875 14.006217002868652344 13.978033065795898438 13.99636077880859375 14.059633255004882813 14.151325225830078125 14.263111114501953125 14.35630035400390625 14.420085906982421875 14.442958831787109375 14.438874244689941406 14.421746253967285156 14.402695655822753906 14.391495704650878906 14.391854286193847656 14.401793479919433594 14.407094001770019531 14.362641334533691406 14.213997840881347656 13.981195449829101563 13.77219390869140625 13.676428794860839844 13.721393585205078125
12.111743927001953125 12.111330986022949219 12.215636253356933594 12.311493873596191406 12.314603805541992188 12.376687049865722656 12.39218902587890625 12.508687973022460938 13.131513595581054688 13.701825141906738281 14.149514198303222656 14.449252128601074219 14.514758110046386719 14.372801780700683594 14.202954292297363281 14.136455535888671875 14.130899429321289063 14.106110572814941406 14.050242424011230469 14.023906707763671875 14.050477981567382813 14.127640724182128906 14.2311553955078125 14.309743881225585938 14.344799995422363281 14.350077629089355469 14.34658050537109375 14.35166168212890625 14.368879318237304688 14.397076606750488281 14.429922103881835938 14.459081649780273438 14.462228775024414063 14.397412300109863281 14.232575416564941406 13.996056556701660156 13.784413337707519531 13.689682960510253906 13.737921714782714844 13.804615974426269531
12.188014984130859375 12.353018760681152344 12.530307769775390625 12.597002029418945313 12.595381736755371094 12.571131706237792969 12.536378860473632813 12.871993064880371094 13.494215965270996094 14.0134429931640625 14.3670501708984375 14.525183677673339844 14.474260330200195313 14.269421577453613281 14.163004875183105469 14.170729637145996094 14.206717491149902344 14.167989730834960938 14.085296630859375 14.06102752685546875 14.094331741333007813 14.158002853393554688 14.216393470764160156 14.253201484680175781 14.280882835388183594 14.317439079284667969 14.365372657775878906 14.413909912109375 14.458482742309570313 14.494072914123535156 14.518960952758789063 14.517615318298339844 14.450865745544433594 14.289929389953613281 14.056911468505859375 13.829598426818847656 13.707661628723144531 13.74188232421875 13.869168281555175781 13.926250457763671875
12.435399055480957031 12.649824142456054688 12.754241943359375 12.764533042907714844 12.699542999267578125 12.572253227233886719 12.684095382690429688 13.337866783142089844 13.950732231140136719 14.327856063842773438 14.524851799011230469 14.535677909851074219 14.358043670654296875 14.173715591430664063 14.171770095825195313 14.251645088195800781 14.299137115478515625 14.25177001953125 14.149554252624511719 14.116883277893066406 14.142653465270996094 14.196137428283691406 14.26743316650390625 14.351655960083007813 14.4396514892578125 14.516599655151367188 14.563146591186523438 14.589392662048339844 14.5981903076171875 14.591343879699707031 14.557043075561523438 14.467203140258789063 14.308149337768554688 14.096036911010742188 13.8809051513671875 13.740938186645507813 13.743479728698730469 13.85858917236328125 13.93572998046875 13.955056190490722656
12.555088996887207031 12.723232269287109375 12.7874908447265625 12.782795906066894531 12.652066230773925781 12.59510040283203125 13.071908950805664063 13.757585525512695313 14.228181838989257813 14.47528839111328125 14.564596176147460938 14.490973472595214844 14.28366851806640625 14.142124176025390625 14.205427169799804688 14.303699493408203125 14.363872528076171875 14.346147537231445313 14.253779411315917969 14.219661712646484375 14.253870010375976563 14.333794593811035156 14.445975303649902344 14.551900863647460938 14.628993988037109375 14.646974563598632813 14.646215438842773438 14.629560470581054688 14.603624343872070313 14.557229995727539063 14.46343231201171875 14.316127777099609375 14.128151893615722656 13.930215835571289063 13.773949623107910156 13.721714019775390625 13.793487548828125 13.896425247192382813 13.91231536865234375 13.87823486328125
