MapLinkProApp/griddata/temperature/ASCII/cmems_mod_glo_phy-thetao_anfc_0,083deg_P1D-m_1702458667101_55,8.asc
ncols        121
nrows        120
xllcorner    -30.041666666667
yllcorner    40.041666655981
cellsize     0.083333333333
NODATA_value  9.9692099683868690468e+36
[rows 54 to 71 of 120, columns 80 to 119 of 121]
15.8910064697265625 15.896259307861328125 15.912777900695800781 15.923754692077636719 15.922907829284667969 15.905992507934570313 15.871713638305664063 15.831037521362304688 15.788182258605957031 15.747986793518066406 15.730467796325683594 15.72168731689453125 15.723043441772460938 15.7178955078125 15.669872283935546875 15.629125595092773438 15.575750350952148438 15.477849006652832031 15.389776229858398438 15.352553367614746094 15.361843109130859375 15.395773887634277344 15.423160552978515625 15.445099830627441406 15.480621337890625 15.527834892272949219 15.540102005004882813 15.424664497375488281 15.109715461730957031 14.712101936340332031 14.366186141967773438 14.180436134338378906 14.139209747314453125 14.170157432556152344 14.132658004760742188 14.103176116943359375 14.368376731872558594 14.80560302734375 15.142962455749511719 15.32361602783203125
15.974497795104980469 15.960978507995605469 15.949838638305664063 15.929529190063476563 15.9008026123046875 15.863742828369140625 15.819416999816894531 15.776569366455078125 15.734063148498535156 15.706071853637695313 15.694593429565429688 15.686365127563476563 15.692637443542480469 15.677214622497558594 15.639071464538574219 15.616563796997070313 15.550359725952148438 15.453129768371582031 15.364235877990722656 15.294994354248046875 15.279973983764648438 15.324222564697265625 15.386606216430664063 15.441213607788085938 15.480649948120117188 15.495025634765625 15.461370468139648438 15.320338249206542969 15.041796684265136719 14.710230827331542969 14.432322502136230469 14.275220870971679688 14.213468551635742188 14.178899765014648438 14.192793846130371094 14.439814567565917969 14.863336563110351563 15.217010498046875 15.403899192810058594 15.466518402099609375
15.932835578918457031 15.925626754760742188 15.916803359985351563 15.897080421447753906 15.863924026489257813 15.820453643798828125 15.771577835083007813 15.728772163391113281 15.694315910339355469 15.67774200439453125 15.667478561401367188 15.663412094116210938 15.672593116760253906 15.650916099548339844 15.633554458618164063 15.631917953491210938 15.578459739685058594 15.513854026794433594 15.441723823547363281 15.320550918579101563 15.195408821105957031 15.122225761413574219 15.094168663024902344 15.08556365966796875 15.072858810424804688 15.034010887145996094 14.953198432922363281 14.821313858032226563 14.650675773620605469 14.480001449584960938 14.358013153076171875 14.317152976989746094 14.37857818603515625 14.558626174926757813 14.866399765014648438 15.207968711853027344 15.436571121215820313 15.487128257751464844 15.419292449951171875 15.319401741027832031
15.911281585693359375 15.91721343994140625 15.900457382202148438 15.853230476379394531 15.786335945129394531 15.723196983337402344 15.675748825073242188 15.645235061645507813 15.625833511352539063 15.619687080383300781 15.623321533203125 15.637334823608398438 15.646074295043945313 15.627858161926269531 15.643686294555664063 15.676087379455566406 15.656846046447753906 15.643587112426757813 15.641406059265136719 15.582262039184570313 15.460753440856933594 15.318347930908203125 15.186994552612304688 15.080700874328613281 14.992779731750488281 14.909578323364257813 14.823856353759765625 14.738765716552734375 14.671813011169433594 14.649827957153320313 14.702886581420898438 14.843477249145507813 15.066296577453613281 15.323131561279296875 15.513672828674316406 15.549734115600585938 15.430706024169921875 15.260869979858398438 15.184281349182128906 15.17804718017578125
15.920733451843261719 15.897957801818847656 15.819654464721679688 15.724118232727050781 15.64916229248046875 15.627414703369140625 15.64586639404296875 15.676805496215820313 15.672286033630371094 15.630401611328125 15.593608856201171875 15.583221435546875 15.5875091552734375 15.6063690185546875 15.67737579345703125 15.749733924865722656 15.769220352172851563 15.780358314514160156 15.805147171020507813 15.806330680847167969 15.769571304321289063 15.708577156066894531 15.633627891540527344 15.557951927185058594 15.490739822387695313 15.430768966674804688 15.380811691284179688 15.344144821166992188 15.325185775756835938 15.332280158996582031 15.37503814697265625 15.433420181274414063 15.478987693786621094 15.478209495544433594 15.406542778015136719 15.294819831848144531 15.206433296203613281 15.181366920471191406 15.201822280883789063 15.222681999206542969
15.892969131469726563 15.813246726989746094 15.718491554260253906 15.649401664733886719 15.633573532104492188 15.675953865051269531 15.759542465209960938 15.82089996337890625 15.833310127258300781 15.804264068603515625 15.708531379699707031 15.615767478942871094 15.576792716979980469 15.605846405029296875 15.715981483459472656 15.819921493530273438 15.869693756103515625 15.896055221557617188 15.912051200866699219 15.894768714904785156 15.82546234130859375 15.718119621276855469 15.610279083251953125 15.52509307861328125 15.460054397583007813 15.410084724426269531 15.376497268676757813 15.355395317077636719 15.337124824523925781 15.317575454711914063 15.295733451843261719 15.2676544189453125 15.237102508544921875 15.202096939086914063 15.162508964538574219 15.149538040161132813 15.179869651794433594 15.230032920837402344 15.25827789306640625 15.282633781433105469
15.800087928771972656 15.736048698425292969 15.685848236083984375 15.658648490905761719 15.656381607055664063 15.6985015869140625 15.788479804992675781 15.81725311279296875 15.803250312805175781 15.798476219177246094 15.738901138305664063 15.624980926513671875 15.565346717834472656 15.632945060729980469 15.787398338317871094 15.910175323486328125 15.965145111083984375 15.969890594482421875 15.928926467895507813 15.828579902648925781 15.684496879577636719 15.539179801940917969 15.422116279602050781 15.340219497680664063 15.286873817443847656 15.252505302429199219 15.231609344482421875 15.216742515563964844 15.199624061584472656 15.180176734924316406 15.161549568176269531 15.146240234375 15.132596015930175781 15.119781494140625 15.115410804748535156 15.137681961059570313 15.199122428894042969 15.26616668701171875 15.307335853576660156 15.332164764404296875
15.77513885498046875 15.742245674133300781 15.707544326782226563 15.696537017822265625 15.730422019958496094 15.805331230163574219 15.84677886962890625 15.759649276733398438 15.660202980041503906 15.641422271728515625 15.612217903137207031 15.591899871826171875 15.664618492126464844 15.816138267517089844 15.949021339416503906 16.012607574462890625 15.99742889404296875 15.916090965270996094 15.789518356323242188 15.6396331787109375 15.500553131103515625 15.394649505615234375 15.320623397827148438 15.274001121520996094 15.245726585388183594 15.226820945739746094 15.213685035705566406 15.20281982421875 15.190157890319824219 15.172357559204101563 15.151099205017089844 15.133305549621582031 15.123931884765625 15.123028755187988281 15.129698753356933594 15.152638435363769531 15.201715469360351563 15.254799842834472656 15.292551994323730469 15.308224678039550781
15.7817840576171875 15.74469757080078125 15.734375953674316406 15.780183792114257813 15.840842247009277344 15.88466644287109375 15.858358383178710938 15.731511116027832031 15.640545845031738281 15.649089813232421875 15.682652473449707031 15.759157180786132813 15.878201484680175781 15.979879379272460938 16.020664215087890625 15.991944313049316406 15.892754554748535156 15.76314544677734375 15.628045082092285156 15.509765625 15.421033859252929688 15.360981941223144531 15.31868743896484375 15.288854598999023438 15.267836570739746094 15.251916885375976563 15.23822021484375 15.221528053283691406 15.204993247985839844 15.189527511596679688 15.168462753295898438 15.150037765502929688 15.143553733825683594 15.144860267639160156 15.14579010009765625 15.150303840637207031 15.169307708740234375 15.193675994873046875 15.220167160034179688 15.237127304077148438
15.779923439025878906 15.781018257141113281 15.82376861572265625 15.885498046875 15.91269683837890625 15.919619560241699219 15.888895988464355469 15.7913665771484375 15.735546112060546875 15.806879997253417969 15.874602317810058594 15.926526069641113281 15.974630355834960938 15.98178863525390625 15.92971038818359375 15.824916839599609375 15.708479881286621094 15.600689888000488281 15.506351470947265625 15.435408592224121094 15.387188911437988281 15.354947090148925781 15.332584381103515625 15.315896034240722656 15.303828239440917969 15.286988258361816406 15.266017913818359375 15.250134468078613281 15.23954010009765625 15.225090980529785156 15.200644493103027344 15.176181793212890625 15.166578292846679688 15.171133041381835938 15.17804718017578125 15.180470466613769531 15.180783271789550781 15.180957794189453125 15.185894012451171875 15.196389198303222656
15.80405426025390625 15.833127975463867188 15.871738433837890625 15.911622047424316406 15.924856185913085938 15.933897972106933594 15.93187713623046875 15.8787689208984375 15.8249053955078125 15.900307655334472656 15.971247673034667969 15.974895477294921875 15.942397117614746094 15.853884696960449219 15.709258079528808594 15.578297615051269531 15.496431350708007813 15.443516731262207031 15.421441078186035156 15.415865898132324219 15.418656349182128906 15.425061225891113281 15.426127433776855469 15.42412567138671875 15.418639183044433594 15.403278350830078125 15.375061988830566406 15.34206390380859375 15.314813613891601563 15.287388801574707031 15.253010749816894531 15.224394798278808594 15.214945793151855469 15.222568511962890625 15.237301826477050781 15.2505035400390625 15.255674362182617188 15.24657440185546875 15.231050491333007813 15.217349052429199219
15.823048591613769531 15.842207908630371094 15.876192092895507813 15.910333633422851563 15.918433189392089844 15.92862701416015625 15.943233489990234375 15.923810005187988281 15.87276458740234375 15.917593955993652344 15.986616134643554688 15.970393180847167969 15.885878562927246094 15.726418495178222656 15.550782203674316406 15.465201377868652344 15.448740005493164063 15.462522506713867188 15.495404243469238281 15.520111083984375 15.539167404174804688 15.55390167236328125 15.556790351867675781 15.5521240234375 15.541906356811523438 15.517401695251464844 15.475617408752441406 15.424433708190917969 15.374856948852539063 15.330904960632324219 15.294867515563964844 15.276690483093261719 15.282765388488769531 15.307700157165527344 15.337558746337890625 15.357906341552734375 15.36072540283203125 15.337874412536621094 15.304574012756347656 15.283072471618652344
15.833826065063476563 15.850386619567871094 15.886683464050292969 15.912080764770507813 15.919691085815429688 15.92841339111328125 15.946227073669433594 15.960400581359863281 15.932068824768066406 15.909841537475585938 15.948250770568847656 15.935135841369628906 15.826119422912597656 15.646890640258789063 15.502442359924316406 15.482022285461425781 15.498867034912109375 15.529727935791015625 15.561558723449707031 15.592600822448730469 15.619742393493652344 15.632971763610839844 15.640954971313476563 15.634905815124511719 15.602248191833496094 15.548626899719238281 15.488011360168457031 15.431268692016601563 15.384685516357421875 15.347318649291992188 15.326310157775878906 15.340123176574707031 15.390053749084472656 15.452573776245117188 15.496007919311523438 15.501977920532226563 15.476093292236328125 15.428091049194335938 15.37339019775390625 15.333482742309570313
15.848092079162597656 15.882808685302734375 15.918770790100097656 15.94136810302734375 15.94976043701171875 15.935636520385742188 15.93444061279296875 15.973157882690429688 15.981749534606933594 15.94106292724609375 15.90245819091796875 15.856599807739257813 15.748118400573730469 15.627465248107910156 15.535801887512207031 15.513150215148925781 15.523860931396484375 15.546329498291015625 15.570977210998535156 15.607202529907226563 15.655925750732421875 15.689705848693847656 15.705989837646484375 15.697710037231445313 15.649731636047363281 15.568346023559570313 15.489558219909667969 15.431165695190429688 15.393872261047363281 15.388499259948730469 15.431351661682128906 15.505183219909667969 15.575434684753417969 15.62123870849609375 15.629673004150390625 15.601803779602050781 15.551150321960449219 15.492024421691894531 15.433431625366210938 15.386757850646972656
15.895053863525390625 15.938635826110839844 15.969659805297851563 15.973452568054199219 15.958909034729003906 15.935337066650390625 15.923087120056152344 15.9495849609375 15.98134613037109375 15.980533599853515625 15.940012931823730469 15.849912643432617188 15.732483863830566406 15.622519493103027344 15.563070297241210938 15.534106254577636719 15.538482666015625 15.547895431518554688 15.563446998596191406 15.607654571533203125 15.673748016357421875 15.715258598327636719 15.731664657592773438 15.724991798400878906 15.674813270568847656 15.581697463989257813 15.49292755126953125 15.437763214111328125 15.426118850708007813 15.468441009521484375 15.544070243835449219 15.602059364318847656 15.628093719482421875 15.654537200927734375 15.675374031066894531 15.655863761901855469 15.612093925476074219 15.562136650085449219 15.501432418823242188 15.455330848693847656
15.984083175659179688 16.008523941040039063 16.009157180786132813 15.99071502685546875 15.96041107177734375 15.927686691284179688 15.912614822387695313 15.92053985595703125 15.93981170654296875 15.959536552429199219 15.959665298461914063 15.929090499877929688 15.818509101867675781 15.6961822509765625 15.608553886413574219 15.57900238037109375 15.568348884582519531 15.563456535339355469 15.564045906066894531 15.6008758544921875 15.661558151245117188 15.707920074462890625 15.733975410461425781 15.734631538391113281 15.69573974609375 15.599172592163085938 15.495669364929199219 15.442118644714355469 15.456458091735839844 15.511920928955078125 15.562242507934570313 15.577423095703125 15.600096702575683594 15.654158592224121094 15.698637008666992188 15.703196525573730469 15.681517601013183594 15.645073890686035156 15.590285301208496094 15.542463302612304688
16.036352157592773438 16.035543441772460938 16.021249771118164063 15.993981361389160156 15.962683677673339844 15.931735038757324219 15.914492607116699219 15.909655570983886719 15.913521766662597656 15.9256439208984375 15.942669868469238281 15.947881698608398438 15.914074897766113281 15.80438995361328125 15.700268745422363281 15.647617340087890625 15.627554893493652344 15.596958160400390625 15.562766075134277344 15.572843551635742188 15.59232330322265625 15.6382293701171875 15.684321403503417969 15.703746795654296875 15.69741058349609375 15.638601303100585938 15.525890350341796875 15.448094367980957031 15.466106414794921875 15.517736434936523438 15.551744461059570313 15.578080177307128906 15.591149330139160156 15.615815162658691406 15.666150093078613281 15.708536148071289063 15.72757720947265625 15.722503662109375 15.699796676635742188 15.674229621887207031
16.028665542602539063 16.041334152221679688 16.038211822509765625 16.022066116333007813 15.999619483947753906 15.976321220397949219 15.958742141723632813 15.946267127990722656 15.938731193542480469 15.935878753662109375 15.942876815795898438 15.951340675354003906 15.942809104919433594 15.870360374450683594 15.764413833618164063 15.702251434326171875 15.677740097045898438 15.627742767333984375 15.56058502197265625 15.541195869445800781 15.526666641235351563 15.540517807006835938 15.607706069946289063 15.667417526245117188 15.674694061279296875 15.658478736877441406 15.586412429809570313 15.47265625 15.445542335510253906 15.486469268798828125 15.524730682373046875 15.564282417297363281 15.589795112609863281 15.6263427734375 15.658061981201171875 15.699061393737792969 15.739460945129394531 15.743893623352050781 15.727681159973144531 15.720982551574707031
