MapLinkProApp/griddata/temperature/ASCII/cmems_mod_glo_phy-thetao_anfc_0,083deg_P1D-m_1702458667101_130,7.asc
ncols        121
nrows        120
xllcorner    -30.041666666667
yllcorner    40.041666655981
cellsize     0.083333333333
NODATA_value  9.9692099683868690468e+36
[rows 72 to 89 of 120, columns 0 to 39 of 121]
16.270786285400390625 16.217838287353515625 16.15222930908203125 16.055149078369140625 15.918239593505859375 15.798731803894042969 15.787141799926757813 15.855349540710449219 15.918889045715332031 16.011178970336914063 15.960371017456054688 15.925733566284179688 15.916066169738769531 15.723455429077148438 15.437363624572753906 15.302353858947753906 15.193952560424804688 15.011616706848144531 14.894246101379394531 14.84708404541015625 14.859376907348632813 14.841997146606445313 14.899740219116210938 14.927593231201171875 15.027545928955078125 15.213373184204101563 15.210545539855957031 15.066681861877441406 14.99871826171875 15.178862571716308594 15.201141357421875 15.190516471862792969 15.157767295837402344 15.134360313415527344 15.113467216491699219 15.082558631896972656 15.0613250732421875 15.052099227905273438 15.046978950500488281 15.051009178161621094
16.376138687133789063 16.3329925537109375 16.293792724609375 16.2601776123046875 16.192058563232421875 16.05214691162109375 15.903179168701171875 15.805994033813476563 15.770704269409179688 15.835562705993652344 15.949947357177734375 16.031251907348632813 16.128751754760742188 16.070421218872070313 15.783465385437011719 15.520071029663085938 15.176169395446777344 14.914807319641113281 14.770982742309570313 14.746008872985839844 14.753082275390625 14.819088935852050781 14.882078170776367188 14.984517097473144531 15.146452903747558594 15.148802757263183594 15.075119972229003906 15.020113945007324219 15.243402481079101563 15.331168174743652344 15.26461029052734375 15.127881050109863281 15.062361717224121094 15.046574592590332031 15.013863563537597656 14.948250770568847656 14.909555435180664063 14.897177696228027344 14.900875091552734375 14.939827919006347656
16.495412826538085938 16.44060516357421875 16.376338958740234375 16.317676544189453125 16.25739288330078125 16.163408279418945313 16.0629425048828125 16.011014938354492188 15.973319053649902344 15.993455886840820313 16.017095565795898438 15.974905967712402344 16.120744705200195313 16.19256591796875 16.02557373046875 15.724652290344238281 15.221158027648925781 14.861205101013183594 14.720296859741210938 14.666414260864257813 14.726584434509277344 14.868325233459472656 14.943566322326660156 14.981595039367675781 14.991028785705566406 15.005680084228515625 15.0913543701171875 15.173727035522460938 15.279751777648925781 15.34415435791015625 15.224810600280761719 15.0330810546875 14.943053245544433594 14.889194488525390625 14.784661293029785156 14.609083175659179688 14.539093017578125 14.529957771301269531 14.510235786437988281 14.51816558837890625
16.618749618530273438 16.641845703125 16.591539382934570313 16.516542434692382813 16.453533172607421875 16.374324798583984375 16.277820587158203125 16.204923629760742188 16.164373397827148438 16.094564437866210938 16.150575637817382813 16.077606201171875 16.06787109375 16.185291290283203125 16.12241363525390625 15.823785781860351563 15.225452423095703125 14.837498664855957031 14.778804779052734375 14.819212913513183594 14.909356117248535156 14.923936843872070313 14.904521942138671875 14.912192344665527344 14.977309226989746094 15.065640449523925781 15.154091835021972656 15.231097221374511719 15.360510826110839844 15.334821701049804688 15.128100395202636719 14.899628639221191406 14.7142181396484375 14.505928993225097656 14.330622673034667969 14.2772064208984375 14.3104400634765625 14.361506462097167969 14.410880088806152344 14.413464546203613281
16.6737213134765625 16.720052719116210938 16.7139892578125 16.700016021728515625 16.674768447875976563 16.61251068115234375 16.517984390258789063 16.393045425415039063 16.412174224853515625 16.329183578491210938 16.301303863525390625 16.268512725830078125 16.14483642578125 16.124269485473632813 16.111667633056640625 15.879110336303710938 15.313618659973144531 14.996872901916503906 14.944216728210449219 14.946710586547851563 14.92736053466796875 14.871919631958007813 14.939068794250488281 14.987410545349121094 15.065396308898925781 15.109488487243652344 15.164881706237792969 15.2192230224609375 15.281698226928710938 15.206085205078125 14.964115142822265625 14.698044776916503906 14.451956748962402344 14.271340370178222656 14.258306503295898438 14.364693641662597656 14.441259384155273438 14.514505386352539063 14.502106666564941406 14.396488189697265625
16.618824005126953125 16.649318695068359375 16.695676803588867188 16.744808197021484375 16.780347824096679688 16.791082382202148438 16.78549957275390625 16.737062454223632813 16.761365890502929688 16.672573089599609375 16.55831146240234375 16.59358978271484375 16.389207839965820313 16.259983062744140625 16.145498275756835938 15.966439247131347656 15.471959114074707031 15.154087066650390625 15.043451309204101563 14.974125862121582031 14.966886520385742188 15.063609123229980469 15.091342926025390625 14.957196235656738281 14.97458648681640625 15.059336662292480469 15.13396453857421875 15.192830085754394531 15.232831001281738281 15.084446907043457031 14.791703224182128906 14.503168106079101563 14.3563995361328125 14.438962936401367188 14.5089569091796875 14.441212654113769531 14.382165908813476563 14.282124519348144531 14.157932281494140625 14.06725311279296875
16.766704559326171875 16.798187255859375 16.8375244140625 16.873920440673828125 16.910223007202148438 16.9539642333984375 16.99542236328125 17.025979995727539063 17.031160354614257813 16.984186172485351563 16.801332473754882813 16.8502655029296875 16.674669265747070313 16.405012130737304688 16.202554702758789063 16.03612518310546875 15.59615325927734375 15.247752189636230469 15.07871246337890625 15.005969047546386719 15.110259056091308594 15.205489158630371094 15.029200553894042969 14.889116287231445313 14.90158843994140625 14.99794769287109375 15.130458831787109375 15.168252944946289063 15.12584686279296875 14.953451156616210938 14.65655517578125 14.424580574035644531 14.408665657043457031 14.5295562744140625 14.388683319091796875 14.173363685607910156 14.189580917358398438 14.181662559509277344 14.243220329284667969 14.308726310729980469
16.678842544555664063 16.86873626708984375 16.998575210571289063 17.068037033081054688 17.085969924926757813 17.136816024780273438 17.154026031494140625 17.176137924194335938 17.214372634887695313 17.112680435180664063 16.962848663330078125 16.987628936767578125 16.926668167114257813 16.614612579345703125 16.263214111328125 16.100429534912109375 15.714630126953125 15.326266288757324219 15.081268310546875 15.024348258972167969 15.198884963989257813 15.228529930114746094 14.93955230712890625 14.946142196655273438 15.005163192749023438 15.090157508850097656 15.191861152648925781 15.155840873718261719 15.050478935241699219 14.852704048156738281 14.549618721008300781 14.350996971130371094 14.352387428283691406 14.353578567504882813 14.178408622741699219 14.124478340148925781 14.252069473266601563 14.264278411865234375 14.278295516967773438 14.26284027099609375
15.876297950744628906 16.347194671630859375 16.8051300048828125 17.07294464111328125 17.22293853759765625 17.314983367919921875 17.327358245849609375 17.3121185302734375 17.364969253540039063 17.295129776000976563 17.108369827270507813 17.111724853515625 17.109622955322265625 16.870273590087890625 16.423845291137695313 16.156648635864257813 15.889058113098144531 15.496977806091308594 15.161915779113769531 15.057435035705566406 15.176958084106445313 15.093249320983886719 14.882756233215332031 14.950471878051757813 15.06539154052734375 15.16759490966796875 15.228217124938964844 15.161446571350097656 15.019941329956054688 14.818990707397460938 14.526935577392578125 14.311270713806152344 14.294747352600097656 14.1645965576171875 13.980503082275390625 14.113015174865722656 14.276076316833496094 14.241095542907714844 14.291952133178710938 14.306072235107421875
15.101772308349609375 15.458781242370605469 16.0386810302734375 16.63518524169921875 17.080915451049804688 17.317890167236328125 17.40479278564453125 17.449649810791015625 17.47980499267578125 17.408628463745117188 17.272367477416992188 17.240108489990234375 17.31063079833984375 17.131475448608398438 16.621307373046875 16.21407318115234375 16.009883880615234375 15.640160560607910156 15.200098037719726563 14.990578651428222656 14.946741104125976563 14.815875053405761719 14.89070892333984375 15.075240135192871094 15.183123588562011719 15.270364761352539063 15.275495529174804688 15.193813323974609375 15.027017593383789063 14.835516929626464844 14.574482917785644531 14.36217498779296875 14.248290061950683594 14.010432243347167969 13.844287872314453125 14.133355140686035156 14.33286285400390625 14.349737167358398438 14.449694633483886719 14.502865791320800781
14.858389854431152344 14.983392715454101563 15.375141143798828125 16.024930953979492188 16.725027084350585938 17.160818099975585938 17.3711090087890625 17.4774017333984375 17.491941452026367188 17.437164306640625 17.36325836181640625 17.348358154296875 17.418165206909179688 17.2612762451171875 16.764402389526367188 16.290805816650390625 16.066501617431640625 15.757803916931152344 15.245960235595703125 14.884476661682128906 14.738711357116699219 14.74742889404296875 15.021592140197753906 15.216485977172851563 15.274460792541503906 15.329874992370605469 15.292677879333496094 15.200015068054199219 15.058251380920410156 14.890695571899414063 14.62982940673828125 14.398168563842773438 14.276157379150390625 13.997197151184082031 13.721276283264160156 13.958363533020019531 14.274211883544921875 14.348006248474121094 14.467967033386230469 14.587918281555175781
14.657681465148925781 14.726963043212890625 14.908476829528808594 15.351909637451171875 15.973255157470703125 16.56110382080078125 16.9521331787109375 17.1749114990234375 17.272661209106445313 17.355464935302734375 17.385631561279296875 17.347745895385742188 17.304662704467773438 17.206798553466796875 16.830003738403320313 16.327312469482421875 16.095998764038085938 15.855738639831542969 15.287008285522460938 14.828278541564941406 14.738524436950683594 14.918909072875976563 15.217302322387695313 15.345058441162109375 15.384899139404296875 15.411046981811523438 15.310406684875488281 15.222870826721191406 15.089909553527832031 14.985405921936035156 14.767919540405273438 14.511016845703125 14.397617340087890625 14.232280731201171875 13.975144386291503906 14.004796028137207031 14.331094741821289063 14.40590667724609375 14.437874794006347656 14.594952583312988281
14.439722061157226563 14.510485649108886719 14.632491111755371094 14.939748764038085938 15.411283493041992188 15.911195755004882813 16.291749954223632813 16.6361083984375 16.87169647216796875 17.076692581176757813 17.228517532348632813 17.165578842163085938 17.042299270629882813 16.995973587036132813 16.757974624633789063 16.324733734130859375 16.100498199462890625 15.924151420593261719 15.389491081237792969 14.935872077941894531 14.92955780029296875 15.161337852478027344 15.377864837646484375 15.466558456420898438 15.477866172790527344 15.45208740234375 15.307333946228027344 15.221803665161132813 15.127048492431640625 15.040144920349121094 14.899346351623535156 14.705845832824707031 14.602390289306640625 14.565911293029785156 14.361798286437988281 14.380167961120605469 14.71595001220703125 14.751412391662597656 14.647525787353515625 14.703057289123535156
14.271427154541015625 14.376687049865722656 14.562367439270019531 14.843531608581542969 15.220896720886230469 15.588487625122070313 15.892663955688476563 16.177410125732421875 16.442508697509765625 16.682582855224609375 16.883615493774414063 16.872852325439453125 16.734466552734375 16.765718460083007813 16.596876144409179688 16.26764678955078125 16.106109619140625 15.918188095092773438 15.421039581298828125 15.088167190551757813 15.116576194763183594 15.316049575805664063 15.474715232849121094 15.555871009826660156 15.512904167175292969 15.402036666870117188 15.254620552062988281 15.191806793212890625 15.12438201904296875 15.055788040161132813 14.961894035339355469 14.818208694458007813 14.77059173583984375 14.767159461975097656 14.601292610168457031 14.656754493713378906 14.921350479125976563 14.935208320617675781 14.8983306884765625 14.858478546142578125
14.445669174194335938 14.507284164428710938 14.650057792663574219 14.860135078430175781 15.150636672973632813 15.436923027038574219 15.606188774108886719 15.735768318176269531 15.908101081848144531 16.162794113159179688 16.460750579833984375 16.4890594482421875 16.313024520874023438 16.4326171875 16.414457321166992188 16.196706771850585938 16.101781845092773438 15.931302070617675781 15.479694366455078125 15.220098495483398438 15.260910987854003906 15.468372344970703125 15.588364601135253906 15.532883644104003906 15.376153945922851563 15.236444473266601563 15.120243072509765625 15.0970306396484375 15.076718330383300781 15.040362358093261719 14.989383697509765625 14.928314208984375 14.919713020324707031 14.928027153015136719 14.786792755126953125 14.749697685241699219 14.927103996276855469 14.934442520141601563 14.995935440063476563 15.040065765380859375
14.700731277465820313 14.795957565307617188 14.959210395812988281 15.130330085754394531 15.265433311462402344 15.399645805358886719 15.483547210693359375 15.499319076538085938 15.573760032653808594 15.884648323059082031 16.055295944213867188 15.990980148315429688 15.930670738220214844 16.15647125244140625 16.244024276733398438 16.137968063354492188 16.076498031616210938 15.874442100524902344 15.440839767456054688 15.347027778625488281 15.479870796203613281 15.605748176574707031 15.513976097106933594 15.346921920776367188 15.187104225158691406 15.08971405029296875 15.019525527954101563 15.04656982421875 15.095163345336914063 14.982426643371582031 14.952313423156738281 14.945837974548339844 14.980426788330078125 15.054758071899414063 14.911756515502929688 14.771940231323242188 14.879727363586425781 14.957776069641113281 15.053683280944824219 15.194395065307617188
15.109964370727539063 15.217510223388671875 15.277192115783691406 15.325985908508300781 15.360902786254882813 15.380768775939941406 15.443005561828613281 15.44165802001953125 15.577937126159667969 15.778304100036621094 15.768026351928710938 15.662096977233886719 15.83935546875 16.108476638793945313 16.18494415283203125 16.114978790283203125 16.068136215209960938 15.810494422912597656 15.469228744506835938 15.449727058410644531 15.610238075256347656 15.509950637817382813 15.3292999267578125 15.18779754638671875 15.072931289672851563 15.046884536743164063 15.068915367126464844 15.11998748779296875 15.166034698486328125 15.057704925537109375 14.959303855895996094 14.948469161987304688 14.980906486511230469 15.158809661865234375 15.029111862182617188 14.841763496398925781 14.897876739501953125 14.966713905334472656 15.074370384216308594 15.2737579345703125
15.345697402954101563 15.377470970153808594 15.405074119567871094 15.448949813842773438 15.406438827514648438 15.281351089477539063 15.356769561767578125 15.441865921020507813 15.531526565551757813 15.662339210510253906 15.657221794128417969 15.752163887023925781 15.955859184265136719 16.123813629150390625 16.153705596923828125 16.104673385620117188 15.938230514526367188 15.66542816162109375 15.494767189025878906 15.593464851379394531 15.4991302490234375 15.313114166259765625 15.168195724487304688 15.131427764892578125 15.159853935241699219 15.230626106262207031 15.2429962158203125 15.210005760192871094 15.153933525085449219 15.039429664611816406 14.951526641845703125 14.958034515380859375 15.007892608642578125 15.218222618103027344 15.136617660522460938 14.96495819091796875 14.936567306518554688 15.032613754272460938 15.226382255554199219 15.400830268859863281
